281.678655758249 282.110828489739 281.398692567232 282.117022871138 282.301298205079 282.129377496873 281.877711213141 281.754735173599 281.485300303072 282.12596608444
282.313708868934 282.587738314645 282.147058427546 282.608295752665 282.394860319287 282.36313899788 282.335132922585 282.441413611648 282.238195533609 282.054103418702
283.930069721133 283.85571804069 283.6675621958 283.944326462595 284.220518693457 284.264864191167 283.957147548429 284.009653895127 284.21510600918 284.418968597694
286.744529567354 287.227892596639 286.643342301192 287.032836138163 286.972206318896 287.224310113017 287.404240917993 287.095880695666 287.075654555886 287.166059201715
290.602225140747 290.631028382347 290.452702265905 290.54151286127 290.810778498788 290.903551338099 290.749161489562 290.565728582016 290.717212431267 290.714858703048
293.748111967864 293.800451355787 293.695323939404 293.827670860716 293.94889138829 293.904623524352 293.859388012567 293.727013114951 293.771447753603 293.746433415551
295.198179812806 295.203906847072 295.165969538368 295.275167562245 295.366311207582 295.345560862063 295.290095665029 295.129797705084 295.208065922698 295.161790830165
294.889730529027 294.913864042493 294.86067439412 295.055506511021 295.17677160372 295.0691969603 294.928793671826 294.890921543563 294.899258774193 294.905519363928
292.783122900387 293.059109975147 292.896943331726 293.092143282445 293.245731333205 293.048630686466 292.91873684653 292.932947345932 292.940516966558 292.975464681695
289.50640655942 289.735031561586 289.523791012286 289.9452634506 290.076638054054 289.933373358188 289.561412371072 289.681657995703 289.762485538814 289.693020943403
285.980829998307 286.230792224544 285.867357821979 286.2707582882 286.399001056336 286.049341023982 286.245869149039 286.12824931162 286.171121614722 286.084387853637
283.18070211047 283.195476312117 283.069398908998 283.446472762467 283.549796105228 283.301455239503 283.076826200662 283.206759153985 283.172461527804 283.238734624591
281.488297835729 281.86242164667 281.767713902864 282.157777567745 282.168278196309 281.598367095295 282.050817036096 282.259831242324 281.905040068717 281.925683042257
281.781618667398 282.376070895007 282.186776687479 282.580987473065 282.589182224673 282.161037702376 282.457589378151 282.174392422346 282.483149960178 282.195839500255
283.731950620934 283.932911489645 283.748446956485 284.386981931445 284.413877459385 284.045712215787 284.064660938217 284.253268700608 284.145269173948 283.907185475401
286.98116696977 287.249151246457 286.820729260791 287.303148489267 287.309259515036 287.087229869913 287.077266364296 287.051825006304 287.032944490036 287.030574620855
290.661111844627 290.640296326304 290.335531425714 290.853639794413 290.743547831933 290.612960129029 290.636903948253 290.359894431743 290.742334606975 290.643938704244
293.624127915691 293.802601842055 293.514023934843 294.051363321831 293.943190198393 293.827716063467 293.79068294088 293.757950351932 293.735882433147 293.785950645172
295.082205482666 295.237477732637 295.022555880888 295.58438373222 295.402938469792 295.247781394258 295.257741693447 295.154073000277 295.257327594547 295.196640724938
294.707044486355 294.926029382558 294.82248947056 295.205910389899 295.204998952387 294.888335677279 294.866789064661 294.947937092291 294.987512176649 294.833207188847
292.629208700051 292.859356445938 292.8673081728 293.24637248627 293.214817868826 292.928899403497 292.891403929159 293.067070274701 293.201082298811 292.803054855679
289.281195635589 289.70189426455 289.575050210469 289.864665337779 289.947159701575 289.608257180366 289.688249971023 289.660229627897 289.691432807463 289.621466142519
285.770152601385 286.007665800863 286.135556857288 286.181879157502 286.307046190851 285.951749835623 286.115463991939 286.214473749097 286.267184220463 286.159895403852
282.836485868953 283.390545725346 282.994083167139 283.431100329717 283.3005009573 283.254865779242 283.34129676657 283.350998785175 283.034679347445 283.040574864759
281.593374942218 281.967167028895 281.79421486833 281.945050360917 282.018484158911 281.965343811469 281.833026878978 281.912736566179 281.943835023011 282.064459841412
282.029315818442 282.243823557316 282.168000333638 282.437675413398 282.333281688203 281.869064338601 282.616778673385 282.257803105998 282.491709084484 282.440479802536
284.003359058445 283.745615687575 284.195986295071 284.634126021882 284.085134135232 284.499289401874 284.174678978822 284.306261469577 283.845318607645 284.225653451402
286.841280798517 286.835140761685 287.108355928052 287.669499034538 286.956974584155 287.243027704958 287.094111271499 286.96268686708 287.007424330874 286.851868774285
290.670106786925 290.486135580258 290.738359508359 290.955505770116 290.733233754438 290.597693865999 290.619847404536 290.664917082157 290.736453957016 290.6060109587
293.472325631088 293.705589274398 293.764102413003 294.002784178488 293.822650926783 293.819012006178 293.890294493125 293.800195847782 293.929988302633 293.865940208013
295.158011674449 295.09370603385 295.214341534068 295.503894985055 295.213557083438 295.297144741207 295.275992615005 295.196502342644 295.301975047765 295.231080386785
294.847819748669 294.770549412379 294.933369439657 295.15235616612 294.916868548169 294.986711290278 295.016731335428 294.88787858967 294.998809621754 294.962650335115
292.752810767105 292.793484073163 292.975855588166 293.196278916304 292.9548029326 292.994259454321 293.084723474557 292.966637645676 292.961274646507 292.964993503115
289.244726151633 289.41297307666 289.585065805111 289.828925398216 289.60908794074 289.663884527119 289.781982552968 289.652130221692 289.639251410912 289.660826225952
285.933894869592 286.141845238654 286.076063567348 286.459191608191 286.050922974448 285.948173814896 286.366063218086 285.958142997946 285.95215100976 286.114834791295
282.905064578713 283.019380617113 283.257074420161 283.595647453753 283.186489659478 283.172679817907 283.537792250716 283.188915769787 282.992859061863 283.527493032966
281.564657141073 281.906786150472 281.904673562994 282.104737484225 281.781124947756 281.743065737381 282.037162372784 281.671157240438 281.902992532758 281.908873430351
282.104619071423 282.117434478664 282.214396147687 282.372666842592 281.9065002959 282.114102825311 282.600950212713 282.029917137054 282.030510975235 282.276003257003
283.951788459964 283.824149141891 283.911738476624 284.333884011704 284.251079313891 283.845207972482 284.155086017106 283.911809145234 283.935813926544 283.820960032318
286.81846047063 287.001718250981 287.041809360807 287.35174034078 287.083695440488 287.018199928267 287.187547624707 286.66666170058 287.040642352596 287.040152999876
290.547922249839 290.634866247902 290.764270107419 290.753853679574 290.802620967723 290.466493399105 290.789437260671 290.559833034475 290.523859955142 290.745688848092
293.848739095551 293.78609611238 293.862495879399 293.95629983993 293.971490836377 293.816421893555 293.856801054838 293.675303302621 293.724681224658 293.928743950893
295.098248791131 295.170795897768 295.210617646291 295.345388607004 295.262720327813 295.292421563112 295.226198535632 295.108499645969 295.083202856622 295.336175832768
294.813765031421 294.781991405427 294.967698447281 295.061229127608 295.053662673022 294.840587409759 295.00787165736 294.823641682754 294.749206742176 294.985310503002
292.839535899565 292.942633567955 293.055849991761 293.150963899202 293.231175988155 292.926362042868 293.008044691107 292.85901902707 292.792109464808 292.979144243285
289.361711362052 289.671405267656 289.696942739001 289.891540745928 289.86583703791 289.543379575336 289.799517788007 289.67698372428 289.594159743964 289.597712150609
285.94335956445 286.032981174736 286.045331172333 286.089525138227 286.318640267351 286.000787499529 286.274567595339 286.02436746765 285.942662140525 285.90467879102
283.181954846441 283.109896985171 283.102428891179 283.255576679653 283.618005696654 283.019635608464 283.520132700041 283.156460424514 282.893270677688 283.038016416575
281.913951792568 281.897299239069 281.744060432596 282.079231798105 282.046870974501 281.601206506163 282.397223021374 281.844235523106 281.67482366907 281.722078176793
282.19247558803 282.51457850521 282.437419011789 282.575535460502 282.357779840251 282.02943599548 282.347421066678 282.128495590573 281.833772752985 281.932499224952
284.122035212592 283.723331329025 284.027337302489 284.213452856666 284.294653484573 283.678207098846 284.181569913294 283.905055823462 283.856421784357 283.645929260806
286.784490586385 286.640878256874 287.225608584199 287.371111138542 287.335183182481 286.814500670765 287.319130734603 287.051680984461 286.8682383978 286.679354819718
290.811642318962 290.479197645079 290.646936202705 290.797980012789 290.963185716833 290.436185643739 290.832314363806 290.496219538706 290.451166358239 290.645249692337
293.933223239066 293.576521324662 293.819062569039 293.876506218301 294.044092789244 293.547081821411 293.878786688783 293.588234934533 293.717825209128 293.849626652045
295.349366715951 295.18730872532 295.181626186163 295.329033972747 295.351441604759 295.105005982161 295.253294252932 295.077169030765 295.018667524305 295.226286393384
294.988741162073 294.911290396239 294.836604048215 294.890083054082 295.012304180603 294.850384212166 294.924947792541 294.8187430707 294.772086587648 294.945693953904
292.976682044151 292.92369758891 292.948852100294 293.049379229294 293.147814748175 292.865321477256 292.960606958966 292.911542482881 292.771230152744 292.936125592476
289.622145136073 289.627530222316 289.445880889097 289.959744360568 290.000645537496 289.598796120712 289.824940451927 289.687518322054 289.497517964887 289.519519899121
285.912680164336 286.181523133397 285.776293416549 286.204860148145 286.251069997568 285.935641005935 286.317939790251 286.279245367015 285.816161231944 285.804142803852
283.05720179116 283.175773432182 282.973310129632 283.153343512507 283.375450989868 283.1492605409 283.279403309939 283.182281424282 283.324549834938 283.068987428781
281.778085757341 281.99978200967 281.765056532068 282.083392231796 281.977467781 282.025188623177 281.804743544055 281.970973871904 281.750599450986 281.622426065271
282.153519158177 282.515545717918 282.066840048495 282.619080395774 282.733435439264 282.26914272727 282.181278965677 282.911196800598 281.768609383352 282.367907192514
283.9096606652 284.208328295227 283.951873334201 284.147131332441 284.202520037451 284.247569685086 283.798272268484 284.236650221774 284.05477650294 283.866136015663
286.764858664529 286.849948561796 286.887994336853 287.0301414279 287.15227003943 287.103730269579 286.89799471919 287.154187749381 287.441391411862 286.892994211629
290.522478849773 290.610172766556 290.50757935142 290.69458412249 290.86971626963 290.711135188402 290.614930558174 290.983995392419 290.626413460805 290.720532183359
293.890423359347 293.68577083315 293.573144955785 293.765748842623 293.971473627549 293.788267703474 293.824032147796 293.962731592327 294.036216785873 293.95843283777
295.210436155413 295.119576838339 294.985589413262 295.157861313714 295.406241889928 295.329605735537 295.242483810053 295.312052293828 295.306817889331 295.354668496288
294.827469485063 294.903926821465 294.833500826351 294.860695315734 295.149945899481 294.966087039876 294.947820654195 295.015074295722 295.066681961981 295.02730113278
292.901707236869 292.970046194359 292.725348532659 293.139373794477 293.246992944931 292.969358529021 292.841996414763 293.159556398393 293.214910561825 293.210474665121
289.517050529654 289.824568475524 289.412977962372 289.831950401277 289.991283954162 289.828737756537 289.42778913136 289.893535767089 289.883461322702 289.9213988398
285.618357916637 285.86309070253 285.93375818794 286.246828713472 286.458042404445 286.245303092558 285.855196450031 286.341013434647 286.205461840243 286.25868928953
282.722525759155 283.404276001228 283.071953925735 283.417313655073 283.37376480647 283.182861168717 282.862737621165 283.423506025282 283.211076729197 283.359935025143
281.774092764386 281.986956508681 281.503432616855 282.072311059517 282.437592009197 282.048886199916 281.671302057737 282.079841032032 282.085405264675 282.09046575842
281.91103724115 282.529031008762 282.061861723914 282.611486363307 282.789317336199 282.44061115085 282.142383355329 282.556538709122 282.287232199406 282.458764990489
284.034345010599 284.242613254157 283.833414386983 284.164497255175 284.562199901411 284.314618771847 283.811016110913 284.071508732285 283.808642897226 283.870741918783
287.268656465872 287.171986752728 286.938487530933 287.371616414968 287.554269354772 287.177213648241 286.847307848704 287.036883432132 287.212372073182 287.205294179565
290.691992984585 290.723582211895 290.636142859295 290.691470649353 290.975948047629 290.963286655585 290.377045525208 290.912856431752 290.656528455823 290.896421184458
293.71426008788 293.858449992371 293.658639088285 293.783205675052 293.938930345974 294.066354876911 293.700310202761 294.11052282525 293.891093202964 293.937186531197
295.141153510414 295.200875300734 295.21708468055 295.140505663318 295.308484267218 295.45449358638 295.133750590689 295.521800417881 295.337292865222 295.319533996442
294.768937672316 294.771779409066 294.985226960861 294.867907990714 295.034247076312 295.025500847057 294.875477860564 295.198849174536 294.944299205493 294.940559022381
292.886837247103 292.976312960849 292.985783415353 292.880454021985 293.093276600916 293.168756724247 292.986324002653 293.148215337979 292.94763051161 292.962884603582
289.469565463682 289.703735753132 289.740622977892 289.630502970014 289.886957934091 289.896567177052 289.574936009181 289.647938042354 289.72785181388 289.499675558219
285.881586448309 285.987034672492 286.132960822926 286.130889848798 286.146346924598 286.256911647771 285.959207566519 286.349576785622 285.896065047038 286.07744429119
283.085323410055 282.908739484606 283.290479099046 283.017546970741 283.596692803706 283.384441131255 283.096371654998 283.649197998884 283.330299351695 283.095184201824
281.883132184806 282.115890415258 281.901155880153 281.624288581396 282.257360937155 282.146117455337 281.830342110248 282.454548101465 282.077698462593 281.605324036116
282.304484197201 282.463656829704 281.907327053669 282.162134743977 282.303112266879 282.399682484189 282.173006755138 282.446493891443 282.3031806391 282.092164395612
284.066064022382 283.894099809264 284.248632993398 283.843651337693 284.344648177015 284.156962359201 283.989001771959 284.261292603748 283.874593464091 283.792599541576
287.049860067743 287.020581733741 287.252967945084 287.185619601301 287.179334280591 287.194720177798 286.650303728391 287.280906941971 287.07067004978 286.993770353493
290.497385726693 290.650614256061 290.663164221162 290.557410880449 290.615471479584 290.682167481525 290.471578292608 290.669828559215 290.475503264614 290.539628970588
293.775837268797 293.728802476998 293.779499786075 293.715268912608 293.734064014124 293.777353164138 293.706626748941 293.993322391456 293.745435869102 293.761602522833
295.233474976472 295.158194317343 295.311182106368 295.028382970977 295.219971622061 295.152834961064 295.131299554305 295.382931043219 295.186353250654 295.122592599944
294.898692586409 294.900596862466 295.029319994336 294.662244556211 294.960441614204 294.780658898813 294.823786697236 294.957644650649 294.830978628263 294.783377429207
292.938676657783 293.037768892141 292.992631178003 292.815837000164 293.043350666274 292.897218253027 292.899318824828 293.053857359614 292.774457874743 292.83250227165
289.792058880189 289.877639629509 289.861954707312 289.586282041561 289.567076885352 289.606665032647 289.60337332173 289.712426708075 289.402234952227 289.556895840128
286.164013791719 286.295159352237 286.180847363246 285.784466768392 285.895670864042 285.710315101007 286.120073546831 286.210280773208 286.014074561053 286.086203572889
283.17109983511 283.255749730994 283.186456908982 283.100738156303 283.278311073287 282.966584104699 283.018672125529 283.03049020871 283.230995702344 283.251557375723
281.979076405724 282.154917062491 282.118114851649 281.566799970861 281.665341089463 281.490909994159 281.966270033673 281.935048038299 281.677002765593 281.714238420027
282.098544379187 282.720279288733 282.299302426593 281.994551117872 282.613335884575 281.804041139193 282.235608011015 282.051246610008 282.394769886408 282.51980299904
284.051839329659 284.250559304907 284.247434546896 283.789235552288 284.23439435969 283.539443649682 284.106700787259 284.270660363894 283.73055120226 284.05810860103
286.983915022587 287.083877498044 287.25303880022 286.924729643825 286.94808325056 286.599457167618 286.810346745046 286.930578151383 286.97435576254 287.156814016561
290.922883890168 290.567382270527 290.758685057968 290.463830966857 290.750052123634 290.428557535992 290.565526348714 290.723701402615 290.481687396281 290.685088970908
293.878402715377 293.820544398648 293.776734427038 293.647638060246 293.692835268607 293.647289503028 293.742537918168 293.823731852227 293.789333121781 293.703310534562
295.257627209036 295.261038134398 295.239171946567 295.149753608792 295.267279034802 295.099410120836 295.266734040566 295.232452071853 295.310541511854 295.201664452916
294.927015564395 294.964324169801 294.911384071915 294.731261510176 294.878683443342 294.761266109071 294.867588340572 294.788052413073 295.059096670367 294.900309937527
293.001447793551 292.971841850166 292.967868071046 292.777534592264 293.085171322665 292.851340958398 292.992832623652 292.77682719031 293.10347126847 292.903672806833
289.812525933662 289.806273140813 289.783690161124 289.487722761888 289.730574465961 289.662335951871 289.611866375788 289.59222645575 289.648681961872 289.708979225034
286.11410368075 286.182738474612 286.13234513293 285.756401106683 286.286471276785 285.949417357035 286.013100227812 285.75983494552 286.289461203387 286.126301586138
283.138986298137 283.327966164136 283.281513232219 282.968165257977 283.605784765631 283.169554288981 282.824904762159 283.03554814721 283.029038067387 283.421526325198
281.896967009078 282.029945482593 281.904505807689 281.800253037081 282.625969851602 281.719805658672 282.137904875136 281.645230646514 281.862008403561 281.846878230482
282.115667731653 282.137782572581 282.338979685201 282.50580077271 282.964645729556 282.048114203569 282.455414114992 282.13944982054 282.572826582254 282.291356193471
283.922658956431 283.776873933082 283.893139837262 283.937512887798 284.6665592696 284.089921889576 284.388747149435 283.751729174136 284.338714509356 284.122303765465
286.964819280919 286.910539236602 286.97855489217 286.969369229722 287.64919354563 287.05184124628 287.121656728856 286.761179719902 287.285334329119 287.048691253442
290.67216913406 290.699354290522 290.834495886141 290.936730999665 290.880665015307 290.600290420505 290.774658738113 290.614414368475 290.618240449567 290.614801577851
293.897799828396 293.661443103974 293.902786425155 294.022579691987 293.972555417687 293.809479173316 293.977728458294 293.601113392798 293.883792735848 293.780215589392
295.350273719093 295.033142412469 295.279073281048 295.459689679407 295.402465566557 295.303191672904 295.368937511423 295.044840220123 295.325801793069 295.358853180708
294.896116831461 294.783065801222 294.89764984365 295.120653349324 295.136130129727 294.972421675521 294.887172261348 294.667740839775 294.984360006915 294.986065975282
293.032236389536 292.859448510272 293.026231079146 293.302272822539 293.151994639972 292.985431334849 293.074428133591 292.810444161825 293.01439497953 293.05877413292
289.848861566154 289.607055929146 289.818233377453 290.013342479351 290.055135724552 289.672294684715 289.697710001155 289.595718778191 289.763580080262 289.889903408017
286.112084793437 285.853147176719 285.931055872503 286.376812556709 286.54126640683 285.877388529708 285.858789132646 285.857104176182 286.295602554989 286.218904849355
282.976492794434 282.882870988276 283.302048817359 283.554129191624 283.385505786349 283.023025125801 282.91223571783 283.05186356327 283.38821866375 283.049155439543
281.639357170918 281.600217983372 281.923442212098 282.151641812302 282.375898701985 281.757297376477 281.899194519048 281.627019116899 281.839487744837 281.809796632824
282.253994701501 282.11128355596 282.609091969314 282.577320616789 282.544066945196 282.335302658792 282.652173189581 282.07791673355 282.450376882545 282.319643541878
283.650418704124 283.93003071462 284.151869112923 284.329951934005 284.19482612254 284.319698708006 283.958262037063 283.89834033532 284.206849702325 284.110059369286
287.068929674474 287.01889597148 287.115842517874 287.151888906642 287.309177487462 287.152207876161 286.781029185766 286.76225305801 287.221306000967 287.136305309673
290.804027118531 290.548793047295 290.596428674052 290.804339668611 290.919625634337 290.519384198148 290.739115030087 290.590060772985 290.630614380443 290.777576192053
293.75482169871 293.831812082864 293.791526438606 293.973467211434 294.077845303511 293.616068917562 293.784937351414 293.54941334774 293.845108830067 293.937910221939
295.228390673004 295.265806708105 295.128099866974 295.433720796172 295.371575585243 295.158753561626 295.145052042001 295.092682877706 295.349166538947 295.349042537435
294.885049746212 295.077231143178 294.822665424917 295.208732040176 295.095207315261 294.91697965344 294.846501707061 294.718566222806 295.024176406076 295.013261646763
292.799648740332 293.079007884498 293.085020849201 293.198217586581 293.209792424521 293.054250049941 293.044074230403 292.827134134431 293.033496202992 293.101027808568
289.690924800129 289.762464761982 289.859588806541 289.859585010925 289.929414858327 289.693293070606 289.645751695574 289.370986842143 289.651789692665 289.734544036824
286.18007261338 285.99901705021 286.103622547065 286.524676950499 286.136637008137 286.057013039999 286.215043052024 285.701405199154 286.082819148998 286.127179387353
283.120312994047 283.629820838637 283.338120836866 283.494324325857 283.323444215217 283.148042173589 283.29702154711 282.758669401391 283.27623767081 283.349324736079
281.597526911666 282.079873084551 281.938082066368 282.177940489001 282.029116919508 281.990947191822 281.567687207849 281.533244795897 282.138002843428 281.955513978163
282.257968830486 282.575500010505 282.316840936503 282.689444250228 282.591268819885 282.190830434222 282.403195615976 282.028208630792 282.691865168483 282.458175127729
284.041300916504 284.234382883143 284.367500927286 284.360611042794 284.299323916372 283.721037740702 283.977746431574 283.985733053384 284.373260137037 284.175457760048
287.209224343721 287.600569205192 287.206803710295 287.292621585939 287.17550187414 287.006299960529 286.910326253582 286.750304468752 287.322886925911 287.187776932674
290.685043961594 290.937417749577 291.063926485385 290.864006169131 290.676368083115 290.76362596575 290.62798590504 290.452614177683 290.946065145519 290.805828720975
293.72362176492 294.044871533318 293.844113101276 293.921592968359 293.86646874479 293.953714732974 293.918453156368 293.611226783219 293.918376880856 293.95074123501
295.009963216136 295.42248188882 295.227845441562 295.305276972415 295.334476696003 295.365125203129 295.297170588877 295.067709493612 295.492156316209 295.413539813652
294.630190174896 295.086520567902 294.918941187901 294.933326174262 294.904944188749 295.092247594069 295.012635931842 294.796262163376 295.128305907309 295.011720500499
292.763189387077 293.127684946959 292.961754627938 293.018294338896 293.063899170258 293.074792725515 293.139689138398 292.872063570767 293.214782429127 293.086802371997
289.450890933717 289.881320114331 289.766429795755 289.828521423219 289.719430697323 289.880998159383 289.814971259714 289.59925163433 289.920269888099 290.007502487148
285.931784960161 286.315762901291 285.893782249103 286.062178348758 285.993351327021 286.355751064594 285.994600859054 285.991092068138 286.282959416759 286.317715531095
283.14481428738 283.544041814714 283.085548941628 283.368545669036 283.397619020684 283.432737132508 283.288278463134 283.162641297581 283.275281734743 283.334548658889
281.973056044291 282.15931353143 281.656668856915 281.991432274957 282.221821126065 282.137085380698 281.855843759086 281.652718944564 281.998178144686 281.959167958027
282.375070923589 282.576083374988 282.515114771769 282.42537562217 282.502693789478 282.118248623639 282.3915764735 281.989421129773 282.22016647443 282.711247261144
284.147192390782 284.314224606277 284.107315060138 283.964520235798 283.803393203736 284.300115953493 284.220879081296 284.046268888943 284.208954698352 284.413231464586
287.081059402517 287.090455149324 287.312582079265 286.983568245751 286.948008461071 287.226153634749 287.232983959812 287.014304020617 287.041216727641 287.004517008126
290.744593187974 290.712360675652 290.752397402265 290.617744481684 290.762003347401 290.92442874478 290.6808579556 290.65726553001 290.668883646139 290.777534236383
293.873564178497 293.875332046822 293.755113845107 293.963770348859 293.759766403413 293.924922412043 293.952106522697 293.626609613063 293.850801366878 293.906935921895
295.209447706851 295.322371759248 295.162676073795 295.308690139775 295.262185819895 295.363179490071 295.204625043803 295.273366004527 295.22096664132 295.358935580152
294.97755026246 295.083474169559 294.863114845611 295.027258673431 294.983608567477 295.012728964383 294.953354699337 294.914853602768 294.845780699285 294.983966836424
293.113608560937 292.951585147984 292.943513011279 293.214141904926 292.987143702065 293.044017782585 292.867214249729 292.958076054653 292.838633908197 293.059473929931
289.84690978467 289.621384087818 289.66212455766 289.886470295037 289.846343171023 289.654117366626 289.39731451664 289.635475907264 289.572310995812 289.789854317781
286.153075080345 286.185424869143 286.400111645433 286.264531436395 286.398681575384 286.115138959139 285.917010535508 286.149042890893 285.867813612008 286.343168289903
283.345462417629 283.380308657276 283.526496606995 283.358252319767 283.348241972473 283.181332062627 283.075043312353 283.281472636827 283.099166712924 283.136833277617
282.010483576211 282.109111095784 282.085274370608 282.134591909311 281.93482662208 282.266386857068 281.696827752173 282.122048599764 281.867590319664 281.623934148152
282.444012489207 282.235794333968 282.712132873792 282.893522437421 282.231732671207 282.683316723395 282.495763169128 282.460146049916 282.051260733514 282.104191745521
284.187589563699 284.032776006094 284.108318289732 284.406339187424 284.154969770163 284.222872485209 284.120497587681 284.137591803953 284.13126205954 284.125786096087
287.245983728623 287.181687374081 287.216015920512 287.466914291782 287.184239511299 287.38551410907 286.959491967327 286.961674261079 286.821043594241 287.062150855642
290.967255026595 290.900805350497 290.872491460904 291.013515410957 290.873813715443 290.837677909486 290.655845387016 290.701589643229 290.475859288372 290.607440520708
293.949214175501 293.808389064577 293.865392056749 294.023144484223 294.07126431067 293.970690837028 293.759997453391 293.782869543827 293.677056521833 293.839866049933
295.493128758119 295.317536344119 295.438159533096 295.410999275832 295.407831341108 295.320135578038 295.253723297237 295.208104689965 295.126376697685 295.250292215947
295.043440475338 294.948430141386 295.037696285769 295.182079888545 295.071211874534 295.069341989565 294.854996937352 294.896730031863 294.881905300439 294.95358106997
293.212501511366 293.011638471553 293.144220709027 293.345928863924 293.182091098405 293.074801961237 292.874119178379 292.827002591911 292.956232347999 293.00263012227
289.837310796286 289.819511265112 289.836689786755 290.072258648551 289.939404108778 289.875112564206 289.640889157909 289.590270943921 289.569831940757 289.744007770661
286.269828221065 285.790371063996 286.287245983534 286.457649447909 286.28842928863 286.256178904775 285.96290612336 286.064920105645 285.787298501751 286.067498760145
283.548035464338 283.206102559928 283.461336210527 283.541763972 283.391692625081 283.126222304053 283.162774308405 283.249628922025 283.068191112513 283.288027382242
282.061473678413 281.758015048819 282.167658949437 282.288968046622 282.101692145506 281.679786125274 281.760352057305 281.789224166064 281.635599270528 281.68874303866
282.690277915715 282.13481708716 282.581668142534 282.864374797311 282.395362216703 282.221154096843 282.096498935284 282.015633190757 281.995439837404 282.436660717334
284.330375763712 284.148858610567 284.308454642787 284.512573640505 284.354943304089 284.328805207058 283.972873815739 283.66202375846 283.8032251678 284.033366336102
287.20373960994 287.182699119327 287.187847456308 287.820818512877 287.096751282264 286.967629820529 286.946043891452 286.760836557626 286.96559314474 286.841193109443
290.885611551173 290.599639143303 290.866617640442 291.149598588429 290.798105534743 290.60587621435 290.633618417428 290.449840845694 290.492732099934 290.587994045321
294.123399283108 293.668485220493 294.14315195955 294.225826885118 293.927462432424 293.804796758398 293.721203855528 293.568382531329 293.656187850699 293.70365844571
295.650172918688 295.067038738247 295.412975578469 295.781382930248 295.422278530123 295.260902479504 295.082907056538 295.071881202434 295.10328008824 295.203252559473
295.220328780688 294.915840257147 295.137900603862 295.495650674975 295.173188139279 294.958724582571 294.834202449313 294.745526845125 294.778861856543 294.936475568314
293.479678746247 293.073855792346 293.172361560681 293.559212377072 293.320600500712 292.954062954626 292.878985379163 292.851642949512 292.917169493553 293.020812371091
290.164247597808 289.743495600585 289.951308012984 290.552193101219 290.006867474554 289.679918418095 289.541505263694 289.728905611334 289.699499068592 289.760850407486
286.447021151521 286.059329268711 286.08518991299 286.746918702474 286.476749458033 285.932839671343 285.890357552763 285.908057544723 286.061110967379 286.007631207768
283.551742700414 283.455135210729 283.338826271225 283.904950632953 283.555004687573 283.242155261664 283.207536730109 283.21325014058 283.109422667913 283.37564958289
282.300651231783 281.902265836669 282.250103697669 282.564052970103 282.242710199787 281.777040595936 281.81424107715 281.908799470773 281.664611157517 282.238640279364
282.51938372154 282.253936354469 282.63976898904 282.986763342472 282.940471641134 282.517850560154 282.554000592461 282.259719920424 281.880143332351 282.490478010217
284.434201040906 283.740631636006 284.32535448918 284.822636747995 284.412484170231 284.125361697672 284.112439202233 283.552858804026 284.115455908023 284.374624729534
287.614601303718 286.872878052284 287.374149261953 287.738950648821 287.080271893291 287.181784293468 286.989054337789 286.64068073173 286.979813318697 287.421187639774
291.131788172979 290.595014834791 290.937939773276 291.341205417719 290.988615304523 290.721354913446 290.613918970487 290.458125752483 290.526538386127 291.097107313271
294.235705225073 293.821661125001 294.088866304982 294.417075657893 293.868770351067 293.831083747348 293.630862421815 293.760218450504 293.637644639735 294.020257611812
295.685934110105 295.324713690183 295.552602269658 295.727677099319 295.377791817975 295.126223492395 295.169847991512 295.182406511071 295.139792746139 295.422004287682
295.315544913212 295.003434815233 295.201935558059 295.305184298002 295.107523845372 294.900186073562 295.020338368936 294.867784060549 294.838748909691 295.175252530283
293.290567901019 293.078264343629 293.199889274651 293.340825964626 293.148335404128 292.92762243563 292.998782910489 292.884746487536 292.944791619059 293.162643564671
290.159780101096 289.975567706571 290.10884542777 290.105600675917 289.750621456237 289.757580747934 289.687408399694 289.639522972625 289.660712643222 289.866683036974
286.6087304134 286.247379172715 286.501155751043 286.466605283137 286.127375337974 285.98663803047 286.05248601402 286.116213900625 286.10470266832 286.271782280199
283.51926242621 283.440304350007 283.411018188204 283.525009700973 283.453729595143 283.254819684532 283.266894369041 283.122364566489 283.146623928002 283.54020676002
281.937614152314 282.007982559029 282.383036530851 282.167911799944 281.979084984276 281.764840020315 282.185631745623 281.758140354338 282.185262062546 282.103194919692
282.215365787587 282.915079668167 282.507454776028 282.688008395149 282.761271816811 282.383839261022 282.041979019165 282.023814290229 282.272785265699 282.423167056556
283.896112862655 284.916462204297 284.183742833017 284.34605717184 284.406410315351 284.064526729595 283.907274636911 283.837041812639 284.041266986277 284.395431195382
287.10376175208 287.550772168254 287.248627356056 287.372806636818 287.194904110424 287.030910127741 287.175107945663 286.894928561068 286.874258048482 286.934581112077
290.744716675743 290.88893440199 290.875609038159 290.905122558369 290.849414403131 290.45896690787 290.765973875809 290.580754300603 290.674213378652 290.765825225076
293.73256038793 294.076349828703 293.944133583249 293.922183837881 293.961063999935 293.798094461984 293.83179121727 293.682613019987 293.831104034832 293.778551294361
295.046783596472 295.450546995457 295.250793079209 295.342256267644 295.332302378612 295.18864146936 295.292615857144 295.235744049039 295.309578584008 295.417520198408
294.716682261416 295.169452503337 294.948954762409 295.031989403866 295.011740199787 294.832530906872 295.019879450054 294.834861987782 295.035458334148 295.142232076769
292.741254499065 293.270861981371 293.077529938293 293.060340490519 293.119115200057 293.017661706379 293.036842118885 292.886099233032 293.098584951244 293.221467091638
289.37979203547 290.045894844631 289.772053975091 290.046349426388 289.805039392604 289.701925962018 289.951199900641 289.442222103593 289.993199445954 289.938865023631
285.827882549328 286.550191652604 286.138450435047 286.213896705732 286.294615445579 285.879409620433 286.04585758597 285.842433448714 286.135390337685 286.292975714134
283.104640695864 283.697188968485 283.291076152214 283.447480921218 283.307295075873 283.425744641994 283.2203034527 283.116783464623 283.288882427679 283.476664608192
281.441051361463 282.104536985735 281.869078615048 282.081585369803 281.712465990427 281.887741214127 282.128472600216 281.553005712861 282.102199758181 282.079964800235
282.229343732128 282.582412919518 282.622716944909 282.013113827426 282.21362499331 282.169092030702 282.189942728244 282.027290954179 282.526555139576 282.445694245105
283.863573781848 284.188491427325 284.372352521731 284.099488431585 284.038032164999 284.017437390952 284.354700345672 283.764031474493 284.04199390746 284.519831349665
286.726230260223 287.521967747695 287.280259255048 287.422546702607 286.967497646403 286.970468800142 287.477945684528 286.729970211256 287.029437460193 287.408151167958
290.443350324813 290.787975722997 290.914129739293 290.802336229306 290.610481348292 290.898093461879 290.86407432349 290.513563612788 290.747049658786 290.800676561952
293.453740504413 294.041718920798 293.896613601622 293.703711387459 293.979077321465 293.796521896292 294.061502375426 293.618346458104 293.888135699282 294.016951880938
294.827687007534 295.414937502567 295.26855870172 295.229820256795 295.424931608444 295.324818295655 295.340061278545 295.119001463743 295.257156089443 295.434508344328
294.602822479836 295.112428487137 294.96286242613 294.860727540281 295.122166856653 294.96760804566 294.977222003279 294.807108106694 294.956942877404 295.194735304244
292.754920227418 293.027324353775 292.961246785739 292.902424937308 293.172313085315 293.045203671565 292.998062282127 292.852825831202 293.041987736615 293.367931788826
289.419631916593 289.802213513155 289.71434499602 289.646050473707 289.775894862007 289.877410663531 289.748714560244 289.61522368645 289.71330057166 290.147919381399
285.828656595086 286.259459330294 286.319670602451 286.143316939439 286.024972315891 286.109159590486 286.0567850745 285.93689476397 285.980336749428 286.64718293081
283.096027747964 283.462121266778 283.33681146302 283.463345569873 283.529285493616 283.350702066604 283.327718622293 283.339945800723 283.419189470148 283.711430277653
281.476597615604 281.863675036798 282.443935690612 281.834021963985 282.377890320205 282.131768055215 281.886473868921 281.829857899956 282.088249471865 282.118056629418
281.992461290005 282.659171376903 282.51460140451 282.306785477473 282.562769601199 282.661638188929 282.454793269443 282.20852217605 282.38129831169 282.793892676398
283.729385416612 284.331526570582 284.265472001014 283.946214385525 284.157268042489 284.528112689407 283.90542975802 283.86728654543 284.040169903645 284.770190047635
286.842051412784 287.175233476699 287.14619905782 287.008742976029 287.410505020386 287.419819213013 286.954420863463 287.313882859685 286.79079483975 287.409233058656
290.399762922287 290.85569651069 290.894128163621 290.605875353079 290.939499104518 290.930853731391 290.573448144977 290.645345209833 290.714638737938 290.948120075836
293.545897497915 293.900482577688 294.035802517497 293.670105224406 293.954170095977 293.961302195787 293.600738336245 293.833473937565 293.781129058794 294.043746187855
294.998905965516 295.283586256864 295.342559967084 295.143503465096 295.418369969508 295.348213567178 295.154651703032 295.216305020388 295.244973994123 295.466604008881
294.72527523814 294.924042255152 294.979685242003 294.901538943989 295.109561261178 294.987323927794 294.856826453162 294.947919624465 294.857814737442 295.057083616309
292.785639919275 293.020077584252 293.085213861298 292.990936641343 293.179655913071 292.924922415703 293.018601986035 292.890830033611 292.917585605251 293.102163238355
289.634642620672 289.712775733484 290.014322640012 289.741744948003 289.864053111474 289.896432296615 289.769901749057 289.66952184709 289.747725183017 289.821301635875
286.105259581603 286.241232225532 286.477139858961 286.225865804029 286.193891076116 286.222579228079 286.051198249557 285.939563297223 285.933536054839 286.206679420805
282.888821799018 283.454644588632 283.973809131279 283.507365847242 283.58086630577 283.678908657713 283.248745639588 282.912988675471 282.995472458348 283.552988160395
281.368691853964 281.70732155611 282.255349841908 282.034044380332 282.024785263791 281.903224496235 281.914373486516 281.662932285871 281.843856062068 282.027931758147
281.815278787115 282.056324252233 282.792911285584 282.494530294992 282.347867231409 282.451100229211 282.463789300083 282.256655479469 282.118164344389 282.666053030128
284.043633516801 284.268875461023 284.316798392196 284.403502029452 284.639485729509 284.187352731115 284.156580917163 284.168359192549 283.769124361926 284.083971189481
286.975889183076 287.045294546677 287.154974018129 287.100699321298 287.266559399885 287.17814906333 287.084549031816 287.090088788049 286.598958446956 287.537262224132
290.422502832734 290.543795854498 290.769139824463 290.704648092906 290.731031777478 290.887938905452 290.659466795722 290.464360179556 290.529124040664 290.930387404567
293.660135985816 293.67937036123 293.767097291147 293.825479595592 293.874426372925 293.83025363922 293.837052281899 293.781653583016 293.615489278923 293.957858668258
295.056167513228 295.064371448173 295.25701506547 295.283127829086 295.255058234979 295.432386117354 295.205888236527 295.277461207129 295.074083865946 295.334745787057
294.725400981712 294.725828681662 295.04345433932 294.909082623535 294.904741063716 294.953966745632 294.976331214333 294.924211635815 294.800043275733 295.09205447654
292.916172276536 292.912075354785 293.031400739768 293.057098801339 293.075853252237 293.032494203828 293.012413356902 292.880401493298 292.850896459894 293.148807543191
289.551574000953 289.483305534932 289.97654184934 289.967744358149 289.810826655321 289.717467651163 289.659433367596 289.476840482859 289.408836524752 289.946714543918
285.767999548357 285.652253551257 286.323975239728 286.135040942781 286.109711667043 285.904760948318 286.142779534298 285.901437330402 285.762411833033 286.254568709868
283.133726449344 282.736800038003 283.463604657373 283.072341141435 283.73785479037 283.266769121984 283.09203153612 283.084938351623 283.179107474673 283.276422093421
281.570777378777 281.71449939374 282.224000512286 282.00037882976 282.081949822111 282.171508978598 282.072395844182 281.905865686954 281.445072796218 282.013238936423
282.445746833571 282.00769143411 282.676241519828 282.656935485414 282.172776838851 282.261348349361 282.5035765486 282.192288664168 281.614007699712 282.666414683989
283.811364565778 283.606389773643 284.490207296941 284.318949320754 284.2767026779 283.840237661293 284.050225932544 283.944237278881 283.750748078052 284.188578616054
286.893456213761 286.790398440024 287.357056264946 287.281424901416 287.287647306418 287.225560950318 286.967463233186 287.023013698707 286.648185267811 287.141627590233
290.584019396778 290.411360838831 290.754741639176 290.984020583567 290.776467946406 290.65633901632 290.723232802267 290.467234239575 290.334628621426 291.008720947126
293.693473728247 293.682039841131 293.889668963256 293.883832886532 293.878010679122 293.727523560227 293.767194754093 293.622301450177 293.543635020458 294.03617337486
295.132992854914 295.040824645407 295.305808850475 295.23034272769 295.273576372037 295.131843233808 295.184187255602 295.12909572936 295.019203497953 295.433265909939
294.726322793795 294.751969367136 295.086389600412 295.043989654236 294.946410154883 294.733150819611 294.971427518084 294.817376787808 294.737675891601 295.012304613893
292.878268860299 292.802225562048 293.194493678064 293.089458713681 293.063961826751 292.905653887754 293.118068308673 292.842094705437 292.714190287803 293.118801766595
289.640384899129 289.256778681503 289.859390893474 289.883505312516 289.862249244761 289.470726133693 289.879657994298 289.352926181182 289.528412446623 289.758202683993
285.798731830729 285.885146755224 286.320735403365 286.234857434133 286.292907475733 285.972002143057 286.198224881427 285.802157313777 285.896416111584 286.018770654262
283.142374118139 283.064856722276 283.408100793358 283.388726321327 283.405547581466 283.142584225481 283.274737028137 283.234549981638 283.075955644933 283.29809668904
281.668180175643 281.373604906245 282.369965472959 282.175827210322 282.016395664557 281.52465400223 281.845857110319 281.696592123821 281.836333776573 281.532853300069
282.071575172509 281.987076220293 282.55430064744 282.799741159213 282.540706940392 282.137548646385 282.454072112924 282.230449886718 282.074474335688 282.006106748753
283.93997715571 283.851545282229 284.314180170077 284.392547549067 284.081235967143 284.053707439745 283.951701792218 284.186618531053 283.665956955874 283.836448769282
286.981133842476 286.843200865439 287.387762399488 287.357132042299 286.77296377422 287.079285580903 287.209263134408 287.105679321101 286.746808410856 287.185619875269
290.523340239404 290.641929737344 290.987167271216 290.993638672675 290.612711455218 290.763442732647 290.774721043159 290.722987555718 290.214930147059 290.683569531496
293.803798543722 293.55825192381 294.163691972705 294.002249492869 293.823608341894 293.793285125436 293.809502958152 293.860173621765 293.502254803403 293.738138990599
295.274601190735 295.082558339404 295.541868001512 295.310853652686 295.282462171865 295.170767124194 295.318119986779 295.31283488287 294.985323539157 295.265739858839
294.920416604696 294.734650459238 295.268227425344 295.073637612418 294.930655622799 294.864190684713 294.914404752853 295.001852127746 294.682529410487 294.910340215193
293.068428176481 292.930145390987 293.256490059364 293.211573408953 292.947134907464 292.934425041918 293.119456506652 293.016833915179 292.775264316489 293.023116886507
289.694729820277 289.667162263314 289.999068783944 290.033369429971 289.588023225573 289.791081986514 289.928208010629 289.826189560567 289.40868423959 289.798308286658
286.071164237205 285.86244822488 286.648516079657 286.657241750738 285.965422584675 286.082849063519 286.074072849417 286.250853529184 285.652610804993 286.243767543364
283.031691303805 282.992658761004 283.58897598355 283.840187884367 283.140544387345 283.099851964839 283.299931556687 283.521745849922 283.000520549373 283.406875020172
281.566998674355 281.675120961086 282.27727105503 282.459403343004 281.438630335621 282.176782875343 281.898326667597 281.818333360924 281.664619683767 282.002082651237
282.173308383368 282.250849410321 282.802449546586 282.735870620038 282.149242385161 282.480445753781 282.181058148404 282.134295999323 282.306264557881 282.174428797177
283.881059535676 283.687323942417 284.461316406249 284.700362561224 284.023156806504 283.855856696611 284.092210473922 284.276242847004 284.035841759106 283.832499651537
286.633942750843 286.676466582239 287.362844706015 287.777042090764 287.163629142746 287.043829641979 287.121853645729 287.053922889273 286.893934407479 287.010156397734
290.624329943894 290.399410065095 290.78392806691 291.209918608505 290.620447837716 290.740270922006 290.831528475427 290.630431236353 290.762225810902 290.668278892541
293.850513490772 293.66815818755 294.067502277963 294.176674696645 293.805000430875 293.703049061632 293.798312406358 293.744989310754 293.972196940937 293.64794916626
295.299542266781 295.157556774035 295.469754037144 295.521022709088 295.249405333492 295.329986229078 295.219217766388 295.220259685862 295.366412402241 295.146929833421
295.114754178518 294.821336189807 295.194928415463 295.279198032139 295.053473650654 295.050920574703 294.896896103952 294.993498438407 295.081962504148 294.934035668973
293.169367914555 292.905807892271 293.267000030694 293.340484564284 293.11634134836 293.058811417722 293.004927126477 293.076572387804 293.022979082018 293.068166719161
289.93395447265 289.744397491159 290.187569756476 290.174547781772 289.67509557007 289.725681060534 289.755789185772 289.76475933013 289.928780129763 289.650879516483
286.355761020472 286.199299303867 286.468777466865 286.67965947398 286.115444565576 286.264513501596 286.043855586682 286.252247883737 286.440710630737 286.179831546655
283.384261933659 283.40567725803 283.7935180617 283.776114054305 283.310615609313 283.424241828339 283.130335989587 283.409004298188 283.553027694226 283.21326176982
282.166362824966 282.16725703671 282.542322676269 282.390119801886 282.033218389897 282.199069567979 281.63081206331 281.778028565275 282.188264835074 281.932008271704
282.350303867535 282.315342865484 282.733307851439 282.661472267172 282.600572638467 282.273512464025 282.234298124022 282.501425484084 282.501442576776 282.358990334853
284.056914496045 284.033672062658 284.417584189007 284.480342364456 284.326238974998 284.198071429887 284.022360181408 284.006799512821 284.28815663938 284.129470651993
287.134088793832 287.208461085839 287.655381536493 287.288342033921 287.409259893543 286.937604032902 286.952438798571 287.236270807793 287.299279049691 287.089739768408
290.702926406586 290.66665392827 291.229725311779 290.662015444366 291.017003848309 290.69322924126 290.647643095726 290.789896583607 290.967398680173 290.625101030909
293.778075842562 293.753816789042 294.233434052029 293.934211914468 294.03572177658 293.847619896131 293.812890485624 293.794611351579 294.06390751083 293.903959610582
295.360799752683 295.350390479435 295.713719590753 295.386275667624 295.392266216299 295.336303067889 295.192294844494 295.110130884649 295.51964711712 295.277785904582
295.043343025332 295.114044783501 295.393515115327 295.054896473514 295.020039760941 295.06004376489 294.863412304447 294.917157137531 295.266469329211 295.025713810636
293.122309416787 293.114490176697 293.531662133669 293.1180564991 293.121596049128 293.09785681703 292.824418398587 292.915198163347 293.336740637906 293.113710134436
289.914040925248 289.768134802748 290.323460426698 289.824125290351 289.850520600497 289.614398492407 289.448964877858 289.523245359227 290.014429261279 289.715218320301
286.349964867137 286.119811461415 286.827256949831 286.207570958564 286.266500440515 286.234692991129 285.747798173139 285.948388504722 286.376170696777 285.994982554581
283.24311309895 283.256923243089 283.675903457537 283.393856558914 283.480722952837 283.419295206193 283.160716586431 283.298675115061 283.538381908432 283.056560071287
281.732822835267 281.980484974955 282.709735875486 281.981787005028 281.796759809097 282.038757999167 281.845733182075 281.477195340738 282.114057459926 282.106381974362
282.460253194956 282.367361117609 282.954930596334 282.296481077833 282.245121037296 282.427417935643 282.180859462054 281.794538935882 282.429821888301 282.508093183429
284.078767391148 284.060569532024 284.738513733876 283.639997486842 283.946495289763 284.38164106949 283.839561298597 283.924366896655 283.786921853795 284.232242031467
286.657953597658 287.388949260814 287.378555836333 287.040115311497 287.010076846949 287.305343640104 287.024286649934 287.034285281997 287.233779981355 287.058817213685
290.521221118084 290.75145727394 291.063910159947 290.588203388814 290.736266348658 290.770150544265 290.722292123505 290.673673117427 290.809834759408 290.649826226831
293.709341102166 293.891694626931 294.175113553287 293.583478722195 293.84534210097 293.831380687801 293.947946482272 293.716383204138 294.005009253358 293.89606546873
295.075003983361 295.209683225158 295.407404066678 295.061797150664 295.277610492544 295.250194689272 295.402051007753 295.109880265552 295.322008575258 295.328536203718
294.744660064292 294.836957923526 295.039888246476 294.878216508947 294.908001636095 295.04102405574 295.148413127525 294.748150812083 294.950101264719 295.144140222548
292.779421398834 292.840890538671 293.137050738056 292.906629778405 293.031551962967 293.046401121746 293.214870523234 292.820364581058 293.057707527278 293.205145128008
289.538257253944 289.524824554045 289.87678735406 289.683041354874 289.680249570687 289.854606150112 289.853977432911 289.495079539036 289.755781584613 289.665277993413
286.094613838787 285.856198060866 286.370009586659 285.945331405806 286.227749485492 286.172847756193 286.254822170943 286.16877091392 286.124778018593 286.298023467463
283.245782035165 282.904773449882 283.498196077359 283.443360203913 283.541745085311 283.454904532345 283.177066094086 283.105149243139 283.135009945677 283.428739685178
281.484586224496 281.435019352669 282.115235545169 281.966203831793 281.988868799553 281.931187595911 282.130595566448 281.470994244841 281.622994134836 282.057271171912
281.809235842276 282.054890500416 282.059976172007 282.365487573664 282.567308737187 282.557906295924 282.534181423676 281.564666554327 282.091424849246 282.703228879487
283.741613646207 283.998073846289 284.139368318603 283.861105506241 284.491903096628 284.269355585973 284.293498906941 283.7261192432 284.178134469543 284.216582541136
286.886791548014 286.935341160498 286.92899252387 286.76687444304 287.327860776212 286.829009620667 287.352197183477 286.879745562751 287.138123675986 287.382494376181
290.527956836326 290.626631660308 290.641330532574 290.602823032875 290.659176175178 290.448024822948 290.819762483902 290.684191427199 290.781506611857 290.709287973332
293.579225278619 293.617540170036 293.704028427669 293.812653503083 293.755864657991 293.85996945913 294.020460925188 293.6585748784 293.701917159495 293.883557896853
295.023549561995 295.015960173308 295.132649668729 295.216114095558 295.212781200987 295.317219496014 295.437279663935 295.149902504918 295.095515649862 295.49953214045
294.742880197956 294.799877880259 294.725790254223 294.92138805824 294.882805657227 294.95094481018 295.168444855682 294.841940224732 294.888345938561 295.263386532607
292.78421335252 292.803792081218 292.799763752333 293.046501452032 293.043025307208 292.996694997692 293.336658325382 292.997305976385 292.971785255138 293.228078552444
289.465483198498 289.614986000808 289.747800007946 289.773654011274 289.666340723159 289.784899284332 290.077212688245 289.692913561909 289.703617286081 289.994500675354
285.756875881198 285.7922379996 286.210749459416 286.270607694135 286.062989519544 286.160799675082 286.514912336101 286.059656946087 285.962377672546 286.351269305748
283.0219611351 283.165128219366 283.133911476641 283.310804779682 283.23477619267 283.467238948994 283.35556652227 283.057354595938 283.202081468916 283.503674555972
281.295385357971 282.00885826221 282.103912112406 282.076941406897 281.84872104938 281.980061615888 282.181014194344 281.415123143932 281.739789351081 282.247153043309
282.169295510042 282.400073169001 282.544005388147 282.418713136524 282.202745942812 282.79004609627 282.610699584078 282.224373254296 282.273873815082 282.525603410798
283.585447995234 284.133737931677 284.107619207005 284.358153662907 284.053408174981 284.059466060782 284.398254718387 283.592194587406 284.094686948129 284.295137003758
286.813718810882 287.184574672517 287.091554947712 287.095649020967 287.011443843526 287.079306758133 287.172220597169 286.95840844112 286.907602023453 287.199919624305
290.718836461839 290.693044006621 290.571250062883 290.929253341954 290.671502193524 290.713277728412 290.958762036554 290.708462999269 290.579297398155 290.837615518882
293.771963562614 293.759886447294 293.81986028729 293.984327607392 293.772350608643 293.914410772916 293.933750792803 293.761612533416 293.572597739651 294.075084926921
295.15896956688 295.196734404465 295.201420133376 295.346051748125 295.163028059027 295.299956189942 295.414305726703 295.179542777275 295.088362363888 295.397780878763
294.835373042649 295.038444283493 294.923575634421 294.97263188591 294.832999067897 294.956692419098 295.075634626865 294.909297355596 294.819197941677 295.051367218445
292.859672496418 293.065898622809 293.092040993837 293.02408806377 292.965681537636 293.009926247943 293.125818380593 292.966355347583 292.866675625414 293.043786859815
289.602270830334 289.797397793655 289.778450427887 289.737506120548 289.698444380669 289.822527507594 289.864020049935 289.814516494369 289.681787427049 289.743328477806
286.089849584847 286.066284988188 286.211557842461 286.090835002305 286.047029605639 286.04253524148 286.315127978458 286.185484098626 286.140913893816 286.180286146604
283.16163913822 283.306493451017 283.439084834948 283.097727891529 283.484990171313 283.042353626831 283.468844163909 283.130657316254 283.181320952244 283.375856455479
281.981131503742 281.997481955524 281.995453810364 281.620601408244 282.115887972118 282.11945330205 282.175609621873 282.007589149718 281.615216006176 282.104768307935
282.386408121405 282.345503358734 282.341316032502 282.594299222768 282.310778077556 282.338266351938 282.367224231501 282.74453304828 282.084220169168 282.429817962704
283.72095495173 283.81461427396 283.842118402419 284.090854441724 284.062317962425 284.137989623183 284.13690417447 284.31924444848 284.062189941571 284.02429028329
286.872109178089 287.061431766834 286.962412609601 287.239269883566 287.109525445375 286.929658086484 287.138134517219 287.112331412752 287.224235740214 287.175870726481
290.572625691745 290.689534723341 290.597491065092 290.767784582898 290.745086992997 290.604724377639 290.746165576041 290.671294527218 290.760469362337 290.534353090245
293.901261195677 293.891348707694 293.743215506503 293.984677615272 293.850838533742 293.670914431151 293.742660688985 293.89983496876 293.80977087054 293.716367910867
295.273294381215 295.353814793952 295.276627117267 295.384632288024 295.392112431312 295.212155322621 295.237720974775 295.391344699491 295.174953498399 295.256429801373
294.946405181195 295.01746054134 294.919886095108 294.94781274385 295.176495269588 294.839512838986 294.916842471548 295.058304333278 294.917204201569 294.900258545015
293.108008699026 293.116787092666 293.044116389484 292.98991446739 293.232834083139 292.942485455009 293.034827496468 293.134769046111 292.99966167329 292.952345579496
289.737844234767 289.85197841833 289.800389352219 289.803462095582 290.100328309861 289.49119740091 289.856059130289 289.845901944145 289.607932008324 289.718353298332
286.134321618226 286.47701122116 286.228290060264 286.171441302821 286.353448151846 286.143558122841 286.206075012521 286.25026498618 286.111462997165 286.078680828018
283.172861841096 283.413371608619 283.032334069553 283.029029708878 283.575816584319 283.25580823568 283.500207398641 283.429908798031 283.288123040789 283.372665961684
282.02885069412 282.210843702484 281.771353691341 281.621285476571 282.079329926515 281.855484859326 282.0404586152 281.82078328624 282.011931395025 281.764197398576
282.743195540405 282.403275483749 282.246304834851 282.485509262065 282.491484105818 282.097969679997 282.350035892946 282.386374363387 282.83578506806 282.352753212585
284.154210289019 283.932821701806 284.203046364892 284.255318289827 284.566949153509 284.059453512837 284.069028755595 284.344168171739 284.131378188783 284.022615366359
287.146861489037 287.248906281364 287.210960468165 287.155416838224 287.404154802564 287.032646690748 287.1818369876 287.409012120408 287.132181918192 286.680927880064
290.840963974999 290.749958403579 290.678650339803 290.824574032301 290.939890270002 290.528561176338 290.672453281224 290.8150651985 290.845067661406 290.63997784185
293.815286870697 293.769992241864 293.917833072868 293.860343194938 293.99400562438 293.756185252393 293.770561834061 293.827472837547 293.903865586605 293.667509210117
295.219484812812 295.243428495649 295.305404717324 295.289602364252 295.474063421841 295.282614937908 295.271349646449 295.229489230285 295.406037064696 295.190663911905
294.991821293246 294.796997200279 294.958839230379 294.874079643477 295.22226800675 294.925318358858 294.988103081971 294.839380154419 295.13175533486 294.886408596915
292.946844149267 293.034404243616 292.960581248795 293.067808456622 293.233664617364 293.091388769254 293.110084394263 292.97002429982 293.155139388762 293.015067827169
289.794181788274 289.623664550069 289.912450245827 289.743369563906 290.066328879356 289.825051215947 289.775078980716 289.601674586697 289.979798524836 289.787910753901
286.300611829257 286.182837464678 286.382180524913 285.956112244806 286.362324972329 286.279419017396 286.168000672918 286.058126763446 286.362894238373 286.132406690587
283.15199066838 283.198144031017 283.428745004542 283.340511225789 283.346545551157 283.347594683749 283.143531583057 283.314290579578 283.424724113312 283.291417741403
282.077299131356 281.57783616821 282.1093738354 281.764354339498 282.046750548117 282.015861736137 282.001528887003 281.952548073115 281.717171181909 281.987251261986
282.22382930516 282.428573285539 282.526937645999 282.063711219334 282.750864217171 282.269491690052 282.315412579996 281.949285571016 282.33459936742 282.648922429736
283.991380650495 284.283618481879 284.337935743435 283.871328756546 284.391621793283 283.928699193425 283.844791859959 283.952358256164 284.056465733727 284.147131196013
287.116898333948 286.985788460834 287.198807584938 286.883409854793 287.301313044547 287.11370605241 286.853202066801 287.256514379434 287.389198240995 286.970730735787
290.756830795674 290.550881536842 290.821702647045 290.560750636901 290.890806536577 290.6640368499 290.496010173719 290.644338192686 290.831897785076 290.745145970787
293.934492998331 293.74090856879 293.794878619679 293.880383592464 294.115969665901 293.841369723944 293.585472095224 293.794714195973 293.939483310223 293.9249385672
295.249355413839 295.149817302919 295.250171855958 295.338402500681 295.439856274257 295.257582811846 295.189057811805 295.222230176064 295.272950418891 295.285760397588
295.001754712311 294.782366612389 294.902837052523 295.078329896737 295.138114609112 295.047431509047 295.019978907042 294.854798552475 294.938640866788 295.0362356921
293.096426321027 292.942648811115 293.055790406368 293.155045487502 293.213719942298 293.080193303561 292.990107508307 293.000362781833 292.974020184454 293.084476011644
289.932931538845 289.723815497183 289.807177160316 289.859527918955 289.965398827411 289.902645776384 289.535877838675 289.784650779831 289.743304865644 290.017192593391
286.041642392092 285.914481983522 286.271984635584 286.277227766586 286.468723041148 286.24793824634 286.03959491566 285.900374330861 286.229874335535 286.501035004179
283.270149695075 283.04580822825 283.614639671062 283.381959421119 283.471292616131 283.377256969686 283.054205959793 283.037194600678 283.511696553439 283.589222445402
