285.62647219513 285.667694468126 285.553132564349 285.699173804193 285.794648520624 285.738184969122 285.637195521694 285.54722947224 285.557797200665 285.607020639224
286.130527576672 286.063722845545 285.678435708244 286.036778593267 286.178286399117 285.973681839287 286.137330643112 286.041772641742 285.800051083843 286.121007608401
286.724075562354 286.684063756184 286.484933699282 286.16742765766 286.773793491578 286.600240248769 286.62259030725 286.425529144629 286.382429674616 286.644877322407
287.505873889573 287.525632896168 287.260400978794 287.054737984012 287.342191775273 287.587064074927 287.398321449512 287.472324323858 287.159312651767 287.390350848522
288.506655936008 288.410132794866 288.34763353641 288.256586447402 288.456855266962 288.435731537855 288.429222639678 288.377946943767 288.207910291819 288.308293097916
289.531941577695 289.342316731058 289.197406394096 289.168810587139 289.392951078767 289.314013183937 289.467495410709 289.228924741396 289.249234823841 289.264589264849
289.700503835026 289.54654243158 289.499880155644 289.610359676134 289.514582956296 289.546190726079 289.563737640493 289.630830714829 289.493428416142 289.426125805143
289.27905377851 289.133376812248 289.158739448411 289.121664607268 289.061602434591 289.123916984415 289.323749028834 289.30599622709 289.073063911002 289.005772835316
288.444483311961 288.264720303773 288.067094693528 288.329053162053 288.169910840042 288.318728064815 288.360894110133 288.473418762193 288.222284326443 288.216015188869
287.216501769946 287.139817537095 286.907527489883 287.234796442717 287.241995247747 287.164968677397 287.123897694133 287.302424645869 287.011690525306 286.976085340161
285.985157740284 285.87449402087 285.707750400843 286.088835241088 285.987440473675 286.006180755931 286.076809874442 286.281196529966 285.955525419227 285.796738515273
285.341867851841 284.90458370354 285.364961693768 285.405741975684 285.374617377452 285.307735647638 285.27154017583 285.646793152967 285.255181878434 285.465952489965
285.076869683788 284.992471326464 284.999245753677 285.353561465856 285.537355385473 285.309626724739 285.342104126538 285.461673000298 285.244936522584 285.481776866274
285.411337208757 285.518962225355 285.387606764975 285.523448714554 285.403176490363 285.605064426745 285.460413389348 285.838174168753 285.685896963973 285.488889125368
286.059389683108 285.85876110809 286.060569324991 286.11897334709 286.422312395774 286.102985622189 285.81254454227 286.608492153869 286.231167752576 286.154157821678
286.749869590374 286.886361595656 286.856721106771 287.0736869674 287.115649363017 287.002739353652 286.990138036696 287.326438028092 287.111155174712 286.970828930505
287.959327484139 287.969037564589 288.16746063831 288.151391375237 288.148717898543 288.045938228772 287.976903947492 288.472284063026 288.260221039556 288.000036766854
289.025387652006 288.868307978178 289.091825710279 288.934001439962 288.959773672904 288.77647631831 288.919565380458 289.282573618783 289.174825838557 288.976395238182
289.305449057621 289.172794898183 289.201199420946 289.293060448039 289.179822897096 289.1705842232 289.18452514005 289.214169050199 289.404866709375 289.243443608117
288.889249595821 288.895236271821 288.81549954388 288.882209465499 289.046903648301 288.94685963454 288.861127740941 288.873259987241 289.10050975931 288.933809003659
288.03115526382 288.108252349804 287.98683682264 287.959421294843 288.171825793718 288.206103376161 288.000911356599 287.967671430566 288.262430526131 288.11256614601
286.75903756903 286.839981854836 286.865085070937 286.78793626405 286.936161737959 286.980109782729 286.866813854285 286.806942410219 287.056903534273 286.933879468439
285.818450722587 285.649739828999 285.896299315125 285.704719306064 285.808637772997 285.760190596426 285.875863743426 285.734270126993 285.937017817484 285.788597383934
285.192995568106 284.964571678737 285.245707478426 285.043183192213 285.043871507544 284.928257006099 285.053277456008 284.85885862082 285.383161264988 285.231345339929
284.952322881188 285.165760586549 285.073177672948 285.028656776345 284.833254938942 285.04069974739 284.929363628517 284.85397126662 285.254256363879 285.274400548782
285.445194324071 285.321013924286 285.494736634019 285.515374786957 285.012536684233 285.186472511745 285.143663437725 285.114629981666 285.562463737108 285.233715461154
285.907437460856 285.797425038242 285.930386958521 286.164191454593 285.881109112581 285.859896961661 285.707969797806 285.797820841889 286.047857726588 286.08137199912
286.709146252353 286.75647427963 286.731566451618 286.874788113524 286.929891771782 286.712033025373 286.623831564286 286.741851809507 286.885478228469 286.732740916804
287.780245566696 287.820816691059 287.733242462585 288.034741739455 287.933620664891 287.739194260324 287.841245877855 287.734375836401 287.918629963337 287.757655704226
288.809068293416 288.729072090724 288.690546622467 288.930268711106 288.875743070448 288.751729692071 288.782947433747 288.687297040138 288.815745141617 288.75307207095
288.995919159935 288.993497187958 289.094247901373 288.961032735586 288.997830852652 288.943449346792 289.059843629196 288.852118641657 288.945856240192 289.06935582913
288.709894065536 288.646506052608 288.739000330583 288.865328918083 288.80579683988 288.62920772597 288.695576830317 288.572442864127 288.703723527124 288.664917765407
287.766456621412 287.709470991882 287.7684161005 287.939576616957 287.905288001184 287.726276603258 287.846071331299 287.653900026896 287.881372960126 287.699730891511
286.643838102076 286.541153851298 286.561957563575 286.770553523197 286.684240822105 286.586936477392 286.481542914105 286.553409826113 286.652114195775 286.369134945087
285.540255251465 285.230313722431 285.385353448342 285.754022187571 285.390922278251 285.312750625452 285.445008373577 285.366933956114 285.454319040747 285.379642472414
284.909084243962 284.568943945665 284.765682379959 284.95714231111 284.78529827921 284.774888316966 284.785992697688 284.620748174068 284.661021037384 284.956325787218
285.051808934658 284.604116085386 284.674043144792 285.19196407953 284.789913779811 284.713034716191 284.766013461889 284.400210659297 284.597320382019 284.813169881315
285.313439407445 284.92975611007 285.005091079515 285.385252223142 285.28712153604 285.001193531377 284.884930629509 284.80070734564 285.064496090282 284.926659075522
285.93317888602 285.626648913299 285.419596727881 285.8887941707 285.698273843174 285.486993911292 285.488178964124 285.556519499265 285.52307514489 285.567397846887
286.909583233173 286.242494154432 286.253617292563 286.61875074688 286.557157777991 286.289514377024 286.475246542968 286.365934526385 286.41559690813 286.495781257347
287.840349564597 287.222902748388 287.214094294077 287.768419779167 287.515897831549 287.405276581436 287.399900038579 287.352043750615 287.380072631938 287.367059629324
288.626871552886 288.400727316325 288.338371162187 288.687736558386 288.598109835699 288.475543809362 288.414679526232 288.336230905688 288.327736466502 288.358881953906
288.825644465971 288.673530637993 288.63515163249 288.856860190349 288.824759305193 288.72421345952 288.827085000177 288.617133720335 288.736793331454 288.756266719547
288.567976985118 288.251572299604 288.295524402429 288.44546343185 288.40337601016 288.268401109012 288.483840997976 288.366632431746 288.260770813397 288.348031472266
287.742139517803 287.445316492509 287.36757755798 287.460146332795 287.563275919559 287.422909904011 287.533466871626 287.506435995346 287.540318572899 287.486488142287
286.59659612934 286.282627900773 286.232826002162 286.350522720829 286.423069643917 286.399047367048 286.397691039345 286.301291879963 286.303332566342 286.145061949815
285.510572764378 285.057109030712 284.887599397149 285.123690444827 285.307547234227 285.074869235316 285.288220055803 285.199756761714 285.041129394814 285.049879905671
284.638207150108 284.628922071837 284.489541158744 284.538837004369 284.838095958362 284.423948390196 284.622097965152 284.592167361177 284.247268433811 284.372890528945
284.821609801854 284.123101981266 284.430781724379 284.690853677073 284.934164154502 284.541768147414 284.742162954997 284.092757123412 284.482522014679 284.277034096181
285.163907791306 285.022424998479 284.76616992692 284.938938626922 285.074805054772 284.762351937789 285.153397121114 284.732977748393 284.539074894843 284.501502181627
285.63450921857 285.507240361822 285.406646616719 285.52654635633 285.768495567467 285.245239550563 285.840622029863 285.664035353176 285.259167220401 285.365896715018
286.450234609895 286.230089311228 286.362052620474 286.454673561579 286.537435026731 286.161706034941 286.391154077543 286.431852023007 286.184157362089 286.3514605102
287.645255990961 287.424859972936 287.50409297559 287.610796793741 287.579928619297 287.438933512979 287.654536069173 287.305449153503 287.46516275073 287.473734083936
288.663094450066 288.391911077204 288.496174555331 288.603190593837 288.720256750609 288.432670255231 288.68073096338 288.360138336914 288.420978723993 288.534196189964
288.726275866474 288.621351068762 288.914247687185 288.858496940983 288.878928026792 288.699977969387 289.004740866741 288.583108825951 288.728863741687 288.849111141837
288.328267778899 288.372319113161 288.388184818832 288.346958443206 288.553456048565 288.401516859496 288.734916207721 288.2672586616 288.31211933026 288.476666708297
287.458113906329 287.468340000099 287.654027298534 287.515600148462 287.764600449414 287.378300290708 287.758315788168 287.566344095179 287.572670210328 287.622983799562
286.281354705225 286.208427572743 286.410442102896 286.35976117008 286.549314755791 286.143666508523 286.601805280703 286.109129644439 286.264356254051 286.39664770333
284.868274945552 285.163058058842 285.078765733475 285.142933155349 285.421351397312 285.07376295055 285.367396764493 285.191320039472 285.163687715411 285.286174649655
284.412097076985 284.52378616552 284.560092413542 284.596897785652 284.783698047171 284.297369637964 284.879569719783 284.313364249681 284.653580497177 284.445420827632
284.360993858314 284.597346214935 284.512553556229 284.476921634534 284.857760048311 284.328236215671 285.160529233524 284.268470279383 284.957575430419 284.418411216789
284.557484185313 284.858509546089 285.045699403282 284.878395341455 285.107515242925 284.672344282845 285.435037292971 284.818931110935 284.901368383848 284.768657094757
285.164166870861 285.520646675968 285.559022099983 285.577627646793 285.837791905718 285.297485209324 285.971778587926 285.619195502652 285.540953808916 285.297808294507
285.968341047269 286.48328691939 286.338875912397 286.480805208283 286.550138402806 286.384085464493 286.895205443841 286.347305693781 286.438208497928 286.585812329742
287.1891815148 287.527227980965 287.39034893255 287.413378753675 287.772485698217 287.418795783229 288.080717277297 287.506802636407 287.497600954868 287.672635398425
288.374823719242 288.462901187748 288.547181771456 288.48943963086 288.811188857294 288.337740675755 288.956193511369 288.48342428007 288.641923130332 288.617797924604
288.636840523197 288.804034923171 288.944831101042 288.71713337168 288.864054859396 288.654806910936 289.117301511927 288.874819726089 288.770158028972 289.068270183186
288.262924637263 288.501736866494 288.511406306805 288.402260883937 288.578347566399 288.371724240246 288.760407012582 288.471467745259 288.434449701706 288.734053925108
287.53199922523 287.635456919156 287.62825446557 287.737158123654 287.619362591352 287.642512645297 287.838941420667 287.68161276374 287.694118611115 287.837318865277
286.168053134891 286.359118502329 286.592932911025 286.605514790365 286.34329776651 286.350734858544 286.521120153286 286.540282946279 286.455469923703 286.520704769912
285.080401750235 285.391717097941 285.398053432075 285.37606793039 285.301088835085 285.281103203864 285.413427865926 285.335033080103 285.341721770484 285.462254509248
284.486931122393 284.654395154291 284.788654271616 284.579082344004 284.618224141069 284.65027035311 284.718065200636 284.73549829352 284.625521202747 285.09438231814
284.499910409786 284.807495270828 285.018614908303 284.376080455866 284.40840173659 284.701427469579 284.549754803884 284.753689898482 284.734106920472 284.880117846109
284.981938930654 284.812582422404 285.406838985502 285.032569738215 284.956822562032 284.849290201409 284.94310290117 285.251505973268 285.271447190262 285.443851789628
285.220026385508 285.521377225573 285.906505837569 285.677372461029 285.464687424151 285.522545467947 285.506852589561 285.659630117245 285.667930075806 285.820265236824
286.163685311437 286.503626297351 286.659003575836 286.527380276907 286.108724843396 286.459136447225 286.231363221454 286.54445642607 286.555253211556 286.727343631627
287.386428096154 287.544612864244 288.030858383288 287.727502543202 287.257609446738 287.686731072419 287.287839836015 287.571850080817 287.705272366835 287.903583560679
288.408344986096 288.549099996465 288.866743901424 288.800775081422 288.330567311784 288.690417616909 288.389624832933 288.614873569124 288.638716508173 288.895817524436
288.602048483218 288.865829264587 288.98776267294 288.871411134862 288.695415650585 288.894338010518 288.635105611896 288.96603955134 288.756453529687 289.068923747841
288.296652864104 288.563644051293 288.810076198161 288.639175940877 288.36819916876 288.590943418803 288.371965785617 288.658862809086 288.378887262334 289.016512546558
287.561062191419 287.708814029132 287.847925741043 287.785584472987 287.486010048246 287.691627593289 287.64165609119 287.564743178569 287.61798055977 287.991495705118
286.309905923287 286.556343327708 286.59452244382 286.674189756239 286.387403176583 286.657673706854 286.286345707353 286.247626398007 286.361567084663 286.819879109414
285.443064441972 285.310195028796 285.452131252599 285.424677710709 285.214769163484 285.516332369372 285.215565503039 285.03735485496 285.327919398117 285.567340035702
284.596314117243 284.688946117891 284.960700389512 284.826135885601 284.449843926047 285.014273163926 284.454507066632 284.225571757789 284.700648121098 284.98444056217
284.852437734594 284.744166737983 284.961047631698 285.031626964226 284.389715037504 284.817616860663 284.689368377064 284.349700484542 284.581099362219 285.1643286124
285.173152920138 285.100301404883 285.471177987415 285.426989641709 284.921564360621 285.403861476405 284.933075208657 284.522367140065 285.082066855772 285.550937830524
285.837384199176 285.512876555657 286.07629239845 285.919386768095 285.597526513264 285.919449151537 285.416571437233 285.536887431443 285.510707296288 285.896380083907
286.793157491544 286.410228877395 286.882270202299 287.076141906375 286.257986819086 286.847909137483 286.504034040568 286.379338691826 286.450588146035 287.019341033114
287.784761222769 287.510536184695 287.777267365227 287.798849556668 287.405893881545 288.134119892644 287.380583278681 287.634415288295 287.495578655204 288.04123431649
288.666729001245 288.455169586936 288.692196769434 288.789279667403 288.535294775448 289.015211395456 288.542202037028 288.549468259035 288.509976128563 289.09668390363
288.895986878758 288.889546743063 289.004076255816 289.017633364561 288.786449145878 289.07146143792 288.898613313998 288.867414465679 288.757861200677 289.098340157131
288.411999158678 288.389364081172 288.673995113008 288.605708151902 288.395843066982 288.624280338329 288.542797012183 288.43282119168 288.517506311408 288.64030330816
287.555596012319 287.467741845112 287.723926630055 287.535975800073 287.515653765361 287.750583364838 287.740091155188 287.581534845646 287.667745336027 287.710254991048
286.475894856862 286.243700946731 286.428329052211 286.479034979853 286.263642997494 286.293988097278 286.433896845 286.366153122797 286.428896070519 286.475792683259
285.389916996136 285.077012097383 285.247360286225 285.399778994053 285.11032065356 285.09782232144 285.551519526496 285.107407616502 285.357445886293 285.225697626552
284.816052380128 284.249215422501 284.720280737215 284.746414443881 284.62494041499 284.454116133097 284.951127364396 284.550690001037 284.874361586944 284.853537530773
284.552288083369 284.376813050284 284.4390037255 284.458204992683 284.412791111533 284.434031244797 284.904888027421 284.627955899554 284.818639545852 284.533535401311
285.08500358382 284.781596232036 284.788680237498 285.004873661157 285.020462504183 284.76601395986 285.240299905128 284.841577460315 285.080348196396 284.659055401501
285.514769369645 285.338277097133 285.506949077667 285.541909816848 285.662493353542 285.245709347648 285.810378183685 285.528261790113 285.89117682936 285.498639875953
286.469752889442 286.375033245511 286.209092054037 286.405094862689 286.381392643687 286.243816934789 286.535067305265 286.405448353824 286.654216157786 286.286157533992
287.575269406672 287.543115407031 287.430330309559 287.57070895381 287.651060157739 287.275313233354 287.745458646322 287.610259587354 287.863130256267 287.454166379149
288.622791754067 288.622638105814 288.489319336098 288.456842904366 288.57370228884 288.335179496854 288.744314974106 288.639028432233 288.829715429246 288.4126058417
289.105703365836 288.854469185875 288.740230088272 288.689879328113 288.881950330374 288.607547443166 289.027809055678 288.841624820773 289.131611758362 288.702568695206
288.614568403124 288.642357840802 288.262207457936 288.411163040603 288.578138134663 288.347608338036 288.650403377512 288.61254298708 288.95581557807 288.432908462941
287.72208977604 287.735921648253 287.513732118506 287.684499409238 287.620374248171 287.512249976244 287.783314026398 287.742974297928 288.105520481875 287.58213130507
286.467161292374 286.602526009685 286.294291166099 286.272959784777 286.5091452986 286.312578477499 286.411483913612 286.677236032328 286.866352447333 286.382673434188
285.327622822732 285.408117664187 284.912354767324 285.135374838306 285.584677887673 285.134099740468 285.199063097419 285.607051392359 285.969442187149 285.206653460946
284.71119400187 284.790649747374 284.496500825039 284.350630045582 284.85696676847 284.523061348431 284.539677620502 284.914472632542 285.380096935369 284.701498318318
284.586167913926 284.792642012666 284.322150113288 284.455803688612 284.869598469604 284.164570078288 284.701594709375 284.916610806272 285.29721432621 284.541648346307
284.917824590708 285.247632147335 284.663592081862 284.736933619376 285.398260808679 284.616285697379 284.798516829283 285.213550176869 285.513766947128 284.87262961915
285.477976941414 285.853909018118 285.247865582568 285.296962981846 285.883193910974 285.060633916971 285.499902120667 286.023730349184 285.918313783442 285.526764855431
286.607582807791 286.577383601724 286.240423329711 286.312979315539 286.386258707075 286.291330327905 286.330978581486 286.837286977993 286.708828942997 286.396861036037
287.649394223596 287.538433528878 287.375443551075 287.519092343478 287.545188904808 287.286045047211 287.440534575083 287.851390165893 287.669253545717 287.368191305766
288.568220601647 288.529806587752 288.330706817739 288.476319362503 288.590540368413 288.562330349349 288.669006367832 288.770269144051 288.654752261395 288.520992074278
288.768361530861 288.935393757257 288.726165167673 288.687721525774 288.804431229345 288.812721772661 288.869898215493 288.986306827556 288.852638587034 288.825004364671
288.318333287589 288.712414562552 288.466254022782 288.399451790074 288.378026060581 288.42098349768 288.486938044884 288.680942486733 288.537573658605 288.472224184512
287.591832467338 287.643687557459 287.53607132903 287.57013693177 287.563327478695 287.486331915405 287.65098983559 287.604662830927 287.747804603319 287.69892426485
286.368737136341 286.543917722236 286.540676221914 286.581591308663 286.300174325059 286.32349421577 286.49957506667 286.386101066428 286.488324805924 286.608598663687
285.005653172154 285.327071704807 285.366052187877 285.295478938078 284.923010089876 285.039933109224 285.23926788079 285.345071194259 285.123753862887 285.450439224881
284.513927698377 284.93662379576 284.578183538898 284.657860163406 284.514226623339 284.409898957191 284.509490821045 284.353382351994 284.553619752903 284.773615847501
285.580843133447 285.826624490594 285.786964913886 285.641949270685 285.719835597401 285.600510838835 285.549957019344 285.680554649881 285.734165680105 285.767054597194
286.047288508479 286.178876513583 286.09911844117 286.039708770414 286.083188420475 285.933312946686 286.172637585994 285.952071859911 285.774460193589 286.108686041628
286.589413873472 286.521935128619 286.659645485165 286.561729526141 286.589717295585 286.465717156876 286.67855421325 286.666754922768 286.320012463267 286.502578289391
287.391505193967 287.332405938816 287.538930800841 287.310281154203 287.39356056711 287.287954136814 287.344865448616 287.395507578757 287.022430025073 287.165992054418
288.579039404926 288.546858315312 288.52846872399 288.362560664507 288.407973506768 288.465629641965 288.499269231406 288.487832842745 288.33283510048 288.367330127545
289.53325034673 289.595402295625 289.366581674578 289.328478390256 289.417010505954 289.419930729684 289.591546652798 289.477529174929 289.404855783918 289.383065342725
289.678214274277 289.645609958131 289.755713780734 289.695061601578 289.593861798345 289.878453694565 289.777181918423 289.782760427963 289.724880171425 289.660211043052
289.360929566351 289.320187506821 289.366362392991 289.438885261136 289.376718075437 289.419464182123 289.50033105697 289.566923584072 289.301289770548 289.434047301024
288.558949294274 288.520426875214 288.522592428013 288.63874290944 288.579675424587 288.61713430129 288.707179614097 288.693461432874 288.436853569106 288.488838596324
287.459182215786 287.46253503111 287.354141965158 287.600438753299 287.525577059703 287.572272886405 287.557665059035 287.532317451306 287.323626577458 287.410683835126
286.218979849922 286.32953661209 286.220535278497 286.335812558731 286.346218857952 286.422341752907 286.573120753273 286.364250298207 286.267850606014 286.163556490813
285.597631983218 285.692416643306 285.617967636038 285.904446984454 285.75337798519 286.09606087387 286.086667823189 285.790524475796 285.614249423066 285.635798371648
285.480652383572 285.463413685955 285.532729383133 286.069817497472 285.865499851525 285.740726512801 286.241962320051 285.800001157007 285.373799159935 285.790716136407
285.917538444416 285.863970261901 285.971394252578 286.401776652772 286.131205585236 286.168646052605 286.513973138428 286.179939174306 286.022019770475 285.783958525195
286.4464787693 286.684493555854 286.465724736075 286.877853364828 286.60801268957 286.905799107332 286.687413715395 286.624930697058 286.5195522661 286.344757817193
287.457135236389 287.335051171513 287.258447726624 287.481601366011 287.25939007273 287.704978422664 287.457941750111 287.617590053204 287.368167307112 287.141273625187
288.476783661268 288.552096100016 288.337300329091 288.539100794923 288.247820983441 288.577634194675 288.646894616067 288.549429079069 288.359477016453 288.298147579997
289.300498939354 289.319865754102 289.316527943822 289.543741435781 289.320748833923 289.379744778387 289.538059041465 289.46738815566 289.248673173687 289.24149438372
289.471723737303 289.519395884144 289.33915966822 289.641179747544 289.570406892453 289.466926187925 289.666801009108 289.819949664869 289.505615305552 289.229323663633
289.243179450804 289.168873214924 288.895851652766 289.084399160933 289.218683059143 289.15304451503 289.107449809233 289.464914976058 289.213802458998 288.989833756178
288.253744299457 288.130058268886 288.115131331983 288.353924107369 288.191327289619 288.368822547142 288.195324708745 288.561002960182 288.263676151763 288.124501738325
287.144189831785 286.971200255305 286.975691357029 287.089471837231 287.11510686457 287.11913029176 287.063526096023 287.349041975426 287.078223246594 286.911427123767
285.979304747977 285.744656439557 285.570072088696 285.495048467846 285.878272479798 285.939019083166 285.850658616243 286.205764820562 285.902254560239 285.750467648185
285.143668961394 285.153750170131 284.91179273458 284.877968254742 285.222656128785 285.034403876571 285.116834159971 285.551712633367 285.154015069805 284.860367079003
285.323624267249 285.072192131241 284.664901707028 284.811734115685 285.30864141668 284.870754142402 285.020266473234 285.453043379295 285.15024590056 284.858358655973
285.321139775894 285.267253356915 284.864517117672 285.089845794336 285.36031416958 285.077713026864 285.128320860251 285.432194441686 285.239050160021 285.116654256771
286.025855314641 285.839474035836 285.39839312709 285.78273031484 286.054394564927 285.749265560933 285.730008301519 286.118551530807 285.609994447544 285.408861258742
286.700258928077 286.511027077246 286.492437077087 286.525021286275 286.922563699562 286.442591802262 286.586928433908 287.12846147248 286.556883479868 286.498523588619
287.72712523735 287.593387915458 287.476720808443 287.462611695811 287.923867629371 287.309871766211 287.682400839627 288.005534120288 287.660798038738 287.513745618522
288.519657208722 288.601224714107 288.443829227243 288.518169719094 288.940490947589 288.435544388132 288.479694618134 288.822578962726 288.546994905205 288.469783631701
288.685652075251 288.879150068961 288.778594180027 288.897205602882 289.004951921327 288.698185259412 288.902130145835 289.02982301595 288.870214931802 288.696790588657
288.362578028851 288.510883208573 288.345162663648 288.494411444919 288.588055396022 288.486825816121 288.504444000948 288.6761469106 288.733956451857 288.27171859814
287.573536689106 287.638247358611 287.490541960622 287.723794569576 287.625545703277 287.679371240116 287.633646624978 287.880360698767 287.853965331715 287.444649733723
286.431308388195 286.493093399824 286.321669086413 286.598073835349 286.779697401873 286.560553611184 286.434083549155 286.665570178438 286.685955125063 286.29227700014
285.352210278212 285.353016218649 285.15909632455 285.366422329895 285.553888060221 285.297336697526 285.087620137931 285.552470030128 285.462682745099 285.140577903023
284.809882791054 284.535038896775 284.419122282252 284.762586511376 284.928452273482 284.525128780951 284.525736593264 284.774504795772 284.853386657677 284.573551050004
284.690761385216 284.449412402477 284.302803429483 284.812930631819 284.849377583781 284.719781805974 284.523904368906 284.59511524964 284.831685976003 284.468328409229
285.086439569539 284.846565117104 284.893835180667 284.993331403522 285.029977331725 285.207406526037 284.892854603189 285.063718175525 285.312135887742 284.817398991502
285.583323972158 285.374096041761 285.532435404473 285.544491167671 285.7648676091 285.819000484779 285.50229312979 285.708249228111 285.653897697566 285.499464350057
286.471583503171 286.381912733903 286.509925674882 286.466431479383 286.542459369216 286.403882231712 286.21777512865 286.316439007594 286.710196370838 286.443840018819
287.378585970424 287.630685886353 287.587867986562 287.669346433193 287.522804968345 287.646148068916 287.290813182245 287.280432730271 287.746612276716 287.438281202325
288.457176019999 288.630029833393 288.645802960652 288.835558344481 288.532222425925 288.571689458871 288.283598329396 288.353985743649 288.679667333635 288.642170310047
288.911298102987 288.972076631425 288.996374684853 289.085304462574 288.753539417781 288.951991730694 288.647315119602 288.607945080952 288.80964759859 288.874867036878
288.775611193035 288.627998597042 288.727220603114 288.72832091708 288.495021871419 288.690517402702 288.408017401903 288.229871720077 288.547677697141 288.618420175652
287.896236288158 287.766985934044 287.926549948154 287.806764288817 287.434592365115 287.804530538878 287.54805339834 287.494456417711 287.749335716533 287.723557223325
286.679168777237 286.387157231163 286.783238960603 286.831395685555 286.348485667701 286.663067075386 286.32082077716 286.311977568753 286.641594386726 286.621927664752
285.38713254803 285.238546184564 285.704611809794 285.552047344201 285.214074248496 285.472852333817 285.154160670986 285.142138540488 285.38727234226 285.501744074553
285.024356992931 284.615709273213 284.848509175103 285.110188951933 284.481935027026 284.747927899375 284.679992289537 284.564627563529 284.717364320344 284.698922343498
285.137588602531 284.846250757762 284.980959902252 285.186630615441 284.423645238589 284.587970098584 284.342139499565 284.559822073475 284.702559885266 284.899250575365
285.593988657825 285.117170664903 285.088980950266 285.641755864361 285.047309127548 284.795333727857 284.620269722658 284.727474073334 285.107534631392 285.336741208126
286.141528944085 285.423446759655 285.927753726217 286.203040330155 285.284602392381 285.387874590517 285.151585500976 285.446810759557 285.638762474606 285.773852034624
286.945803255029 286.536033620421 286.871248128286 287.032003653662 286.449189589728 286.282024218579 286.154887614444 286.298479297379 286.300626687802 286.838083722296
288.109016588193 287.575946950237 287.885063745548 288.167805238 287.470245715418 287.543958076835 287.485377581206 287.628130081642 287.339972579645 288.034482935407
288.860375087839 288.659729459605 288.846756945816 289.080718143506 288.583440311388 288.602667293252 288.617736478245 288.625560882765 288.488157798085 288.873572813007
289.184416144268 289.011528376575 289.086651296944 289.343504127509 288.901933777189 288.850496172672 288.830321424557 288.945292493353 288.883049733222 289.055796862571
288.909439633647 288.46409888198 288.92482787101 289.001666696393 288.592962125457 288.64748497694 288.627330807752 288.626781086397 288.469679725525 288.59911916741
288.054783248661 287.732998621966 287.992670467129 288.067015379286 287.783544113578 287.764668168554 287.880111829356 287.707544959222 287.637114507544 287.776215873526
286.627969552486 286.552231582587 286.752093284994 286.751900767402 286.51342276947 286.537741075086 286.612010055315 286.438537284551 286.518825916915 286.639285689222
285.352911245001 285.424413836449 285.539367217286 285.412233406109 285.479764837063 285.404306523694 285.49454774915 285.330976597205 285.299680488728 285.454395897997
284.958899159453 284.576245716918 285.088037602931 284.843557787975 284.983472585992 284.795397750649 284.689696854257 284.532084489348 284.663992762868 284.829137694699
284.865068052481 284.645790671489 285.38223693487 284.690345159517 284.71787324875 284.497719329542 284.651594563914 284.502490573157 284.744260559741 284.872503008773
285.195792071393 285.019117318599 285.452750973979 284.926422551012 285.177442381478 284.967073551213 285.142136425518 285.082556345916 285.15250512573 285.220102558583
285.429513194794 285.429618735859 286.014189024226 285.578059010365 285.652293109906 285.448331584358 285.895982015446 285.541831065514 285.699429875188 285.790371760582
286.53255732799 286.469001667282 286.646211255065 286.387840326257 286.588142585838 286.368345005227 286.612186295738 286.306208340135 286.59422354782 286.297249495848
287.596910501965 287.704173253819 288.092873590942 287.484761894169 287.713812645877 287.660942576228 287.796827147586 287.460019093991 287.817832540965 287.611734939868
288.620120451029 288.72037974055 288.992731611623 288.555997127912 288.624677830949 288.77992530589 288.783331363724 288.622495637745 288.732669942094 288.760213642819
288.803119328893 288.933207381888 289.235324460249 288.827309573011 288.936773875684 289.014040973319 289.107788954621 288.957682787288 289.098496785931 288.913908934836
288.333511353939 288.614173324561 288.892441539185 288.45916283559 288.587247122921 288.841392408062 288.579547175512 288.591306907978 288.877187586238 288.571684319437
287.515822676075 287.850374450004 287.898900196176 287.638843781253 287.72710817238 287.842349816752 287.665798679898 287.762184247711 288.006991542979 287.76950917416
286.406612487729 286.596491200926 286.736182737744 286.550032233743 286.374112779196 286.657605208279 286.411351172236 286.597328804564 286.833553282859 286.713919795366
285.044719753857 285.409483293406 285.566531401722 285.265229237351 285.398438836999 285.342510842824 285.080972834162 285.369905545443 285.615170062256 285.473176211064
284.459445881456 284.906289196878 285.040230671959 284.626351007041 284.529065532147 285.015458475357 284.483260177914 284.820738415765 284.865406084625 284.840264190956
284.495870310135 284.620981756958 284.67760834205 284.499535868032 284.775713915176 284.920563649857 284.530010130944 284.734426223224 284.988508331855 284.504151437591
284.723103641622 284.825726093577 285.092825904783 284.788356530934 285.078864043408 285.022652861706 284.668977875026 285.177911631174 285.234848960371 284.780551100415
285.415821842561 285.518815494483 285.662372507194 285.494903105284 285.531450469843 285.914048380139 285.476852260104 285.906155629616 285.878570043762 285.528776316583
286.298149856997 286.538280315365 286.361674844383 286.451025614103 286.450174870845 286.618721887607 286.348265484425 286.449226378627 286.724903071514 286.412497595556
287.421519709105 287.771486124081 287.677194185788 287.59877794692 287.381031813444 287.67556970875 287.456848665168 287.555257223256 288.05940017339 287.644322346009
288.431605265213 288.77768640564 288.628342115518 288.673269104454 288.647001842649 288.669223911144 288.574802996739 288.6271859563 289.015214455953 288.671274614484
288.887045151241 289.103431671206 288.73830726897 288.878773420063 289.02824461385 288.882636652193 288.921675129794 289.03748624757 289.272333108115 288.955928824011
288.491554884467 288.66656997064 288.535265233049 288.675260103066 288.90968833242 288.443398014558 288.371859076228 288.674558661537 288.805399314092 288.590791140447
287.525763670572 287.86390068113 287.745277780328 287.784903622432 287.892070957737 287.613854724793 287.569637027446 287.850776742008 288.054847655346 287.714159069637
286.388513045981 286.653491037366 286.346851087487 286.694198827367 286.682813556598 286.207664744355 286.420809585245 286.775589439901 286.906339843723 286.538325494653
285.195714043451 285.433467632377 285.318161038579 285.711373154633 285.337315386705 285.207336548006 285.091079574898 285.607874398803 285.64807259591 285.299205565864
284.771279047425 284.72752003992 284.64830859909 284.973408698656 284.905902584987 284.440120999842 284.681166028802 284.804974186908 284.848685627672 284.681590105098
284.781953053693 284.58775585591 284.55543493254 284.779245668639 284.697285576868 284.159905380184 284.668577990121 284.933010012819 285.001911769001 284.515415344771
284.652914593475 285.068386977391 285.002927118793 285.147382166792 285.21896525348 284.600082434982 284.848677148936 285.107632436659 285.144467780519 285.003280322794
285.412891241831 285.852432812222 285.519598069299 285.853705137227 285.737686344384 285.410695599331 285.210208420796 285.825373387366 285.66661166367 285.331451309416
286.402567853379 286.56247692631 286.350153826427 286.972063681152 286.729494396671 286.465927801636 286.315023743694 286.766306128932 286.634791518178 286.395821953661
287.590032070945 287.80380744341 287.723617740803 288.073569549535 287.839896245641 287.63608724032 287.70404915754 287.882933638499 287.890176727079 287.512046067204
288.606620670893 288.850117393835 288.688668275999 288.842905339093 288.820868437369 288.640456799884 288.722716476014 288.882476975911 288.830662051072 288.399557011283
288.983154795075 289.013932332189 288.99021831483 289.075677481458 289.066782449436 288.92981930625 288.927722534529 289.103366995111 289.06522355779 288.939641778348
288.665457788222 288.698316147664 288.607711793286 288.794973393788 288.825430444465 288.67706599756 288.648426420327 288.665959346216 288.716705719305 288.581597387723
287.679399010321 287.894638039663 287.689388799241 287.829704408974 287.852131345607 287.872221587308 287.832288646066 287.711195542375 287.830635708385 287.668871575155
286.489538839184 286.688879393646 286.489816344947 286.779408657299 286.702607719448 286.538502562028 286.662288668258 286.613887128945 286.45397150054 286.570795044112
285.496897535072 285.594274162052 285.389638545074 285.699781737515 285.601786471573 285.575105295569 285.346875337963 285.40976326431 285.234661154323 285.287779628808
284.685373911173 284.693934970544 284.667611540015 284.954688552768 285.038221959219 284.840222948671 284.822780872056 284.855130973485 284.612441397361 284.795355014749
284.836664314807 284.806928962604 284.568033070813 284.739307338671 285.037439414305 284.619822614693 285.039190423673 285.016053065116 284.669612384075 284.741942799771
284.996349451144 285.046627378713 284.911135928596 285.046902644362 285.267512365236 284.780849952449 285.123953224738 285.046924111921 284.761476670176 285.083364594076
285.774707087095 285.841807022265 285.526777027627 285.844147785114 285.769650132908 285.501089091888 285.886251294873 285.466946201149 285.471087042543 285.703503441132
286.775552464176 286.887837006319 286.385529079513 286.714994954446 286.661329777346 286.516870516107 286.465578955448 286.47083302885 286.462007131651 286.793682310896
287.956234952246 287.970488279118 287.529774542046 287.751233052869 287.621923085981 287.644119077833 287.642967846649 287.745746686641 287.447487595289 287.800225083548
288.760988630356 289.003922152613 288.613150529873 288.678376846743 288.623179275196 288.592600143932 288.673602408927 288.649949870421 288.52890659763 288.754342460402
288.986100090475 289.141225575589 288.999175920777 288.963714472322 288.918441224614 288.906112667477 288.971744426673 288.811559778438 288.759914349797 289.161090195412
288.627921641389 288.915864046824 288.688692851927 288.775035901036 288.587547088189 288.586096210905 288.66815925482 288.518738401257 288.600163494115 288.789385890873
287.851410142152 288.160477892156 287.751581353068 287.928565803295 287.653253852933 287.800972294476 287.824675345768 287.624138267959 287.844662827194 287.84071592622
286.537925700629 286.852140395828 286.570028387766 286.803730020311 286.484526483003 286.625843589435 286.615566064568 286.190582329505 286.586832236517 286.708013406032
285.215110043725 285.804741691731 285.339827760042 285.606883567841 285.252650706638 285.474870119362 285.395369092839 285.042020216712 285.475907218334 285.431592615727
284.598988625543 285.03448690626 285.008601695676 284.991360468713 284.599682991203 284.863748561603 284.784382930714 284.420081821557 284.745819087537 284.911875324921
284.647203089442 284.960919210777 284.801540011257 285.13078958251 284.426540481724 284.805283941693 284.811094820063 284.180390088067 284.501541594575 284.703132039666
285.09400557767 285.390499168437 285.21337148927 285.12317143334 284.890391060745 285.379972437081 285.053020757212 284.613849581516 285.115893300917 285.074328082514
285.587674358464 285.820947384785 285.682027019339 285.798620147818 285.47701023429 285.821754543791 285.591451768495 285.418579750104 285.491246697361 285.772049073296
286.52955304597 286.753996542634 286.570677890437 286.681331291123 286.291279497622 286.72715366483 286.406756496742 286.364328209098 286.476363687245 286.553925891959
287.580566088015 287.97330560457 287.768175075663 287.855587122033 287.46464983813 287.827833509666 287.556038198028 287.356714124603 287.813629621101 287.573545108465
288.798625300005 288.875161170529 288.817650899249 288.825630766958 288.556195247718 288.781291963004 288.531629909041 288.60981922117 288.734652029603 288.717368294395
289.056872048442 289.066180598597 289.046272528334 289.075839267728 288.88013366435 289.019496907053 288.756655657919 289.09615282005 289.081239148303 288.961058905244
288.720601103103 288.742789468221 288.558384033709 288.671410122939 288.429194331398 288.695551009778 288.475936635898 288.621193630947 288.701929761357 288.587759633407
287.816981014271 287.773211684872 287.806155693764 288.030477620208 287.660269961457 287.814004546521 287.703365187329 287.852440238433 287.812446751656 287.630926636424
286.587204576057 286.491153078708 286.695661425626 286.744581018374 286.534012977931 286.475252214947 286.538266275942 286.690808061451 286.678798832471 286.297177354264
285.215998513412 285.391745355477 285.549553807417 285.859485846935 285.260292783017 285.419765134881 285.313546065317 285.662146000495 285.411069173392 285.360765924679
284.36921505702 284.662746904054 284.80133093425 285.071180636531 284.577801399355 284.894453240645 284.542637293831 285.001653464614 284.929847804356 284.710668444857
285.660922388612 285.649214589904 285.694378364725 285.572917446839 285.453276862235 285.557427908524 285.731889104525 285.592697971769 285.660529609959 285.564195121739
285.983946655388 285.934981341711 286.010927623119 286.21254621335 285.937273396145 286.172306137991 286.16011419328 286.182845937871 286.124961728927 286.054059165585
286.553556794777 286.436177337887 286.575429529307 286.735723145052 286.573753400988 286.409271920431 286.618406007198 286.47811979222 286.281184510594 286.471077289305
287.500226114873 287.446119437829 287.521519840549 287.623054234703 287.522340810556 287.310611099214 287.73332905318 287.477462070925 287.224021740527 287.250336542974
288.613000740767 288.416455274988 288.646300533554 288.68038366345 288.570723301554 288.602799718565 288.501884614098 288.476809440456 288.46573303232 288.527651116041
289.578501309373 289.379242945686 289.500921930902 289.804264095198 289.542357968617 289.459119824466 289.575515509729 289.546889340723 289.521371953242 289.376301073504
289.903302433674 289.85219291237 289.853795513256 289.88805450788 289.777172580831 289.741311737403 289.811050935148 289.710144645236 289.826620453107 289.830770069725
289.432778374925 289.504600236887 289.520918768091 289.608071463378 289.524621011545 289.406239809841 289.569132945228 289.525020484401 289.438294389054 289.581155647896
288.687400830271 288.784445264776 288.646676311094 288.724234166726 288.569841519893 288.665203980121 288.665205222198 288.678652357283 288.536233958565 288.6697007956
287.488551878321 287.554549852062 287.36196823611 287.603841676033 287.537186006199 287.508405726775 287.570705638784 287.535979421595 287.278714560306 287.517118294353
286.207778759489 286.488279910117 286.347272233166 286.395327961382 286.530628204653 286.289437993391 286.339763482514 286.52783271871 286.273205625619 286.247986797629
285.443688413271 285.766685952195 285.766403297404 285.736967792722 285.727636606077 285.610303215869 285.849567953167 285.851994280618 285.756722746196 285.553406632947
285.557174335599 285.858148368884 285.734444440074 285.767918683041 285.892772831388 285.826095567183 285.552287319837 285.765059043488 285.788944590049 285.597550352371
286.221276041933 286.134597673595 286.019919714968 286.070838568141 285.900573769048 286.088525990851 286.034581676791 286.054098905011 286.25132515148 285.98594463873
286.488370669194 286.71566510781 286.585323678763 286.597811810808 286.780793114936 286.627146706015 286.698051276713 286.457114038339 286.628121710374 286.418267449362
287.370282024109 287.637209884288 287.445307169741 287.576025472768 287.731146910746 287.413601086474 287.634452377665 287.560461915503 287.483569922498 287.383922033609
288.566687547455 288.54541742647 288.461040505951 288.58813537141 288.763244770342 288.580384057817 288.541996733943 288.408253869565 288.590539565546 288.62494799195
289.256858997397 289.462695007457 289.382583448798 289.412707287832 289.580393805345 289.301738272221 289.583306405268 289.507784424823 289.540842280158 289.472065598532
289.753749815669 289.749800570107 289.75587149397 289.761364354455 289.877391323482 289.585005956726 289.889677906326 289.700215038823 289.88502521553 289.752595994503
289.518384898038 289.376031296783 289.363585265323 289.500681035706 289.516131034197 289.398999752971 289.460102653147 289.439964988981 289.530580371771 289.520604382574
288.429268522785 288.574057350511 288.615245564468 288.531844817996 288.460393666608 288.567915127787 288.581684521621 288.526104029263 288.586709418804 288.589359899808
287.412330998355 287.545201865101 287.371350818733 287.360273954454 287.429250559114 287.175875899138 287.539271193732 287.563959392892 287.500135604981 287.247981761368
286.403954160764 286.45942082572 286.154604874434 286.255644809212 286.29548284645 286.327172989571 286.343157090897 286.548098473138 286.3224277604 286.281595109673
285.8785543972 285.767769626576 285.638506634752 285.752608404534 285.514309612967 285.629865972895 285.923985803242 285.685309816753 285.451908909703 285.505923339914
285.555755813175 285.577530274305 285.354653813409 285.784383596955 285.627283029431 285.58821099285 285.624557881465 285.876773510779 285.585160524515 285.464662240472
285.928997674347 285.878846436733 285.647595947337 285.908212180027 285.479566966462 285.937226862275 285.864113292199 286.22256024274 285.788044127015 285.758845609087
286.431906831206 286.522192310688 286.387481315519 286.525984288078 286.042846659765 286.3266231171 286.70038300409 286.574352790194 286.340147719542 286.380795525514
287.250753152487 287.269196587628 287.317357111746 287.20985241027 286.964515212412 287.070589483867 287.429250342314 287.481653372059 287.16802092704 287.220246343583
288.348937942369 288.182821103567 288.249199858779 288.482104684231 288.061895293789 288.21387666335 288.360473793476 288.567976091118 288.308756156743 288.327741392584
289.284741153207 289.180809233062 289.232747242547 289.335883778589 288.930230084366 289.495399754461 289.330620801027 289.581365221828 289.510394234394 289.210519062392
289.598734779051 289.581235960046 289.503748917643 289.684038674402 289.505584116112 289.803510943697 289.643704771854 289.82200746964 289.745136234453 289.444133007296
289.265311284247 289.188167199783 289.200126123826 289.465638759997 289.194606410777 289.319194324383 289.258118291939 289.627757081457 289.335214994136 289.035147890359
288.459537045368 288.401611226439 288.392440700875 288.500587966758 288.393865958888 288.307658180174 288.411710911966 288.714146413216 288.450778907554 288.449067173705
287.247848494916 287.212169041844 287.205731543034 287.543765219535 287.11128451556 287.223276187835 287.135856803369 287.553241369185 287.265417612802 287.104855787255
286.080286537201 286.298660416588 286.099892319031 286.437577438704 286.016006757297 286.094481061077 286.243748434092 286.362862973536 286.188231692592 285.931870234393
285.532698265866 285.395219841993 285.588069981406 285.778596658541 285.573556534515 285.448063428853 285.555004624025 285.797151573427 285.684831008846 285.297053433127
285.778307048425 285.39241375079 285.341348328782 285.880375417945 285.504847884014 285.52173597304 285.455473304762 285.59658676658 285.76415691307 285.375364245266
285.932061478428 285.653090779028 285.488701387666 286.029998710477 285.609960416019 285.869310587629 285.726994731427 285.922819264039 286.079302250489 285.687089305151
286.482696129539 286.368148474174 286.085407465804 286.41035681275 286.178558349258 286.389638810281 286.308012957668 286.428902903631 286.657374426798 286.368990999767
287.324385272441 287.14150508029 287.085737549106 287.491432210263 287.231886481378 287.185678640679 287.389759123358 287.287836566859 287.385747428865 287.135427128078
288.350119210751 288.25031547025 288.087606490054 288.747277155503 288.286952274833 288.2029750993 288.310899355952 288.404223890331 288.468513306013 288.27449265659
289.381598599005 289.271409277635 289.10992271644 289.608420248322 289.27877541016 289.187564792659 289.305279339853 289.281956429368 289.666325426181 289.089435206704
289.704927978538 289.402456959496 289.371281877705 289.724943168666 289.584098992442 289.53245762613 289.475627090778 289.53250702143 289.717328682727 289.404977215641
289.547360650549 289.370720601715 289.151806044373 289.372039774688 289.263544322775 289.322996652068 289.23795987955 289.315778420451 289.178735983612 289.112191395967
288.622456355328 288.644589070714 288.137199123181 288.467393978736 288.246472766313 288.388274683094 288.596949083583 288.415745038841 288.369491019394 288.224534220896
287.599336641635 287.653795051659 287.08422460573 287.32393820152 287.259194836149 287.214574529608 287.328630219254 287.212161481827 287.198371047872 287.316219926518
286.546300705176 286.429996292917 285.987425533803 286.111256354453 286.132345168852 286.122156870701 286.179587537741 286.066052599173 285.937505242718 286.1021713211
286.01075240557 285.796715995436 285.326044040462 285.542138070347 285.42696960534 285.709719901954 285.429605405084 285.27040730239 285.234376247993 285.474864494074
285.87971003445 285.847189885839 285.200426384093 285.513137415861 285.625076311268 285.993096927007 285.703699749264 285.272814915984 284.903971834114 285.679873343182
286.368853323364 286.300065442517 285.382276737194 285.817476457015 285.776702458569 285.789798961126 286.056033513529 285.606711977533 285.250432455795 285.772816421413
286.853980354319 286.804931215633 286.055565240813 286.117452445727 286.384773551583 286.494558307025 286.337302564424 286.031045717715 285.917188398716 286.463766570491
287.641096120926 287.436624004213 286.819867060055 286.877585897006 287.144186916057 287.530965922569 287.159105936621 287.07434784366 286.757136094122 287.431929321001
288.70655104192 288.577635111994 288.046533057984 287.877760993471 288.391669290125 288.489482054998 288.293665549959 288.224517093487 287.765057033852 288.423747554174
289.594832751134 289.472244378243 289.09175690195 288.888269840294 289.388563145393 289.430339229299 289.318112340888 289.119724311222 288.861053615175 289.342462317978
289.551086032216 289.613486522907 289.490011273564 289.225595849636 289.687704511053 289.603736652505 289.555501371515 289.393285293008 289.198669843291 289.636824146406
289.183953926647 289.287021640806 289.201854959131 288.812560919178 289.459950605058 289.167838252964 289.412645848959 289.081289883765 288.829012538346 289.110605013241
288.392746787441 288.442443254469 288.342914648622 288.044679802681 288.46778450884 288.266913508761 288.427744788379 288.199078168303 288.039669934363 288.366376423032
287.098427428266 287.243398824898 287.363867073715 286.955088244127 287.546242482326 286.951511103134 287.21274326707 287.043905577913 286.734716493028 287.118247720501
285.808268583644 286.098782169569 286.12786342092 285.731216940527 286.499154300044 285.791098833299 286.131516253995 285.890670084877 285.702233817753 286.123232486418
285.253366109845 285.240931179366 285.559572070461 284.915609110308 285.620074370973 285.118191586237 285.249552429558 285.336975153997 284.991577316131 285.2664030628
284.76826987266 285.196424890048 286.022321485576 285.058331445511 285.633023607672 285.096369436046 285.268361783923 285.332860010166 284.95070876966 285.17395537382
285.169842037279 285.433034620019 286.094382542549 285.182279540381 285.895200602201 285.311558685228 285.477205177799 285.434329777339 285.396961011936 285.373367787888
285.903698094309 286.258536931025 286.851208901216 285.897723824662 286.379072048349 286.059884732124 286.059974792473 285.909894250666 285.911964098654 285.997375423857
286.919800415496 286.915989459532 287.599964375295 286.787165218406 287.32708509017 286.851562443459 287.05830978548 286.935591261068 286.751866683033 287.118313837564
288.058136792977 287.938021217683 288.680097891347 287.935127130773 288.253727614518 288.056927244426 288.217015626916 287.986803131046 288.020766679502 288.159735079649
288.961044635258 288.882271456732 289.679247066331 289.028535319514 289.275439385318 288.933353220624 289.088088447307 288.924635301662 289.014797622488 289.128299494348
289.311494362477 289.385859694285 289.662561701005 289.247793957597 289.412568642914 289.198976683275 289.37417298451 289.204867914516 289.308980273429 289.26774586351
289.051383447368 289.175983781611 289.416884731929 288.94503468408 289.160913994621 289.041011866616 288.963925693399 288.84613895093 289.099153769589 289.095983126203
288.214373416862 288.225178451565 288.341384184509 288.063775451942 288.286463897117 288.226329553372 288.136725828325 288.093072747137 288.130845995536 288.22226904615
287.06120210842 287.003983929744 287.29351893981 286.979604812938 287.053909042882 287.01370568076 287.009639882852 286.857800135007 287.186612963538 287.054054476987
285.971192288806 285.952735158391 286.187792695949 285.776320396874 285.867740024309 285.973859698642 285.635548736545 285.558686529877 285.928931520447 286.291427107139
285.168729216812 285.401575545198 285.515199768861 285.285407881439 285.312789540536 285.363192480674 285.060416156894 284.953466598559 285.525213109717 285.659167883813
285.041102410848 285.065213835058 285.441363681836 285.08688196208 285.126775095386 285.092730589191 284.929617276235 284.881513462958 285.787864345804 285.637183313707
285.535076175644 285.760476924464 285.605068400239 285.470025029461 285.561539685206 285.322187388887 285.237901718272 285.297297855986 285.826376550775 285.810956340301
286.037633858154 286.372345238514 285.773596942942 286.107709054861 285.905418471088 285.98856740105 286.052329604428 285.845645288184 286.052161651005 286.218155564884
286.996583878433 287.002591603396 286.960646181195 287.068151080343 287.052530810948 286.868909162561 287.301110339324 286.735545700306 286.984847447297 287.209333465766
288.190644976967 288.098128807626 288.217066713996 288.023388382454 288.1071340146 288.049174537914 288.310830024336 287.926476043704 288.144076166163 288.335405657889
289.193476711291 289.110540343163 289.093712303584 289.094141811545 288.98237367607 289.080322174666 289.187618568014 288.981103363016 289.108724114383 289.234814340849
289.432066585324 289.21941463079 289.324082731453 289.386933156028 289.269729940146 289.187143691734 289.458400039189 289.190897692069 289.331143966563 289.51909006283
289.232943419715 288.930548818009 289.094009632165 289.015214196864 288.991788204694 289.155591279468 289.048556340042 288.972390585516 289.18753265691 289.060758341279
288.365543520478 288.275028101007 288.220746612259 288.217306810299 288.029214969254 288.250988666524 288.243655830272 288.121589885593 288.335963745066 288.296078870963
287.155044114281 287.025408249475 286.980900959621 287.032960041836 287.065135590287 287.15526310058 287.148022608133 287.062215573593 287.092708987734 287.320242744766
285.985169750663 285.88830733326 285.834037536885 286.077048742204 285.832647568889 285.778312103543 285.926067160546 285.887321673473 286.012927894018 286.114638269289
285.355410655089 285.344080583906 285.105029011292 285.323765494108 285.06416741048 285.340452288497 285.434940138825 285.282914232953 285.391158464253 285.400815200237
285.56015473945 285.291966530275 285.071660388555 285.576172705842 285.213467400509 285.075521825243 285.157862479309 285.411953946416 285.312498713138 285.328142839878
285.514505633843 285.489126795767 285.418505166684 285.505499765291 285.702652547562 285.544186078973 285.628120060611 285.520054581369 285.480789720137 285.744992495063
286.028253667663 286.039400489856 286.081091617612 286.105536979096 286.299866832025 286.387220455742 286.247330941151 286.366455583157 286.365797352017 286.207739467746
287.074464225846 286.904539346683 287.074893253345 286.959545239379 286.85737119185 287.255863543875 287.023281112112 287.118763306228 287.060832679083 286.992849510821
288.254051623988 287.891010319313 288.10384925698 288.108230207845 288.053995336647 288.079625117449 288.019297442521 288.382953825807 288.189407240997 288.208312203097
289.199676638 288.925297764286 289.17087780115 289.100150032178 288.968788554488 289.069787372951 289.184909569212 289.353247364654 289.020231712975 289.174820716132
289.275698475805 289.417250628417 289.530130252416 289.351500401902 289.4192130592 289.310197018524 289.463063097698 289.493629249705 289.369431905796 289.32638007014
288.881878789374 289.086426012235 289.24976791535 289.016387946464 289.128846679038 288.955457040833 289.280426691333 289.296883840124 289.118004508867 288.999890756924
288.079170940666 288.030094683898 288.425936645005 288.157737863418 288.350844003846 288.176863275864 288.432646565507 288.369555144318 288.270955453165 287.936619921525
286.923261859181 286.810149002022 287.303397372375 287.035021644212 287.198859855423 286.914707052961 287.233469873678 287.224156815957 287.170661071585 286.803327413685
285.593625679838 285.857358365125 286.158753262351 285.788229602198 285.94646621907 285.765842158634 286.067125541418 286.233993080924 286.046102462794 285.783613603317
285.153334366502 285.211045603838 285.396978006291 285.051161710901 285.45807919625 285.07160632339 285.644508775109 285.586890827526 285.248896531807 285.088885337327
285.123050027107 285.412200497272 285.556553402972 284.817586440555 285.530182731312 285.15616145589 285.829502397544 285.469318056149 285.33136564712 284.922926688426
285.384896725445 285.72044143252 285.769247998704 285.13656152007 285.817794511193 285.437231414919 286.185912007472 285.925425910637 285.456356604665 284.966824656727
285.797910113996 286.29588451424 286.254226767202 285.90025071273 286.20475427765 286.061916843689 286.556725348868 286.677939723965 285.868962125495 285.734503307448
286.869734846688 287.180470513154 287.13729044039 286.915464376646 287.244960475858 287.096795333202 287.624853342488 287.600219823449 286.811086429376 286.772811237978
287.962641383132 288.29360157588 288.137654231795 288.02770802737 288.244525395914 288.135539329671 288.736182326324 288.446548181082 288.014440813054 287.722999886138
288.923258867828 289.350446749256 289.207040363246 288.918145932316 289.312920311472 289.084540166692 289.400556349625 289.31598694708 289.025287875866 288.919904293303
289.272920876952 289.603633333539 289.270170160345 289.121181148069 289.578539316614 289.434803434565 289.504157194812 289.481090579801 289.21523414494 289.214594329371
288.923512597179 289.32444001115 289.01463074641 288.752103621678 289.320595074041 289.032665962543 289.330565090118 288.910912196421 288.963160927811 288.784964540053
287.986366318546 288.518817892331 288.00738353619 287.857963590184 288.324648916501 288.208878767712 288.372334175689 288.09918868664 288.013669675155 288.125763753151
286.805982844427 287.243162523532 286.959772632231 286.780770127384 287.145316283398 287.119910465706 287.100092483722 286.870990691884 286.869386025573 286.816400246051
285.776937425354 286.098473998339 285.8368035474 285.60108763468 286.210120950563 285.786057460832 285.971906466582 285.497046424766 285.721569720109 285.629377413406
285.093299995459 285.414947863105 285.199506137088 285.114213487542 285.496856623049 285.015866898582 285.313703286438 285.17924761622 285.035573241085 284.937943993643
285.055007007286 285.288922487504 285.206782200189 285.093618899316 285.79479446035 285.262157421114 285.182372473578 285.075131685745 284.936054823191 284.920045418882
285.15399087753 285.699081892811 285.597835684649 285.19058374138 286.017465094555 285.450419292525 285.330469007603 285.323843607026 285.279409137335 285.021669553082
285.947335550347 286.127222585861 286.125872780495 285.918074564086 286.463123884217 286.106649844056 285.748361763073 285.715210579412 285.838109828058 285.874413639768
286.856314195463 287.074553893156 286.851175759939 286.957992742554 287.473408590756 287.121084077167 286.77973856031 286.637871374444 286.755348832728 286.767719032228
288.096372977369 288.146950300269 287.904277059596 287.789299042445 288.473259559511 288.272271302628 287.939794412965 287.735930608093 287.905072960526 287.830421999306
289.065781656957 289.092366923803 288.928805252055 288.996753219664 289.568520657394 289.153210383592 288.969441367472 288.885649575251 288.883775657842 288.874120471868
289.269745745811 289.55260986854 289.379334117559 289.300780161657 289.586984755574 289.395711236286 289.155291927382 289.124026409088 289.079429961299 289.174007944658
289.213543972133 289.061343124624 288.98398940936 289.247731931571 289.109825259109 288.992911135685 288.865902502624 288.754380418875 288.767632233548 288.834396586931
288.343220516994 288.026105861496 288.049483720644 288.279406142594 288.274256438921 288.15867991751 287.956131436622 287.992977072293 287.943298912519 287.942894768895
287.191481811632 286.873331352395 286.972298552523 287.124157972181 287.007964049888 287.120624068297 286.870571051574 286.815224060792 286.708916198758 286.734407054894
286.076845979337 285.741606042709 285.914271472742 285.86396206039 286.136759375888 285.971769863436 285.691086006692 285.661308684702 285.620094895751 285.649548445808
285.667950622606 285.190127317758 284.894873607717 285.345399119436 285.246799498559 285.174524692623 285.387761812786 284.933118787616 285.07901939003 285.125022897076
