285.75753777913 285.724653082716 285.391665539313 285.983939957753 285.664490507112 285.668496205096 285.404698704964 285.570990610391 285.686231354859 285.732962460206
286.227823917129 286.143445443878 285.794002913727 286.241920628954 285.788667591162 286.186251626782 285.673257748215 285.975980576782 285.776051148687 286.080077757805
286.995096556873 286.826622180013 286.644544522745 286.838138123104 286.433449036456 286.80234821202 286.570937351987 286.543436641888 286.705589176577 286.764285017292
287.8932533632 287.763776012551 287.772358080378 287.608623955932 287.395272977283 287.661309757505 287.348942039073 287.500899256108 287.677083325951 287.697140661175
288.763318059393 288.676945969484 288.622221373412 288.705893219481 288.398821618993 288.692229574936 288.352186506239 288.553204564382 288.661322294263 288.530307493245
289.413775943674 289.363842685182 289.334050241159 289.368596506539 289.179955092643 289.554762945593 289.13423887123 289.155608840051 289.349344644214 289.180745987791
289.519466240843 289.509682908394 289.505318299532 289.45593377059 289.35580548705 289.756236561025 289.344546986635 289.491161289967 289.525292731648 289.575487578391
289.269598043457 289.322929927069 289.349997466855 289.286741004 289.163800547646 289.489626525573 289.117093579101 289.172583406117 289.306287643318 289.363459644593
288.463965387933 288.558700921377 288.463921850147 288.479832342462 288.38674581465 288.590654450801 288.303254475858 288.361878731167 288.611255407756 288.656289134779
287.36616001246 287.520151587489 287.377518287668 287.446841842823 287.152665081836 287.442188065112 287.110368228257 287.274200350444 287.528036985372 287.525321310148
286.524249259064 286.558298609109 286.387454784741 286.361425253151 286.147806556233 286.508325841532 286.083898397309 286.23305699619 286.582509566634 286.377720914186
286.217564263367 285.834087242939 285.779140979223 285.86110021793 285.573998271586 285.887948930797 285.349548253637 285.524929800567 285.956126018631 285.819464471829
286.329741327416 285.767432281078 285.840248490339 285.761197008693 285.236017344795 285.996252251305 285.216624716293 285.593080060343 286.137001344146 285.748790563548
286.575377071464 286.131566028529 286.419133582234 286.087723126113 285.673526108636 286.3481598152 285.632656900718 285.62035884762 286.616797457135 286.043149537965
287.281853274477 286.811243568606 286.863397680191 286.807559365787 286.434464922069 287.063318214306 286.302085900104 286.552000128203 287.028868790323 286.674641630388
287.879581271986 287.857803716598 287.727227634991 287.834827078797 287.539367628195 287.758267700198 287.399186275255 287.486029060952 287.882720518347 287.642407200719
288.910475503373 288.832491933749 288.695388916746 288.835866943913 288.482848936068 288.733015241176 288.454468608703 288.482680058305 288.87871414227 288.559623717512
289.416944393049 289.352419230311 289.463414405431 289.417326595999 289.265110896279 289.379304130615 289.113230115185 289.045639700615 289.406396497873 289.305909425599
289.663232778811 289.438807251178 289.750839522899 289.62255823599 289.468308026949 289.45865870197 289.361725662217 289.263795365109 289.585764672872 289.638309023708
289.489219887422 289.396982122776 289.431804391346 289.514409260724 289.366050472892 289.382237686478 289.198811900528 289.094985231876 289.408081835174 289.367931393112
288.616521913436 288.570974798872 288.641298049403 288.635900963344 288.626569839667 288.663725420548 288.386626859222 288.475149614558 288.635409942869 288.591708319981
287.54409281281 287.487712904688 287.617116010939 287.560230127598 287.441204828606 287.565674662015 287.008871186035 287.336141482248 287.365051238699 287.439914034889
286.507654844856 286.456928767135 286.60346057398 286.612134740028 286.406148197784 286.379351094909 286.067875069745 286.272882204553 286.230251070602 286.47920794394
285.870009300599 285.81724676284 286.231984219201 286.042658841937 286.026722736279 285.719569092716 285.457015097905 285.578842207876 285.679413196396 285.938091011169
285.912626301138 285.887214101235 286.296462132007 285.878020585159 286.008167003201 285.756605670578 285.35731911954 285.43777357197 285.553715690093 285.756966896161
286.151103811801 286.002991018617 286.399747939986 286.318152433314 286.209855507581 286.174515072829 285.69567185555 285.952499140468 286.060314051595 286.136955169424
287.044621128065 286.729744214047 286.968660245248 286.928638355433 286.914583089449 286.528731838513 286.55429593541 286.629775094573 286.594536509632 286.77571788472
287.843859632754 287.704410588227 287.835461281568 287.938830298818 287.76944191337 287.485811686545 287.522554357609 287.426532194585 287.546896615034 287.73147754683
288.607954998713 288.636625655075 288.834582025482 288.869149587712 288.849282275501 288.530546313954 288.609296456942 288.473301106077 288.465779243484 288.599487061571
289.271400665364 289.34651301878 289.531395888544 289.517504908219 289.330933657871 289.318437312081 289.206679256047 289.143907210741 289.259797739636 289.257918515182
289.551283643123 289.649344250463 289.680364184144 289.671992494964 289.64909719126 289.593069647473 289.53108311954 289.353526874222 289.420184317164 289.525413787379
289.375361892397 289.480239946317 289.493197758273 289.357487624 289.274373202077 289.234603102537 289.197337796692 289.049047442291 289.313176787354 289.269393150828
288.592916678936 288.700509592301 288.699779165969 288.82955202131 288.654831851256 288.538054098999 288.503848704987 288.398267930813 288.478512206095 288.579244420907
287.423870062435 287.565639799801 287.569494342262 287.573453705736 287.263814459103 287.445269836294 287.131986318432 287.28654894503 287.287499967806 287.461759380137
286.53810361826 286.593512516993 286.483185570242 286.55140333166 286.342265685068 286.323717599829 286.205267824659 286.068619293618 286.21706407951 286.464736741993
285.732821316798 285.851425160177 285.945437306509 285.880344730815 285.515581439399 285.75002981684 285.667213809763 285.456827606192 285.738198269681 285.79777080713
285.649129910139 285.961615694376 285.671634554246 285.791564711325 285.758870977531 285.729753689468 285.743144567527 285.379040280183 285.690297394366 285.81887828018
286.136773061113 286.379351059949 286.223088975886 286.283204450397 285.794414829409 285.984702519502 285.827961191427 285.844352202088 285.944120864474 286.029450323396
286.698766253362 286.905416156096 286.699447883584 287.056529212755 286.65962177829 286.596107901441 286.567312970087 286.736515507522 286.725358923177 286.672384732039
287.545434710578 287.828090299646 287.804694221293 287.846454291283 287.577403375025 287.446686354812 287.30742981214 287.653260464868 287.756412656759 287.688480690755
288.495867743491 288.690779171943 288.710603432486 288.783674839329 288.480589575687 288.394725704865 288.489655345867 288.597384745237 288.734202088505 288.658213405816
289.058111835536 289.204023516868 289.296329618342 289.49896104622 289.141734085304 289.11809505917 289.131991076906 289.438194886858 289.357902603189 289.346168050825
289.445929461391 289.439880402536 289.608753293522 289.568714515984 289.345459684538 289.446839138334 289.383603574707 289.676925196741 289.606555471783 289.66569917948
289.342965311478 289.266379202039 289.349921268512 289.312766805466 289.139117439281 289.146387076757 289.191253131002 289.419274050314 289.381838658365 289.37304531901
288.479231969706 288.503616234655 288.557699968695 288.522910531554 288.39243895029 288.284140409689 288.367164966742 288.537382116662 288.655626309693 288.589646333091
287.477303423942 287.385226017014 287.430695912013 287.389564212744 287.173958326612 287.159401828965 287.161251053707 287.526243913061 287.406807210562 287.496033332414
286.58687754174 286.295830885809 286.510585803029 286.279873315537 286.132105679047 286.114409342408 286.208484368087 286.446888727997 286.416513877645 286.449682777574
285.865511973412 285.762884595791 285.869392727718 285.798731660478 285.602902550863 285.651385966224 285.59849373219 286.014412242667 285.844929389114 285.866747184893
285.675039314111 285.667228893341 285.721249162482 285.78168783057 285.424234687784 285.360963056878 285.611596414924 285.819000366199 285.627661392803 285.67971739893
285.92344668337 286.043881409737 285.895844462003 285.875453399541 285.729706819532 285.844236308721 285.857201369559 286.135744090502 286.062924050512 285.959053188614
286.633884573038 286.827725775268 286.893442356005 286.916539296663 286.307916910751 286.388101151482 286.542567239781 286.865047243718 286.447861815562 286.459173224998
287.63724198539 287.748021513167 287.611976002424 287.79637472126 287.30176817211 287.374612978 287.619784961784 287.58058868254 287.488733576891 287.596869402828
288.492736417257 288.566743469007 288.482444152139 288.713410225298 288.388529582759 288.442701319328 288.627597560869 288.838435016314 288.444054081952 288.520724381422
289.192667746559 289.294916548753 289.30264245867 289.30626148209 289.156686344645 289.034934511906 289.217863957947 289.474033746507 289.244080297044 289.152480481588
289.398595667188 289.636405225171 289.427602823392 289.578286743723 289.343386339617 289.326089300463 289.496092904512 289.607290080989 289.602940566731 289.504539655325
289.265535284579 289.341174316334 289.338033985747 289.424901600251 289.202454860078 289.00484349747 289.332558117811 289.252192465551 289.268492295068 289.273193355093
288.5533140039 288.684698924907 288.507140746628 288.604314121156 288.452954383168 288.303111857122 288.416250311377 288.354199738618 288.487865120236 288.624918497206
287.303810817381 287.587950693079 287.209998156755 287.523389696264 287.368924268458 287.245834084757 287.373145921982 287.446913723038 287.471961809035 287.32061880942
286.35969151416 286.555145064842 286.318836837118 286.631630090341 286.135443188753 286.053768816685 286.420511737204 286.40841260205 286.421251069413 286.194965406332
286.026545929859 285.916434994577 285.635450957628 285.936815215542 285.74813773908 285.413535657259 285.801233489771 285.719568318532 285.942509378311 285.730667752816
285.994178432621 285.943231449003 285.435383082617 285.876595371659 285.653569895527 285.359240340728 285.858244954013 285.639452400332 285.93626494081 285.532361048898
286.047878069268 286.015758027438 285.96107216783 286.13805514491 285.62097710067 285.670048611574 286.151862160568 285.90857677772 286.143684342838 285.683736072158
286.874308266828 286.772293235259 286.5967525904 286.772279684797 286.72993943131 286.370108943116 286.709046269929 286.598980215309 286.791619718986 286.699722276731
287.697672374454 287.654816985887 287.70169679024 287.709103756178 287.364678320342 287.191233638016 287.582049837954 287.507807484746 287.730941760141 287.69423920949
288.66408308867 288.600158016508 288.678485872659 288.802030629153 288.381920138638 288.265621697212 288.666999859559 288.523344126821 288.5875433076 288.532020937252
289.41756495208 289.405951845149 289.278572200119 289.337969254108 289.192887187685 288.912936399292 289.273055711803 289.108240738945 289.302412371199 289.237004878122
289.643863674407 289.598025526097 289.635699185665 289.580847501311 289.256182417592 289.207192179287 289.495113016453 289.345348939156 289.576031229459 289.486512439902
289.306378128476 289.444559749113 289.439572415501 289.354225773603 289.179236859705 289.068578217297 289.179546751813 289.213855692765 289.199947091427 289.251449090479
288.524145411185 288.563646339171 288.728201552207 288.701840621419 288.435916617574 288.285036532717 288.325481739117 288.466419269049 288.495480495655 288.532991155465
287.307213134521 287.410067306672 287.400469379845 287.72480257486 287.345782389076 287.031543358685 287.183073059429 287.200148011362 287.386216035782 287.338432538536
286.343819475717 286.378620173453 286.507662320824 286.621590070386 286.235010469341 286.008437910768 286.292943986416 286.086405763663 286.433484419663 286.133350027266
285.791968803394 285.991251548373 285.762816927173 286.026722252009 285.815665716397 285.299993378951 285.638133897997 285.517049866906 285.639157241547 285.463216782839
285.695288950369 285.873292579906 285.954849217313 285.948399553591 285.764085623521 285.15720259751 285.625549461701 285.446148567782 285.623762208128 285.349349729194
285.825078904985 286.021344694311 286.058676875115 286.129534080355 286.157022177838 285.504213774982 286.201103698645 285.803123583187 286.22109588048 285.605276524309
286.551838984545 286.773795662617 286.855599541179 287.034453531286 286.614783021835 286.373896473988 286.957742265873 286.407673547441 286.914725809514 286.590263024165
287.506051004697 287.676726730731 287.851795796338 287.863701455604 287.679563112321 287.385037595174 287.722202616775 287.43590269543 287.723799639263 287.55466260028
288.461020853022 288.59489756054 288.630784810269 288.83773437946 288.728394515173 288.456236613197 288.674295827817 288.218885432695 288.700260467849 288.422277793194
289.182903074551 289.444010432483 289.32535163644 289.435549593135 289.248898106688 289.200317225072 289.200548730725 288.919222544212 289.319538109703 289.126938439661
289.459170344244 289.576183674351 289.643857007509 289.43448548627 289.402386221178 289.387788315681 289.506374371507 289.315610749499 289.688927954734 289.448744699539
289.206038249748 289.38263784289 289.442880976684 289.353940296447 289.293626870571 289.244519903431 289.351844648499 289.260060373185 289.45988510829 289.253841935048
288.464149750139 288.568184167099 288.627286131975 288.526256418921 288.560906429566 288.353964805685 288.600953623942 288.519928514709 288.717015186323 288.631712101739
287.352011267271 287.528390146102 287.457348590687 287.396342902071 287.582936512505 287.272633400861 287.492767222775 287.40791480992 287.612054729418 287.471172455749
286.398986027713 286.33965178213 286.512002846562 286.414381904117 286.584338447956 286.412544503142 286.475203259606 286.397748139402 286.610145066597 286.268459614652
285.79900744977 285.807496550375 285.747922325929 285.779139592103 285.96931994855 285.847218442893 285.678039054029 285.717507090133 286.017378680045 285.697752555936
285.606071172348 285.867751736862 285.779057611811 285.680599725946 285.96058323973 285.569676922828 285.919502309554 285.771643830528 285.995585502272 285.598886356794
286.02424706662 286.081312104385 286.349933610178 286.101803927173 286.12956006593 285.990351724922 286.302687741357 286.122583542054 286.482911581337 285.854963698903
286.545138158496 286.755936573742 286.797337850425 286.724399820338 286.934696735344 286.646197327319 286.931913189483 286.749618943263 287.048307632782 286.559422642909
287.5824180443 287.70320326721 287.709431829728 287.840460397438 287.691268604608 287.743390578246 287.693491099889 287.540886447446 287.904198463267 287.57722504781
288.551790497954 288.567811646285 288.626230318112 288.694268947846 288.802362207373 288.770529444394 288.621407199663 288.636073104609 288.949452266582 288.535145005558
289.279404730822 289.224252168426 289.45941524684 289.371483674371 289.273587051329 289.251449397281 289.292074462446 289.253545842272 289.520359842145 289.31452130491
289.393418914979 289.576760928315 289.691304132541 289.716030755741 289.466142857029 289.571589254216 289.551742367098 289.510166968591 289.612858016024 289.622791824512
289.294451050447 289.396587872671 289.676282208067 289.417905648731 289.159741356254 289.281941741188 289.407744362 289.149525138884 289.390197516947 289.383528016739
288.60787415811 288.670431542583 288.844324519939 288.660759508412 288.368679407985 288.483838646533 288.651933287433 288.452619668581 288.576158268116 288.624784680641
287.498842762285 287.576433300375 287.692059798671 287.749363030144 287.235114781541 287.175508992108 287.573843679153 287.380528367587 287.581219323706 287.561215543168
286.512581387131 286.471976363691 286.61044339829 286.608042104 286.176085601511 286.216758793184 286.489791507856 286.564763418886 286.313124969535 286.597127046158
286.128496371371 285.810670183637 285.992861766775 285.884527466538 285.551116064907 285.594238579983 286.044988383406 286.135554319762 285.794584970631 286.02531851858
285.947939315022 285.721093043546 286.070639053595 285.86083479751 285.278818798461 285.631133155027 286.324941433525 286.056375675471 285.861898703632 286.071485204043
286.163713711357 285.983127715438 286.482758210814 286.173321992364 285.945100763764 286.039686280603 286.520174706606 286.051145103267 286.086919686885 286.143860151311
286.888788804037 286.791787853238 286.913521253343 286.79424400197 286.612309293049 286.665966932687 287.111714806743 286.833139867096 286.575673758329 286.922162537084
287.852915447433 287.472245612747 287.954627267569 287.744969508171 287.536662351234 287.478788502193 288.019837126376 287.572488677478 287.627053790437 287.833210740125
288.900115935437 288.476837877404 288.976019578897 288.784355054102 288.494570312061 288.431420639465 288.803310981174 288.445417503627 288.599702150933 288.840818126138
289.344329940931 289.155491138265 289.566377302016 289.395809299649 289.128263044114 289.242303697843 289.537203299496 289.205111274551 289.185267871282 289.423586495932
289.531674351191 289.359745239101 289.706757219597 289.711648069605 289.39523167759 289.47958651763 289.752835345442 289.431311043616 289.45892369804 289.789675929325
289.423606384162 289.275016479205 289.569220888291 289.437250412828 289.196700485977 289.351749943735 289.528771546816 289.338971073601 289.297791875467 289.561214573547
288.569960695483 288.516960179985 288.782322552903 288.700805529374 288.495677652277 288.579435614346 288.656691931117 288.496759449597 288.513498698416 288.728614867423
287.406771147674 287.409540019991 287.634132824732 287.625388562555 287.252486233835 287.44825375459 287.567276176461 287.221456758473 287.343599490928 287.637687196084
286.300366635216 286.343432646336 286.585898000683 286.508687069101 286.321648301716 286.408844964522 286.540182523244 286.281152862712 286.280802641738 286.637947307443
285.673558817905 285.676058305492 286.16913718436 285.798158864703 285.592331044218 285.920650527519 286.051910037805 285.772962591464 285.556944197551 286.052086178077
285.799714763799 285.610767460656 286.105100866842 285.758572505413 285.488119408325 285.837548065994 285.984115659264 285.710117572542 285.461299031 286.06299896535
286.271344995002 286.015875940565 286.401153257689 285.887138913614 285.825847778224 286.02125363095 286.248928115481 285.758574909039 285.966274178648 286.473990456707
286.761372980109 286.489073982941 287.020588063495 286.729380677297 286.557161571308 286.708588641056 286.95401262629 286.5468163354 286.73625775055 286.819028296519
287.615978116605 287.638011622783 287.977743758527 287.64155920111 287.413229880884 287.618035864417 287.845009778507 287.407345208976 287.82289442416 287.709248374864
288.567143860142 288.597236900599 288.833361597332 288.678118398973 288.426360492428 288.745652047675 288.782224477686 288.250295017138 288.588862943684 288.68637432364
289.289971595207 289.212355101641 289.544008105348 289.380365250464 289.230146084658 289.297234485601 289.389421070235 289.025863518757 289.099949814029 289.186196343201
289.531848652207 289.499841924594 289.808151423595 289.570273662701 289.387330025807 289.517431197376 289.506317737417 289.210607161979 289.527461468637 289.63801374312
289.308750688856 289.179441921017 289.592183568832 289.299861068355 289.297092871638 289.348609975161 289.148555618219 288.963331459387 289.32021593736 289.319881412822
288.619948042965 288.509697486598 288.680074851039 288.653819708769 288.393155233895 288.532352487195 288.301866411139 288.217483174165 288.528012882313 288.647667624752
287.531358782077 287.340715312348 287.546043841325 287.370317574185 287.227094100695 287.416676932884 287.292475327473 287.072964964836 287.376516499216 287.489008919783
286.50708926236 286.34888978017 286.289418599905 286.064368406649 286.218233241978 286.3573618952 286.311399373673 286.002380096187 286.303495297394 286.400557351136
285.83068311369 285.748989224812 285.809964590997 285.516047589798 285.668609815692 285.891768761743 285.544934019255 285.462405177189 285.866823520503 285.765223690784
285.667767658544 285.810788795331 285.797580580385 285.369216046423 285.573420524688 285.841662153723 285.455062569614 285.460003703213 285.53967027225 285.625725575355
286.040487536055 286.069269640534 286.187809460295 285.813964710467 286.100797791585 285.912551307063 285.761961708618 285.757045932141 285.716492627147 286.09307342886
286.714369485203 286.633934294863 286.904801460073 286.670955312798 286.542138225546 286.696508399387 286.393089761278 286.319767528828 286.527156475907 286.774738067652
287.681258345402 287.614335509691 287.852190071396 287.58791908737 287.619909111111 287.590201524301 287.355704784123 287.38214997817 287.513340805527 287.750826973647
288.701386599077 288.61828809246 288.697676479074 288.382047990063 288.401841321323 288.62347569879 288.455803294575 288.415365477554 288.572947742566 288.679172213865
289.367385815555 289.361222550188 289.32486348044 289.280128503821 289.067628514548 289.219970796211 289.173290561286 288.949417032694 289.217046258593 289.393156870392
289.590862319211 289.556265456993 289.656866107166 289.558444637413 289.330446752601 289.462434996596 289.414852234397 289.336188494566 289.491981736004 289.60168274534
289.312665035786 289.345584934043 289.406156644876 289.235382600527 289.151293355697 289.340979447047 289.25059406607 289.142461729325 289.149250053967 289.33084752336
288.51357825314 288.5153482903 288.750236254664 288.549665208399 288.337128682989 288.439473373082 288.412046159544 288.411238962201 288.321355907942 288.572571744
287.324086295159 287.43921445817 287.554100979984 287.321409664308 287.305310469758 287.373760836946 287.276900646009 287.294210263073 287.150555948936 287.432435697462
286.314152698057 286.522316624671 286.502921143668 286.319330979323 286.297887849379 286.126904413951 286.086718562461 286.285056985129 286.039723658864 286.617525056399
285.809621998018 286.133382763511 285.917225899314 285.780266459318 285.755208863794 285.361970986865 285.458817945634 285.765634492475 285.657422017061 285.862413174747
285.662461740011 286.101024619121 285.909507268917 285.667646488488 285.844681449399 285.325791205011 285.650686352436 285.782795022136 285.549614954418 285.764639660427
286.075354508793 286.386651548719 286.453325674378 286.154546867723 286.036864482146 285.842486119803 285.813304750179 286.025647712307 286.110286202614 286.242889348133
286.805278538387 287.133287532044 287.058525651078 286.646265531273 286.736607018267 286.474512510271 286.5285583239 286.464737415535 286.458676491554 287.145484588171
287.727368517101 288.086904280607 287.79164349241 287.646163039953 287.603660434752 287.524776081978 287.570360543317 287.631540212778 287.49847040956 288.006043193841
288.706501605754 289.006989505331 288.780398433034 288.70694865824 288.446140978106 288.462098237026 288.553075782854 288.566607283932 288.540436285216 288.807882847829
289.302378532653 289.503238746234 289.366856050879 289.345337221059 289.16699593713 289.16972735693 289.272156185895 289.331583938244 289.146909350921 289.509828896447
289.605383218963 289.626328552741 289.569385572666 289.545831874333 289.524073076241 289.409273117086 289.508101231062 289.444345228586 289.446768856851 289.712558032402
289.44789196947 289.405209789698 289.484654901378 289.445926192891 289.102237936571 289.131811594399 289.27906677392 289.180036472513 289.221153096668 289.431996525485
288.611154551545 288.658956832545 288.540621577181 288.707447676597 288.367574048406 288.335795949877 288.375365896188 288.390041414647 288.459032088079 288.601752303181
287.65218705744 287.438927447195 287.54193857826 287.502751659499 287.221271343543 287.246575400805 287.352456658451 287.373074865058 287.361808371877 287.515265629512
286.574931140324 286.332829318881 286.502778823827 286.567310552743 286.098829226201 286.228515988235 286.253281295814 286.24847200328 286.241035430253 286.495076325587
286.122000839584 285.766048146947 286.018990627125 285.855622852345 285.552916234497 285.528206849857 285.585653314611 285.627158495297 285.583982787952 285.946664096986
285.826164039549 285.757022432644 286.051002918219 286.044718639404 285.383091948243 285.392970989272 285.761936384102 285.763609868342 285.654576466654 285.946856151036
286.303627513378 286.206950779521 286.152520143454 286.392062461619 285.748748919874 285.750736808959 286.055782549399 285.677225926277 285.935086261036 286.297703405521
287.077066292323 286.810855477448 286.747275534478 287.116542506411 286.516989072903 286.347538029316 286.787916794241 286.479328358817 286.538716913737 286.730760542107
287.815518931028 287.791293377521 287.642663622559 288.020697763183 287.420948481343 287.375092099507 287.772030066203 287.427666050146 287.388215101489 287.706362886476
288.764014887522 288.720852411118 288.72322615753 288.883885849254 288.312659287155 288.511064664949 288.646494361828 288.483293947908 288.429682578522 288.678812827998
289.311813743453 289.409617627101 289.322738282424 289.552995374231 289.074185558965 289.138922559365 289.16426048832 289.236567349131 289.267759318422 289.334852831682
289.451917800087 289.6175593372 289.672049670908 289.660920800716 289.375435978857 289.450990759327 289.447333914254 289.539840552193 289.429828330671 289.595352605668
289.300552242946 289.452339341951 289.417940032296 289.475672885271 289.142434477839 289.203141171935 289.314921829032 289.196630070663 289.125819581517 289.256063420422
288.576215431806 288.482393497662 288.534354176813 288.647871926099 288.366467173583 288.368641794259 288.440034301579 288.469495380402 288.344666875751 288.505089617827
287.402928285002 287.406654760067 287.507855995073 287.361870448223 287.227796009052 287.20145906452 287.385822204443 287.309172119533 287.261793050496 287.309902592272
286.2713704936 286.31285407345 286.419652149331 286.379241103757 286.093741348401 286.284101781278 286.374011485382 286.237127834862 286.241735994117 286.268310390627
285.818320359197 285.623674036618 285.769400147401 285.55486804238 285.586005144872 285.579255735205 285.850999627053 285.634655536807 285.543508581847 285.68991557526
285.617928174212 285.778106746221 285.745942202721 285.620778300502 285.692026125505 285.456096057893 285.692406839539 285.63622052481 285.626086785628 285.773547889472
285.880515563768 285.99737063162 286.198619436775 286.102461945967 285.922820886049 285.749819206221 285.935266312987 285.833869417108 285.953235182318 285.961055481534
286.797463627998 286.694399070835 286.761046415552 286.778315368445 286.462726045853 286.544194653586 286.772054481046 286.61188460863 286.585646272399 286.678065361466
287.73245080305 287.6379780502 287.68842531279 287.608135944936 287.532169640917 287.490425962138 287.657865413216 287.578934629297 287.443095479184 287.671001694325
288.654385917639 288.631166863894 288.66787331155 288.676363005501 288.480054448696 288.550885515291 288.706867380229 288.488856182815 288.489224595592 288.524064312666
289.326120481523 289.290619021515 289.502439752485 289.324611560748 289.207808796288 289.189606778279 289.254911512425 289.165519487997 289.013797423629 289.122839657959
289.596707558812 289.569624688343 289.661164809767 289.490952423389 289.546384414284 289.414499508563 289.49015092783 289.448621800482 289.212575756613 289.480203822287
289.409144983094 289.467139513312 289.47865258743 289.338897298293 289.243436473825 289.253333822884 289.278455246083 289.2788260685 289.071186734855 289.329584253709
288.574002984518 288.677456244454 288.719406000613 288.41942475373 288.40543959155 288.461387350387 288.578904525854 288.40373155221 288.481400507838 288.548352422424
287.591915639491 287.51038688797 287.630161254112 287.409452481407 287.213330179265 287.280092716384 287.448361625581 287.156718314105 287.2762880071 287.301864683747
286.585706685103 286.571970705944 286.332988739118 286.372181039786 286.249851433876 286.294468606923 286.441898046856 286.247662162127 286.105729214373 286.251235742757
286.019960656887 286.067937233166 285.643536409154 285.792736343539 285.789701996871 285.74665656333 285.819015636105 285.800362959142 285.714085296844 285.821484985104
285.962884204515 286.293439236771 285.952498970917 285.907249424066 285.79275138148 285.545833956323 285.901968616549 285.67537560914 285.725117594796 285.423644226821
286.270116392417 286.519896852153 286.21337087758 286.134910429116 286.02945444228 285.903916041042 286.161149319643 285.964381421547 285.867669908897 285.892102290616
287.076021551692 286.924929837508 286.927386563872 286.775861255524 286.55457330913 286.479988644816 286.810477358167 286.601512296569 286.656288733725 286.539682080985
287.972896602048 287.905381211205 287.736742962742 287.860647584767 287.642356320186 287.5481030994 287.613435564963 287.396082422641 287.727842962768 287.564203385766
288.909977981616 288.720500805381 288.86588252196 288.751526475523 288.568601235629 288.632672030633 288.64659235581 288.484355156623 288.788643494139 288.46878331459
289.465313659046 289.414866177769 289.441361831579 289.479836532644 289.328444502492 289.262425520931 289.370792351737 289.214034296768 289.29387212716 289.206628600469
289.746236071932 289.618837749174 289.678801191393 289.554551801618 289.582671608049 289.491050964569 289.512757955207 289.41117447252 289.516963417735 289.453373424996
289.592069312853 289.548835275253 289.399239839258 289.370800995496 289.248136005308 289.262361690658 289.331503718791 289.226767016931 289.266902858368 289.241531905707
288.718655126395 288.6728511581 288.622108501322 288.545115218693 288.343175684426 288.494051946349 288.492280464909 288.363846031457 288.520335778659 288.449674093063
287.515124750098 287.625301338041 287.545019848596 287.44551085495 287.340916595934 287.349569416151 287.459350714707 287.218304456521 287.311111558945 287.244181251376
286.534985986749 286.574501964557 286.492504397732 286.315619289661 286.382945362792 286.325286744172 286.46701636128 286.357301844122 286.287889483841 286.255176308922
285.819235700865 285.895707069118 285.779481502126 285.738199946416 285.554304586019 285.688757142529 285.786130899491 285.732696163489 285.582872767372 285.473489891485
286.040581938792 285.792684490831 285.84437139763 285.668625112234 285.475055071276 285.559656324744 286.03012363304 285.60649566213 285.636685056372 285.549205805097
286.335538570231 286.171793627254 286.07602783396 285.934529587209 285.786160683952 286.056907176783 286.246121584766 285.988997388787 285.695384820892 285.790531350454
286.824624162784 287.106214543783 286.766948087901 286.867310147888 286.4958590274 286.697180582979 286.79677805746 286.639604031988 286.592362226868 286.555625817975
287.741943946705 287.780823032748 287.759595183017 287.807229255144 287.461505716983 287.746398409458 287.707517888329 287.682338023136 287.4450500661 287.63592595938
288.684990457188 288.633440992029 288.736641962852 288.57271778718 288.494507127128 288.607754793161 288.612221775289 288.654207460984 288.547130648882 288.585480597796
289.37726973045 289.502712399964 289.421289484138 289.27099684986 289.173826430313 289.183591459521 289.218625954534 289.395158278063 289.253387712678 289.286292389241
289.639446959596 289.630642488779 289.72318221454 289.68775336417 289.445614864576 289.502465930438 289.591193476464 289.502403328704 289.564101688866 289.63447249336
289.502287554734 289.407854063771 289.459388687857 289.327782058947 289.203838515795 289.28024082253 289.33023243089 289.309074978608 289.399427673262 289.403383880478
288.646811978738 288.427427029965 288.690036872487 288.577474371937 288.520752431345 288.487620968088 288.543757769436 288.418858358502 288.499221549041 288.643107102351
287.548276689968 287.42410529848 287.489367445606 287.481979947943 287.323322841942 287.414362112546 287.265739086762 287.326206172442 287.404939954063 287.368286245232
286.462119609682 286.355074798934 286.301399727227 286.297917664789 286.342917384947 286.304451273733 286.31042522547 286.31105330991 286.329058100057 286.337804000432
285.770469940823 285.850481586409 285.59056369637 285.794743106748 285.815048363032 285.939331286233 285.823760723995 285.823267569668 285.763654891372 285.951417775387
285.666496422103 285.918928995241 285.682725566877 285.650647902015 285.644780328782 285.90646193865 285.686656990524 285.477778757283 285.688272601794 285.902098134621
286.113747653772 286.286866450494 285.997173684031 285.850816507663 286.135764224134 286.142724986586 285.987059546995 286.107820678146 286.083932538751 286.423424768225
286.576500362227 286.877988391676 286.618719931096 286.558009938013 286.621350488877 286.763744622949 286.574060327533 286.452427822355 286.842031595104 287.21185275268
287.673997883039 287.746949902071 287.552966373044 287.527464958814 287.597833263348 287.598881012959 287.557631920541 287.678137989393 287.570047874192 288.117091799027
288.636992385532 288.75635879914 288.596485977168 288.647377044077 288.453160712684 288.677179521035 288.512724193406 288.65016007295 288.503402187282 288.974836453171
289.307560117654 289.494574657114 289.265137846358 289.334005398345 289.102858631107 289.186404220271 289.148110374282 289.319632528633 289.326962899363 289.488974941708
289.651846650756 289.782988367086 289.594066202154 289.480733873039 289.489233977151 289.459182686571 289.501535428423 289.673679378084 289.572579366538 289.679252015013
289.584702782935 289.344537336951 289.406487658276 289.285047223021 289.083914664248 289.297757039843 289.31223981303 289.337851788667 289.362681218784 289.364604266893
288.83962179564 288.68610467415 288.76554474184 288.598088112492 288.194684435465 288.525961389383 288.620019295343 288.710097976402 288.54478173943 288.499418992882
287.663307399364 287.484083453737 287.699810849962 287.455978143732 287.069576276505 287.310323728405 287.543483223686 287.52448601856 287.339036509598 287.423343393785
286.609591549276 286.480376142494 286.707646884977 286.37414763158 286.025259123361 286.264130985706 286.448266233375 286.416946499603 286.160973738369 286.370760632777
285.834611101225 285.900906829798 285.920795044785 285.826373313504 285.425506344575 285.474802544735 285.808042601619 286.010681969973 285.587274909685 285.731647937069
285.887720729564 286.017930673905 285.816512886114 285.763670096471 285.465119638175 285.679694937047 285.853877669806 285.742553391303 285.752482967253 285.783714039376
286.207193844779 286.385229377226 286.275570634673 286.271559421738 285.782551736526 286.098173999974 286.260171773408 285.964835311705 286.014663400132 286.22197710392
286.944216964135 287.0589137087 286.963894566896 286.879944486314 286.317042575399 286.699137630424 286.778731122411 286.798919989206 286.549067056906 286.941514612156
287.812342919122 287.793765589086 287.77713068679 287.594384559249 287.297693134584 287.496750884532 287.741929312319 287.690445402673 287.494744822048 287.688128593477
288.791141475923 288.630243758126 288.718833918371 288.578744795022 288.337476244056 288.579477690376 288.814609264414 288.644712052313 288.589455405681 288.742776079159
289.329333079019 289.495088246489 289.422055408597 289.1590676967 289.091421922801 289.301631974657 289.487039286952 289.286690121357 289.272195685705 289.322079816266
289.696667681129 289.57974473941 289.76883402143 289.507437430889 289.309608042367 289.533587538323 289.607863415299 289.739944694551 289.46130925577 289.480464026992
289.488803999965 289.319675128915 289.420165482291 289.200574433588 289.087453609281 289.280262194271 289.402670003117 289.462076191384 289.318859597637 289.214413491943
288.60144533375 288.48208172864 288.652428416168 288.500176897476 288.405085180767 288.527761021028 288.650391513664 288.619142360705 288.636932235936 288.64297997319
287.565077292808 287.372881963535 287.528996845537 287.499148247708 287.128509941393 287.451325679981 287.594644981551 287.392178438105 287.460728652846 287.470776912108
286.432543375802 286.284121125894 286.366773447177 286.32399557871 286.17670354085 286.203725981603 286.720550951604 286.489580137571 286.398697490946 286.371814317654
285.839328093711 285.56587115792 285.706260235394 285.774382828477 285.705057511862 285.584571252041 285.908994925205 285.923946504617 285.786852285917 285.941291710428
285.607498796677 285.521574614051 285.65703168298 285.713382285858 285.315905094519 285.612445157481 286.376802917212 285.803600341413 285.677163264932 286.027618953942
285.911671031839 285.959879974415 286.205425992024 286.118965845692 285.584659019735 285.848029299447 286.642190139941 286.055837147751 286.070783358061 286.380638527877
286.663205418401 286.666369819965 286.751219384224 286.909859981829 286.379992750183 286.507015752735 287.317373687248 286.770339272931 286.777149171592 286.910120605022
287.642830392692 287.568590000956 287.79880002296 287.746061931693 287.433212018157 287.644755814239 288.099249787942 287.564444186101 287.688301316172 287.686020057306
288.601065828989 288.542488396884 288.707542084075 288.626523768682 288.462020227834 288.609135675725 288.99973260171 288.721505160251 288.795321204043 288.705081095204
289.267481521307 289.216190407655 289.419365189172 289.383196636009 289.095697248977 289.159868436937 289.525211315424 289.336554845578 289.410982767499 289.497992534717
289.644880014224 289.480925010731 289.688870092993 289.624769726816 289.379964918809 289.516880426861 289.723642303021 289.636902385404 289.405643140011 289.698553881112
289.392384116268 289.319737391141 289.525419057562 289.266688349255 289.105903245858 289.193383307964 289.576624563567 289.36201584819 289.17979261394 289.48570946801
288.688117673634 288.54939928184 288.624640694138 288.597799425256 288.388506405438 288.327717124891 288.680015217877 288.548151272808 288.497870913911 288.71141517592
287.606216175217 287.642054887653 287.505154911629 287.369919209499 287.273774547871 287.233164361742 287.593808658442 287.428044363817 287.362551708188 287.691471877499
286.571723252059 286.442626932259 286.604158085 286.429401089851 285.984114230935 286.12629091978 286.4735251445 286.483493093828 286.387190288564 286.449050170533
286.059931930516 285.94018667726 286.080810292899 285.982295758485 285.557696465267 285.581986890056 285.845652813937 285.827923779318 285.962261655646 285.935854812391
285.909664515562 286.039401117605 285.867742219272 285.844159716801 285.737132181162 285.570016582306 285.758949174752 285.977965250857 285.892913656308 285.996391098429
285.97048843316 286.303001244491 286.10671345561 286.315094902775 286.090204891192 285.96689766087 285.895467991181 286.127141783808 286.11543110039 286.353392267725
286.809950076713 287.087270743712 286.846471406159 286.877256051789 286.469834998828 286.370033890857 286.682377299788 286.99003062937 286.822097537748 286.969467933897
287.833788916507 287.932094084596 287.944642347652 287.790287404468 287.480232083655 287.455304367507 287.628156904271 287.78328890804 287.653581828511 287.724516761231
288.632283690125 288.903084521738 288.855756580543 288.593709010689 288.510947334196 288.489176923353 288.566379760433 288.722062468739 288.700006549331 288.626101158245
289.395322590709 289.584337074088 289.435454946 289.339430916978 289.130594235826 289.007249368217 289.310947366297 289.414403951737 289.490827326599 289.290733193955
289.756351180542 289.746437586652 289.685863981937 289.6207813731 289.42564223175 289.310669653026 289.632922194873 289.656617403472 289.648869794678 289.52961611651
289.495946175405 289.354864093976 289.414235095998 289.391268523153 289.206052034007 289.121017962868 289.343582870133 289.487263193092 289.408660843438 289.41534456599
288.712099682945 288.587757852246 288.634622758067 288.532143783103 288.346918638548 288.32143144053 288.498643468979 288.580063663679 288.601839947523 288.586332986063
287.744024126818 287.470475392794 287.5676547042 287.466756227923 287.339402823447 287.310446330634 287.283746118799 287.53462984632 287.442880559314 287.624362461713
286.700575336042 286.377925850296 286.61016823604 286.463056525577 286.257673958961 286.33986555881 286.237130475405 286.45105310121 286.430699604078 286.386715839497
286.031653173316 285.884608683208 285.897914388167 285.847315953606 285.429476072025 285.618633722115 285.634905118245 285.938979052208 285.717831038129 285.913092635703
286.041953439997 285.817019841666 285.901198414984 285.779657320942 285.491915928631 285.469520235879 285.688762143719 286.074198085234 285.885878848465 285.968824943756
286.290143001936 286.096031313138 286.234021684496 286.159974224063 285.914579834387 285.759584289792 286.041895669737 286.383310793303 286.106488717726 286.213516028012
286.864121334946 286.622309498582 286.754618064784 286.740883449377 286.499946149053 286.761561801474 286.637532933311 286.955017983228 286.998665545649 286.958389737993
287.922588871241 287.609441614422 287.794241394906 287.514425667612 287.511342892275 287.59636094902 287.710985630104 287.904949624791 287.872586168713 287.607183124244
288.985751448815 288.426614565521 288.836548096277 288.513349627567 288.585312070745 288.475683270755 288.560166182204 288.75517017395 288.914563259707 288.515843035371
289.560054505077 289.159536872992 289.404188551687 289.192226929573 289.2057397043 289.333449026186 289.340206822711 289.43652583597 289.547944831481 289.232679035733
289.715361109571 289.377796601148 289.682733335672 289.497179269813 289.3315282669 289.49404019758 289.53659836313 289.61361843285 289.81502086593 289.42732601835
289.270040615995 289.318163151846 289.460175216928 289.373592181117 289.031074692437 289.129933818164 289.442830312397 289.352266819504 289.455006576049 289.217715713965
288.48080115299 288.364562803411 288.660954376512 288.620932651757 288.370857909744 288.44459689076 288.731418965002 288.480340999032 288.647130196477 288.604236886535
287.339135198091 287.262977681407 287.496060982616 287.588879703734 287.196835573949 287.448679448019 287.589104521157 287.480028133461 287.588628079875 287.460121541601
286.476609983741 286.289587194537 286.490905046566 286.478888922984 286.254495052106 286.463197513859 286.604996665112 286.438092643416 286.732422486743 286.636921078091
285.766026900432 285.590629136207 285.874972057201 285.872813101127 285.600398344533 285.819083601772 285.828031626617 285.75657516593 285.890380997149 285.782431887677
285.858313341263 285.470536583463 285.847029425789 285.775313803301 285.366418374034 285.748496232182 286.137766946644 285.822318189591 285.822836065097 285.742795661118
285.891068249822 285.867466384033 286.346025950281 286.109873576923 285.504341838353 285.934941531608 286.501205755206 285.962173034848 286.192743309581 285.993632248377
286.798920488625 286.568763044864 286.708068644262 286.752534793018 286.396204183779 286.599160836564 286.989005884953 286.684750647859 286.827216957359 286.640280119969
287.538729782449 287.618805696049 287.641557601066 287.83328753737 287.471362348611 287.472033618482 287.877975906798 287.609352595085 287.878309911555 287.577301737635
288.45996575862 288.478050337673 288.616033915039 288.766559396147 288.403505031992 288.420430154828 288.802640862503 288.553609282022 288.830720035253 288.644053177438
289.164089382921 289.167507015429 289.432846261496 289.40463854053 289.133724531065 289.191766585873 289.422714065682 289.229777927084 289.452321967037 289.194747996497
289.646136893146 289.458742419435 289.555232098226 289.56367314842 289.295793329979 289.459628953094 289.64667987652 289.467011876962 289.70674556271 289.514376107497
289.36100161847 289.178477341595 289.336005810351 289.313704693682 289.114504381866 289.225304383515 289.359263804222 289.297958552451 289.459275721873 289.333618525871
288.646260524499 288.502974415134 288.512261951476 288.618468835931 288.30874136052 288.336421355842 288.486709431494 288.509208873625 288.677612253209 288.625269214168
287.470064269654 287.442950853294 287.45847866087 287.418876765669 287.087493802198 287.179043956119 287.404428387653 287.309335072806 287.45788160449 287.44730597051
286.415046803829 286.683184241971 286.366795040106 286.354351923016 286.137513942847 286.285203576891 286.460240467826 286.31346238812 286.489318397916 286.355577756306
285.781146137498 286.078959163804 285.705131074607 285.964083613263 285.667135548583 285.665989828711 285.696374715095 285.898675718203 285.991912328493 285.841941932389
285.690374417138 286.074617317515 285.719016784178 285.784991564459 285.427096327609 285.511188309284 285.75334049004 286.020312545486 285.567618084938 285.611859130405
285.827662496931 286.163883978088 286.160523593524 286.239348612762 285.943610742652 285.967608027086 286.145867640159 286.366374447527 286.036640296155 285.948347633653
286.716668664065 286.757932741826 286.876817849592 287.017543469832 286.664102984962 286.695131499476 286.631896843916 286.833941269695 286.624500217714 286.65537175843
287.69841289822 287.704208274962 287.97941571419 287.744105279616 287.558204992118 287.470376258962 287.706837458038 287.899347436554 287.784307238278 287.508995656615
288.703227035451 288.705015011482 288.959019455419 288.622630703615 288.62884062636 288.502977742028 288.533379783325 288.806698877264 288.73512404601 288.497665852623
289.470883970721 289.372711155795 289.602835215631 289.457329128306 289.324336203681 289.163765788466 289.260097397639 289.371596856311 289.303196415831 289.222054844257
289.642437170308 289.541529160085 289.778980154201 289.647285738305 289.450053525946 289.365609290116 289.516184069192 289.763395566317 289.500155254558 289.419466571398
289.454423001863 289.38301131943 289.442358854822 289.483351229412 289.155622794099 289.203225410204 289.383830117049 289.46846088383 289.399043615866 289.115681023293
288.578409356542 288.588853831232 288.696342491122 288.748577039368 288.443620445909 288.394460161011 288.55965856807 288.707823022853 288.49496002757 288.418652708307
287.300776633564 287.51647037487 287.600621090992 287.588516813104 287.311591851932 287.38251339177 287.447544317779 287.665005701151 287.386092316802 287.272010235497
286.181505996085 286.518485468088 286.432650527475 286.670730835365 286.434063155221 286.326538905082 286.466503612661 286.6651716616 286.352069976503 286.174900598445
285.653980712991 285.921582175805 285.973053892092 286.089338963455 285.615953229826 285.658246320919 285.852925742424 286.141000127731 285.825638231122 285.463898324651
285.533568550439 285.845379113027 285.975837923367 285.954314485445 285.801827674857 285.624222826671 285.724972851015 286.232389782279 285.598940221106 285.274982142479
285.968812042455 286.119463306076 286.037400073565 286.004888783694 286.1629818846 285.966666672644 286.013180658728 286.705108851183 285.964855025082 285.753492107909
286.506091781681 286.733996443823 286.874375218534 286.849918194193 286.850269252489 286.55184411707 286.720651403635 287.165589228957 286.722551337653 286.487870171587
287.512897156015 287.91619001907 288.071143431288 287.734513720083 287.711307914409 287.673341492054 287.594583995934 288.013082167201 287.591571284627 287.471930521775
288.47705729105 288.659147115606 288.779897143022 288.602547122522 288.8192689207 288.701497522026 288.507098638575 288.996972573815 288.565728995995 288.495061502932
289.161199313585 289.327611683488 289.415146760052 289.302457963438 289.524822364263 289.139481022374 289.157491028379 289.524932817552 289.250159144669 289.228636072608
289.348285875238 289.580009800433 289.712969379183 289.504148417078 289.533209942151 289.506586191938 289.552153480976 289.519040320164 289.447982433767 289.565354800502
289.211330200773 289.305950885743 289.444642248519 289.447394266768 289.357783394474 289.220253133518 289.421119486132 289.249115084915 289.330558127385 289.456592023298
288.393156148248 288.5205771235 288.534164928087 288.549018306712 288.612768349845 288.271989437817 288.457744188553 288.565604211581 288.675762504425 288.465036968147
287.14021096367 287.472297961754 287.235982462401 287.584772287127 287.520991479544 287.193590521195 287.426849185514 287.29669731274 287.523048739394 287.382404129351
286.242980899208 286.436794176066 286.233290187965 286.510099928348 286.363234449278 286.188368240561 286.34493926027 286.116946087542 286.602409161858 286.28791060806
285.689722165547 285.870967385118 285.688463199514 285.889461749575 285.805188520848 285.528815523361 285.689760391727 285.571578099185 285.94535006382 285.797969968042
285.908971450339 285.564595146652 285.840502517759 285.712626703152 285.83717837347 285.543736177694 285.630673532659 285.459778120704 285.990508231853 285.876459595183
286.126346799794 285.923391140346 285.999150748844 286.020344630922 286.307813617658 285.727061282785 285.838403442986 285.705087883685 286.441060876887 286.310523972895
286.743901964305 286.730284853708 286.834542220024 286.597822837988 286.730054769039 286.500319070055 286.61721846988 286.490181145619 287.102968697781 286.958975726293
287.495651384726 287.723223783977 287.807027963998 287.63333631884 287.897296076768 287.388717536661 287.615789108483 287.468231079118 287.851449421134 287.827196417746
288.529994080312 288.795401601012 288.638550841131 288.60202406339 288.877284535981 288.453900365755 288.552325072387 288.28209939674 288.851425581586 288.740132270802
289.285619220294 289.307510601984 289.354764838349 289.393756257828 289.406555628455 289.233967942198 289.408203950087 289.080962597729 289.468719729829 289.460367461162
289.622123900219 289.525317780399 289.631603340667 289.484422998399 289.608315411945 289.359076714582 289.457578625632 289.33075827586 289.630847993217 289.510470495766
289.37545299509 289.345533960226 289.499261064174 289.363672606764 289.419585001766 289.098293823799 289.231080619348 289.123944662945 289.275738988545 289.322760843721
288.742459891496 288.553541916962 288.56876699995 288.460059617246 288.660902132811 288.241072959544 288.622443913303 288.462602703705 288.697350754518 288.47225989398
287.630465674078 287.50110162986 287.506682310582 287.353914332893 287.625621467368 287.238804403925 287.419372205083 287.176335278014 287.582466031454 287.369073195033
286.501682872818 286.493182165203 286.562775289946 286.156463361426 286.527615394396 286.239763719823 286.500449234354 286.096227237412 286.404740602339 286.216560345673
285.745070819972 285.872417961137 285.993632748303 285.539879840354 285.881560873166 285.58196005086 286.008433806578 285.606595194149 286.04564265186 285.654587072053
286.052030416387 285.755206371152 285.854977796631 285.349799846851 285.787834587716 285.489788367755 285.774565933569 285.391810773224 285.814156247334 285.477722418906
286.588766150429 285.921024058147 286.321611890033 285.531418882036 286.386442310526 285.777908375415 286.026382627828 285.660908021344 286.375714520748 285.712040403028
287.096233110913 286.660883262502 286.823499348634 286.518090942128 287.012498577061 286.529582327356 286.741100922181 286.639538419818 286.832983519991 286.413448119705
288.106997456522 287.748392946906 287.764453201545 287.544942282571 287.838822988033 287.404948527467 287.792672502619 287.574282267316 287.651809103401 287.444245997219
288.936854606413 288.761494075961 288.739689330221 288.359318452448 288.775426530531 288.413081778846 288.756197936851 288.433527469172 288.535169810938 288.408138639731
289.708566929454 289.344668385859 289.480640442351 288.968981946603 289.443058226023 289.067068724717 289.507906111532 289.156369512063 289.356841814772 289.233873390211
289.94873026092 289.579996117206 289.719392060171 289.283358254317 289.623405823649 289.327566560873 289.669509308869 289.480264826364 289.577353730554 289.42527315174
289.73470303826 289.204381551371 289.612920627154 289.199271680405 289.530485044655 289.053968471348 289.46102115345 289.248027766401 289.353145791412 289.334909646071
288.815582968024 288.625216066548 288.824407225255 288.260833283592 288.592799176616 288.268536945669 288.657107919646 288.49928573075 288.572021755331 288.443701635915
287.601055772863 287.576692706281 287.655664613311 287.18417061979 287.455816987718 287.151267151135 287.54493905898 287.360998864819 287.382361415217 287.355198358228
286.668850705387 286.434332284334 286.536369736554 286.191905960197 286.460413888617 286.070853062442 286.600338937636 286.464680157648 286.410870729545 286.155352783511
286.352822985689 285.917427925141 286.149110666769 285.826702137784 285.727104070233 285.58410124441 285.803730305226 285.780227693806 285.79671522362 285.70808641777
286.257261754064 286.132150537304 286.014449766784 285.801776553127 285.750182164198 285.457250020546 285.612969580956 285.914027694368 285.772723257241 285.643176129361
286.751582778816 286.313162227978 286.330180724128 286.126492641051 286.059097607562 285.907075997173 285.802537293949 286.21396106297 286.07852647946 285.943524945323
287.46391918594 286.91168502404 286.927650250424 286.93932108891 286.773379393806 286.596732190002 286.644079636214 287.02168766776 286.818948462605 286.742673296799
288.159151367281 287.836119698005 287.809724607118 287.877119979368 287.582816691636 287.608204504632 287.690899687785 287.820137705337 287.625681040743 287.916473962814
289.051067113167 288.79302019057 288.661369066032 288.835562673851 288.578391896828 288.37141774167 288.662514857181 288.790666915172 288.494545929251 288.766920684078
289.55776180136 289.426960339632 289.416140259254 289.461661092742 289.198754358038 289.064839186227 289.297346170065 289.500105384804 289.157319934025 289.448524900707
289.733788357611 289.586012986092 289.680233865086 289.577476884725 289.393861084577 289.367017111708 289.542334554676 289.570425081154 289.357041269456 289.658863856515
289.378300658653 289.349197348739 289.538267853966 289.383485990227 289.262282916287 289.098886001896 289.397244172869 289.31712427773 289.313096845652 289.413833939492
288.597840687017 288.689552627627 288.66944420624 288.529784086075 288.55359628015 288.267270224737 288.587895421764 288.64836299553 288.538188930617 288.74144007732
287.407467467119 287.375170986578 287.603088481285 287.572549399352 287.37622719763 287.208104982795 287.470323005768 287.577085807634 287.396314172191 287.624095806401
286.289436068821 286.266888866054 286.539378922832 286.526657943373 286.36889616417 286.308097836814 286.513971348664 286.38636995975 286.536700122042 286.635870022968
285.674599044508 285.547972022899 285.784191936141 286.027672983715 285.793834047666 285.823741580513 285.971917882305 285.698593478316 285.945459154364 286.039694356988
285.85723014584 285.698243105961 285.998625317578 286.137282836836 285.720370044649 285.653482737338 285.938059882685 285.794763628342 285.801283816613 286.15654247881
285.678366774289 285.982714754039 286.187898401291 286.235935306638 285.889448984919 286.031975259865 286.216949480833 286.060723319877 286.165664639113 286.274742435919
286.655794528284 286.787919405301 286.971227932921 287.087640875736 286.517823251477 286.64307736581 286.990579059267 286.78588428272 286.534750024904 286.961203047879
287.632871800995 287.662284284048 287.818332649421 288.021310322695 287.568231515728 287.406906865922 287.652471644895 287.622728491984 287.573775109716 287.901294660778
288.581878023828 288.606607813041 288.840523965871 288.824799274634 288.579365961146 288.428841035909 288.574605091621 288.555598534651 288.562042883498 288.749734999975
289.262540966216 289.340172907691 289.544562689305 289.366184178627 289.198793247071 289.184173005389 289.3932463544 289.310110943733 289.308491029643 289.377056311376
289.574138998814 289.561136208797 289.76118615403 289.468181398229 289.529324255568 289.389408298127 289.62800958986 289.43728773117 289.433641246891 289.518274235724
289.269870491877 289.390896329502 289.454835647977 289.238702409652 289.270724676749 289.164058152466 289.320097715157 289.271509670285 289.323604545497 289.370173537579
288.57595819414 288.658397856044 288.513407291507 288.532198104115 288.493336497794 288.251294698676 288.558276930505 288.484664363425 288.581727704624 288.549746634765
287.310416498581 287.372377071733 287.472811519158 287.278748034003 287.363277542974 287.211948528341 287.289268826659 287.567968099056 287.39682402067 287.308039545293
286.370402503814 286.358200645946 286.580051577028 286.308137207226 286.24194694247 286.272173657812 286.3579356653 286.326802014029 286.423775298568 286.306694069142
285.793142953416 285.79846025304 285.828179506631 285.598184132479 285.659122177843 285.605730827178 285.82998674035 285.722262023755 285.856227965537 285.716188111829
285.52383341304 285.753741986246 286.140389983033 285.581919310678 285.555272264543 285.403624933044 285.685933137203 285.70394800705 285.809165182293 285.685665594137
285.90763572111 285.945221993839 286.162030500748 285.718920976629 285.967489100702 285.902847420837 286.266521392702 286.172849708736 286.184620355449 286.082067979026
286.603502953822 286.690728076014 286.888647181013 286.689768011178 286.709575764792 286.562806939131 286.863458850337 286.889718242464 286.751752985078 286.751633341768
287.466371051532 287.611781684849 287.812938450725 287.623990779952 287.660769317137 287.464654332125 287.692174761168 287.672585624044 287.713603207274 287.703295165487
288.392999294566 288.655825357649 288.757836035264 288.537249462413 288.679876352451 288.37878320101 288.625652223766 288.626790627414 288.625004155901 288.620031506017
289.173857369142 289.27338735585 289.476619878406 289.059311315743 289.234208264403 289.136088146524 289.349046857078 289.274080306364 289.363727883607 289.357817671654
289.482219510921 289.646575234219 289.752245174655 289.427103346578 289.564009049528 289.449320048631 289.54923294358 289.640039881378 289.543804638937 289.677423218764
289.367573538733 289.343236853347 289.48259828465 289.171350495727 289.500879024643 289.244872360035 289.389439836045 289.336157885439 289.230372511441 289.42804882832
288.536462473584 288.583670209853 288.622635310108 288.547503830203 288.568630224567 288.549732421035 288.520914064741 288.593149059576 288.591232925763 288.629438726974
287.409799512005 287.500329433008 287.428763267928 287.318488782184 287.517675669611 287.351369061709 287.380080860654 287.466846787911 287.502528968307 287.503497725223
286.209920403617 286.489654462986 286.427350487072 286.399979516448 286.471639481507 286.411487091404 286.399147437713 286.414010869222 286.482351013794 286.567469400624
285.74916160716 285.855046073889 285.850929535761 285.707707428256 285.750888403666 285.488789488154 285.854379675557 285.697762565257 285.698192538102 285.856934238869
285.646695516294 285.620010272624 285.771512480623 285.618539824573 285.652104685125 285.480979120903 285.843914636897 285.816212350716 285.632125192451 285.894953859674
285.791595455815 286.088568322375 285.918467468815 285.744714748667 286.070018041655 285.884380318339 286.142777265421 286.131302060083 285.990478083988 286.323963955086
286.60834593358 286.694030478091 286.849632681938 286.595424766094 286.763273598 286.815869457707 286.845178835077 286.75696105304 286.516689988241 286.739370172731
287.610399702554 287.556061650797 287.763853995508 287.695198345233 287.684147058638 287.622863045036 287.691336232311 287.926551457985 287.615612816246 287.760785303366
288.559440444922 288.643710284798 288.688245027365 288.500703562524 288.490487467149 288.606967689149 288.702799028151 288.901185993208 288.584247894518 288.926203539324
289.06623769119 289.354072495484 289.336583532348 289.089711080786 289.221614446544 289.304712470349 289.203464166086 289.41994170928 289.340143955577 289.487418304165
289.550177515148 289.593931427422 289.65902548273 289.409679458129 289.466211740738 289.506707605111 289.48266447491 289.557695917896 289.526330349182 289.682651828409
289.311418993972 289.227949996159 289.489816844462 289.325024056324 289.427346092073 289.283217523647 289.384308700273 289.383676890243 289.31482082033 289.499051902998
288.553286512237 288.598426225148 288.725863712895 288.488822558884 288.684120532613 288.569546856805 288.564748324544 288.63796296667 288.545163935124 288.737724200702
287.414718969966 287.34262652585 287.527901545118 287.479605387389 287.396479593125 287.406235181752 287.271502349742 287.452589497933 287.340756973832 287.602866032054
286.631457837246 286.357211201801 286.5507847029 286.400588289324 286.43677547381 286.099738597804 286.37727005287 286.407061672372 286.347428245582 286.478998788451
285.949023419944 285.703822969299 285.913707273735 285.877826658307 285.909133500813 285.572616850878 285.714100644816 285.811194742755 285.993983856103 285.849627959063
