284.916810313701 285.037313841325 284.868312460457 284.827905987569 284.910055002786 285.201884007301 284.90094759862 285.172548610872 285.011222856462 285.011904588352
285.022495026514 285.179818076765 285.220862558278 285.217789516809 285.010609791849 285.453718744646 285.402088913494 285.615139138328 285.363743851303 285.31218494166
285.781131123212 285.902310083893 286.052179238299 285.703986974608 285.748498003748 285.835194472008 285.590176649733 286.299197042374 285.7187782954 286.011183478755
286.5655874315 286.739404634335 286.897403233573 286.540782936295 286.654623114352 286.858085185827 286.471953129962 287.045094022441 286.72815138931 286.679393719353
287.703374733032 287.919138145818 287.911923867579 287.624938183941 287.73821197466 288.006513244618 287.74748463633 288.229820425246 288.02666801638 287.691317168681
288.599219912016 288.729023392311 288.836106336465 288.695549742398 288.787824384964 288.928736206677 288.819426191095 289.080605793334 288.925883790608 288.956067940598
288.877650653974 288.992279762872 289.003088451805 289.018732130801 289.178434388716 289.213930646317 288.95821818152 289.425433221919 289.15156014165 289.200305903228
288.467039277134 288.599396081168 288.617705318949 288.758673828242 288.837574999092 288.733052013925 288.68132164464 289.084963168357 289.001776562819 288.868588959367
287.775575266512 287.636026243165 287.712093997584 287.824053261617 287.881344250652 287.9707812153 287.952621416321 288.301006910704 288.008989887767 287.850049189447
286.471386669527 286.551631496204 286.637590621382 286.740040221618 286.700694686896 286.635898654968 286.704426597432 286.97575950091 286.7270587125 286.690952080107
285.156982662017 285.436967929765 285.523625870915 285.54290505336 285.516663058799 285.439020264466 285.58461521497 285.697661024435 285.555909207008 285.688831011114
284.717415900506 284.685333562572 284.765187629844 285.073742945454 284.958892027455 284.917447977103 284.937413840582 284.987675224015 285.109166204587 285.353364462179
284.760254882635 284.538230198768 284.84082863465 285.048403038226 285.071369705593 284.666860494382 284.912564891744 284.878050485011 285.247675392204 285.137913458369
285.247063556219 284.790752022707 285.532042397665 285.024822239854 285.608765859046 284.966531302875 285.234305106426 285.267583375863 285.521080200619 285.707258916732
285.701885444576 285.504513665671 285.969511325533 285.481801820919 285.980079354253 285.640916681512 286.045961058934 285.899713186685 285.810294725168 285.994603667284
286.405727500531 286.288258346181 286.820876728012 286.713328597801 286.959298983494 286.532050994877 286.831083587723 286.709377366162 287.002421787708 286.633038288793
287.546229510711 287.46206535739 287.708069425811 287.891804918609 287.947487982262 287.936248963035 287.825136098973 287.926601897914 288.025818054256 287.825648109689
288.453755061254 288.477634816521 288.831755789729 288.792966881044 288.965184935363 288.740040820582 288.886577408247 288.701015283376 288.92042579104 288.905077718976
288.754999791624 288.82984839606 289.046952305945 288.905893023548 289.170695576282 289.016298754971 289.187072534509 288.886557049247 289.1001167467 289.154868531587
288.374533348521 288.372394243224 288.77901632572 288.712088974033 288.793374990381 288.640704119142 288.837681938072 288.598932666067 288.8255843504 288.785145274927
287.431196298781 287.47442378775 287.987725711541 287.925607946404 287.938879382301 287.754068654865 287.889653521546 287.738200650974 287.803045882943 287.774690477882
286.120410347612 286.24949829157 286.690600496802 286.741069197426 286.819138214142 286.728896349424 286.755931670491 286.523145620616 286.636065427338 286.655818497143
285.126598451661 284.91201752445 285.690307494486 285.552267224376 285.681403397038 285.605010501755 285.485826782312 285.224607710816 285.585462076912 285.496802445706
284.576649807343 284.375494061 285.098988703262 284.835493550759 284.796119899741 284.960194188676 284.868686165804 284.717350435922 284.792021574345 284.864666980265
284.540888472182 284.654680823803 285.328780989954 285.084070417425 284.923316691576 285.046712540334 285.107459995622 284.775644424499 285.093549154932 284.6954759768
284.867086473024 284.773194266774 285.600593391738 285.458974254341 285.093685105835 285.42351007929 285.570828784212 284.597838673721 285.371750995118 284.922138381652
285.60005537824 285.455994541064 286.112437917184 285.988472367984 285.652146346453 285.825516260888 286.09668096556 285.385019854588 285.778904965761 285.524643213542
286.436200636283 286.195208752159 286.985142777951 286.80758185702 286.437534792265 286.522550155988 286.879771236889 286.405377090614 286.786774220231 286.535854160394
287.336572036091 287.305712023253 287.968714590196 288.018616893114 287.524257372185 287.734805167613 287.821105756721 287.322784435936 287.574825862666 287.561546743002
288.325637180359 288.22177841309 288.886448817895 288.967229953637 288.615436394889 288.703022573962 288.80187858469 288.284439645839 288.65108691538 288.452120494356
288.671026135996 288.569454841185 289.097523605646 289.040047515215 288.724485614091 289.013867564901 289.073642413139 288.800674860872 288.8854292822 288.710094052735
288.254450546661 288.347789588623 288.71206357849 288.735400390095 288.303014327011 288.565217018889 288.921186474242 288.623046575392 288.525145773356 288.466580266996
287.425534987848 287.402789176739 287.750244054584 287.849323216707 287.411517237733 287.801021318064 288.044253350187 287.654871851272 287.731806258582 287.466849318081
286.303842021316 286.293525476908 286.682818599393 286.656036451261 286.337953457862 286.664014298254 287.009899490965 286.470211876953 286.514674536119 286.221961378318
285.029999570786 285.021373351791 285.574757594307 285.52548612273 285.130111765215 285.566569682522 285.920827878351 285.420049666626 285.312369055685 285.12249955011
284.510189397629 284.468547607558 284.973527689047 285.025490042256 284.393645508716 285.272261458955 285.47815112641 284.861686046411 284.857976265551 284.248076852833
284.562225158266 284.700334786988 284.690718731086 284.691487780822 284.763412825181 285.37532776847 285.318703660296 285.294554116793 285.111282923323 284.417935428883
284.90116629614 284.772302527615 285.192881075575 284.87082733753 284.942614579048 285.726700673997 285.800594173361 285.497009978294 285.238703575589 284.887410584538
285.435826139985 285.555670828714 285.929713067429 285.650742209868 285.746467146431 286.39604346957 286.424977703551 286.08718069418 285.820519326967 285.51675982446
286.132299824822 286.36638005376 286.691883945149 286.450915748541 286.670325919972 287.265326539254 287.193369046516 286.763745110095 286.656272727156 286.507824885411
287.375901208231 287.538915124926 287.782788991284 287.629146052229 287.724046633401 288.043149291172 288.160065229467 287.886361140984 287.683841920741 287.573643933196
288.317979444887 288.632301728983 288.384752193112 288.554925514662 288.929146257578 288.991174501664 289.140007679186 288.801728451594 288.846586845715 288.556698014049
288.539936962489 288.929223070097 288.739550498404 288.793659644518 289.085313040977 289.10145398026 289.325689153752 288.98664703666 289.017248538044 288.784812761096
288.207167476163 288.679155856686 288.505905033524 288.449694582595 288.782937465938 288.831162298039 288.884111802328 288.543715091694 288.850336825107 288.542647164827
287.355154836685 287.626241408782 287.671483045097 287.603549911919 287.88764567033 287.956667882848 287.973319511579 287.72194884412 288.020403136095 287.693639651843
286.24493372977 286.448022406246 286.344944256732 286.163614940235 286.744255285392 286.721210963135 286.544030025113 286.515569500609 286.97670434724 286.441786589708
284.907709777601 285.322475137402 285.170624229758 285.102504248918 285.580764601075 285.667573052403 285.655543869393 285.432433432168 285.807072020097 285.438053807249
284.32200979604 284.794071508736 284.481944052192 284.712603173551 284.892988795269 284.75073328129 284.826707005958 284.610307991182 285.220000976288 284.649610188659
284.332866311074 284.837801652703 284.44648958339 284.982329385782 285.280181280182 284.800045363939 284.994676650571 284.952793476796 285.297952178445 285.15811797848
284.889351659311 285.329367799285 284.956121230452 285.181206554998 285.390522929088 284.819883803092 285.254660889355 285.256990397259 285.775943547386 285.379210694276
285.286369661397 286.022856899941 285.473032400558 285.86410674619 285.780216366017 285.506166326846 285.848191442807 285.774477713321 286.12991163626 286.035243019922
286.387530706376 286.854816666538 286.441412768876 286.878370246236 286.953346786148 286.613940238517 286.86630459121 286.663067328682 287.021966091644 286.679200502918
287.637546153449 287.917553671408 287.558180268981 287.774290752602 287.932585553512 287.657732841389 287.605403498517 287.897587537685 288.072985920959 287.832360492322
288.441481142172 288.812632619873 288.548086574576 288.670629791103 288.950505639823 288.703474158286 288.573810601402 288.86286141423 289.086074435554 288.811591169163
288.8527974079 288.831358009947 288.987236996436 289.038785445372 289.097270177236 288.851721869357 288.959979929696 289.130827686785 289.254205377501 289.163003302905
288.651718963293 288.515755327785 288.553594484797 288.83539074191 288.670524867833 288.575073279185 288.702087637856 288.732808285818 288.915971032447 288.779152063769
287.800842634505 287.568774186474 287.763942221819 288.0416651119 287.729139822281 287.869192608477 287.893568495431 287.873219397441 288.001743825274 288.016289323611
286.612496087241 286.462680760651 286.474332229402 286.933795871588 286.526301411562 286.482044051154 286.553033291707 286.658431215891 286.847800246625 286.870649721035
285.543241064012 285.261952995962 285.514685147156 285.796426084085 285.306354487235 285.332644577734 285.259566259349 285.376893305857 285.730161267763 285.53325262189
285.012705103749 284.82488442298 284.731445275453 285.019920085676 284.78790827338 284.800111515402 284.923953493754 284.881212375091 285.127347928076 284.855127740662
285.0124698695 284.634456999562 284.692331221648 285.053973146728 284.791328777168 284.776729045049 284.921994030994 284.79721179855 285.216708780792 285.176538621227
285.006856361904 285.165720696518 285.017058632865 285.393002966987 285.310246200988 285.107505140239 285.203169664537 285.505866556285 285.64450704593 285.482843953984
285.721651906851 285.59324144595 285.799128935091 285.974846101339 286.04521633086 285.737248677177 285.849260347414 285.781050213767 286.102413465461 286.05016802708
286.639708982817 286.481205833447 286.814456726924 286.766561732968 286.599928974321 286.656276215475 286.617754389439 286.689570385517 286.865062520704 286.750352664225
287.684965004623 287.603218629798 287.885467917391 287.88263837331 287.809273849236 287.805254103142 287.755336470774 288.05535850257 287.875328971772 287.779236068418
288.769018231005 288.426758804341 288.677189304211 288.7081326063 288.711167074103 288.741218128374 288.900686899385 289.00248830687 288.980626090929 288.84092589283
288.89426904238 288.759376299582 288.977339970483 288.921144327476 288.988669997652 289.076883619773 289.237885064902 289.176329761774 289.208821340297 289.193806712693
288.621548663032 288.417979927011 288.710309426423 288.652344774762 288.752273689001 288.702069380886 288.854440244499 288.89678727206 289.002235026497 288.885627933355
287.687263158482 287.653506149999 287.854785336321 287.785368845129 287.931165792052 287.946804191913 288.005688651661 288.007758914093 287.915342652347 287.975335506442
286.605789472734 286.5035828723 286.607639465969 286.559204306704 286.697606735896 286.781537041027 286.89097229287 286.611137239316 286.761828274376 286.673536393183
285.406819016025 285.216201621044 285.430751106826 285.425031551372 285.581949587032 285.608190328913 285.74321536474 285.627309628555 285.784707767255 285.546199635317
284.614553951059 284.873447236851 284.813607329177 284.68125981988 285.138437538509 284.850249452063 285.366444501497 284.833635075842 285.053446325303 285.095118904881
284.662071670374 284.565131839544 284.872460301824 284.899527505969 285.171038439748 285.065143492884 285.291459769475 284.741943381926 284.883957746639 284.980667776218
284.915704142165 285.05750281116 285.260080901949 285.0627314008 285.319637157474 285.255850221916 285.823795751771 285.232593168496 284.989049570539 285.281861951813
285.614519561685 285.904286606509 285.751314111963 285.784913770956 285.898143769932 285.890469734209 286.252566097485 285.78448541608 285.558736469069 285.908815005928
286.524671832248 286.679605329902 286.677555315576 286.593068342548 286.757109457042 286.793782832224 286.904850955419 286.72333695602 286.750085031717 286.767197683061
287.673581504507 287.638014077995 287.740373626037 287.651153354431 287.791240475007 287.712665452969 288.018992895707 287.886862782455 287.881270228397 287.924219575082
288.644429047196 288.607197913801 288.677541418507 288.655153702573 288.781960760703 288.685265153916 289.119116086545 289.002456899203 288.762186737532 288.97815682511
288.892630417053 288.850130062997 289.013880585351 289.078709447653 289.065233315898 289.055472825589 289.322981522094 289.083088795067 289.113657722695 289.145587242691
288.623420421138 288.605082078402 288.684799084182 288.727845038012 288.857218855574 288.845720871929 289.012085153588 288.827799448816 288.93063829545 288.774800215635
287.620229164812 287.816262426749 287.752974633242 287.85527789785 287.875558145957 287.902413998671 288.246476697992 287.89460410512 287.916680353849 287.939121499197
286.57834499928 286.72096421994 286.698342721519 286.532762354719 286.906542464439 286.716771092783 287.050089314163 286.72230068811 286.635088429137 286.742832501685
285.25125830438 285.486044488196 285.476943616428 285.515798089747 285.740673789272 285.508160791579 285.970671076009 285.442173935073 285.511738141225 285.564398236835
284.509658751284 284.827796474421 284.889947907049 284.932939676856 285.027954942249 284.977813094074 285.204002596501 284.752225212976 284.992880257595 285.165500737581
284.569711684596 284.958884510308 284.855010298106 285.084381039198 285.000076848774 285.247883897732 285.212309872553 284.878389206103 285.197884611605 284.968162575745
284.918314661919 285.417741508875 285.086433614974 285.147173213084 285.464356613857 285.434632944952 285.734127482755 285.291014750577 285.457960179583 285.145243781738
285.606041433139 285.841356610092 285.691854798683 285.924442859092 285.85895387903 286.009729835749 286.347050377665 285.609417203405 285.950812855111 285.870733378325
286.638751914992 286.74875880525 286.652849205945 286.883710506003 286.796621179557 286.866202669135 287.275402635536 286.733087012108 286.885164864114 286.74078037456
287.67823144075 287.894070399688 287.696623899563 287.814194913178 287.83779533252 287.983437888723 288.531968941839 287.726851117765 287.996457811256 287.763826917322
288.628260168634 288.750892231039 288.745037932293 288.882887483282 288.907457938461 288.914543587652 289.367121488298 288.908125493582 288.83300441606 288.863728188348
288.913265231617 289.072856551138 289.016476427362 289.051815745756 289.230484907235 289.331610940788 289.597732725607 288.9641639268 289.241600203002 289.241146840041
288.675675571257 288.777918029564 288.645021884898 288.887143146589 288.899934953891 288.949093320913 289.093936405671 288.730343546881 288.878266002879 288.850162026853
287.857696631574 288.062812638261 287.926467070931 288.019219458197 287.977455469139 288.119950144298 288.026803654766 287.877363873602 288.110121162354 287.959161217678
286.828026905918 286.727944320833 286.794488832281 286.764536838401 286.699748334436 287.06717886484 286.873845122776 286.84538350093 286.86217976393 286.675264187139
285.714067452267 285.827924849727 285.452642552297 285.679638574482 285.473574723356 285.762903334075 285.609916372741 285.660987655878 285.868211720446 285.294499992688
284.979881930789 285.367013398997 284.931730309168 285.103226606381 284.857843075926 285.049522867832 285.025967582098 285.308469985778 285.417480319613 284.936626435603
285.217047721142 285.463816274233 285.269321455082 284.989888264635 284.889538936074 285.446932382045 284.558969505563 285.205721872597 285.379220759601 285.111801590978
285.221032181513 285.648395242782 285.713094755114 285.411338460845 285.354286086161 285.558468762086 284.963834233297 285.503697927252 285.690309991122 285.458913904
285.973103101265 286.003827559342 285.980622085123 285.990172066944 285.772132775633 286.110903132163 285.770353664084 286.128631410507 285.986980314908 286.02611892509
286.760547682455 287.056138904148 286.905683140364 286.691263372291 286.575171243671 287.004091446249 286.880547492871 286.701631962797 286.898374872448 286.977823931521
287.993609835744 288.147068208017 287.862227095301 287.744707633845 287.749036242618 288.216094237743 288.022631312454 287.870700555794 288.05265574598 288.070272040248
288.728566445817 289.22310816509 289.029359646851 288.750786107237 288.963544616649 289.070788143918 288.983740537712 288.967464714939 289.120626487682 288.97352984356
289.028573636649 289.306534227952 289.258266073049 289.044721905406 289.156103753017 289.379689385476 289.090547970793 289.324678851865 289.445240179389 289.33683717744
288.763818694077 288.961751888399 289.051561157824 288.776392084299 288.937039077015 289.236189504874 288.834696569238 289.006451126148 289.118945835239 288.967594290442
287.838153710913 288.182149449343 288.191445088132 287.906556476973 288.065505672088 288.290366653479 288.068969734479 288.020025036179 288.127883950133 288.169389873782
286.780770541613 286.974067022172 286.932321674335 286.752678036208 286.817092815537 287.031866659145 286.724814581878 287.019181855818 287.067324633207 287.086343068778
285.490462492876 285.854862433203 286.008711244767 285.797600408549 285.725396165465 285.942489758322 285.518804754297 285.820358237818 285.967313491179 285.80371971365
284.9667747531 285.12707297017 285.289439371346 285.227732509554 285.18168518892 285.226671834697 285.00402708311 284.958242696573 285.393880057074 285.433840984476
284.992549908959 284.965364254249 285.42844264617 285.15190332295 285.140050347292 285.37204997139 284.958619021777 285.067226181111 285.495297264701 285.111268866005
285.258525129245 285.140312032764 285.598607265527 285.566026982821 285.342433292037 285.692591790263 285.493549330719 285.716133090066 285.654050790029 285.497586101278
285.825299872454 285.768908079024 286.044635074979 286.156451011436 285.918950013438 286.224548036839 285.832099748353 286.151040541207 286.330821554857 286.410810157751
286.668386371701 286.732029005666 287.215792381333 287.116539639805 286.953114419712 286.72044313553 287.039983117048 287.108301265766 287.163981253183 287.197263964692
287.699243115483 287.661107323593 288.405751230207 287.97736661703 288.17947726125 287.834679472028 287.947334134081 288.030554936413 288.126058110011 288.375538437115
288.755412614096 288.76767845289 289.424089776552 288.750605729826 289.182642669331 288.949703637043 289.066842309936 289.061956311998 289.108192985349 289.220543120085
289.126965733235 288.956434213655 289.461127861382 289.085055056828 289.428999193812 289.208221024466 289.392971433084 289.321555703048 289.426760651393 289.466421368474
288.658298958088 288.709131219244 289.056907342193 288.904238081785 288.953510049637 288.981291260819 288.807758586039 289.062069769665 289.223008375078 289.160347253349
287.765438632555 287.906790332243 288.086025731563 287.91740574243 288.196478824372 288.073212595548 288.150914201488 288.188113551194 288.248009222789 288.384272100175
286.547155223171 286.594107831827 286.853473291192 286.8110243999 287.109486757333 286.925456166555 286.932694463023 287.063334502062 287.111738777056 287.139420567732
285.504850750323 285.458679465816 285.503579393894 285.816582904229 286.022367203528 285.453277619949 285.833012433172 285.725563722389 286.035699837921 286.009722600493
285.035167882574 284.900312910251 285.059621494838 285.135085070674 285.537403347172 285.105275881335 285.119566845031 285.145595390874 285.522579121996 285.436423015434
284.727885547204 284.846173356762 284.958650302056 285.133802000765 285.365859034783 285.248124024643 285.188868911541 285.108237967893 285.454774474851 285.43644853429
285.118399885192 285.414319953707 285.14856324875 285.018711471491 285.824444654326 285.520851855492 285.523636651746 285.385072582318 285.658315892051 285.822423962374
285.77553833725 285.865931120056 285.864562844646 285.7215063994 286.630116512312 286.082196929853 286.021442978043 286.039073480204 286.159591758476 286.515690801864
286.826131021137 286.581225617089 286.855029855291 286.828671233437 287.268738436099 286.711291459109 286.944472148142 286.782280684212 286.962372423754 287.361772235799
287.722672152312 287.790127999889 287.909452949873 287.810480787989 288.29352864269 287.826766574676 288.004806414603 287.878148651667 288.212760815559 288.312408295916
288.787217573348 288.731031041416 288.755947940913 288.786060176462 289.265207677544 288.871626781551 289.081607320704 288.937779703607 289.234763117083 289.177705130397
289.048387434572 289.051510817548 289.003354480587 289.18458277411 289.501647084775 289.130308245625 289.192444092431 289.229817813999 289.506078499157 289.487907191273
288.788401420928 288.779652985267 288.801014790253 288.849262499265 289.233650274587 288.888512389836 288.972408374704 288.850932992491 289.250421971844 289.017163543173
287.89170342772 287.925777259291 287.871239030686 288.033880107244 288.330327714303 288.002068902542 288.198797508101 287.993690077644 288.220933177895 288.24682643168
286.595926243879 286.808011659479 286.804431893611 286.904909401033 286.978072396644 286.649764490253 286.940216212846 286.765532007798 287.142718281998 286.868971284992
285.435752476257 285.333905761619 285.422958930904 285.606808233121 285.800738003402 285.595897537702 285.651529258053 285.666250393626 285.944832694884 285.568399860719
284.542148505112 284.804230159823 284.722020516703 284.970538660377 285.127692339954 284.953684822895 284.834721416434 285.067644322645 285.140769658861 285.154389758189
284.393868740168 284.810072416243 284.58618103436 285.010571614734 285.212981417437 284.817175057257 284.712912935625 284.878178077083 285.203418587265 284.839464540593
284.95690624229 284.911657681856 284.754506390123 285.272234114474 285.727299805038 285.057560952168 285.034175061156 285.272780749869 285.495755874883 285.100627920609
285.326562838439 285.63912435009 285.442578341634 285.764871527388 286.01275335941 285.816346614645 285.532772323883 285.702218592752 286.019109547319 285.735830382892
286.353776468189 286.578043452525 286.427594649226 286.824038619302 286.761658627229 286.605118469236 286.425738500085 286.802673017064 286.815262361409 286.603011198463
287.280270180746 287.576906512011 287.462878452834 287.582151909987 287.850015680486 287.77337579435 287.472690230113 287.846949085383 287.799512698116 287.747535898432
288.395674830361 288.568088551333 288.469479192932 288.62290346647 288.797814538023 288.721308884777 288.692281377407 288.711651350658 288.695597417208 288.60360091692
288.749213765575 288.778077183727 288.770201942313 288.771998014397 288.983029098545 289.058775580885 288.934130414463 289.025859817406 288.855031129149 288.887215271031
288.221357741614 288.519858143123 288.379453230706 288.458812450972 288.730872738542 288.760951298957 288.585649229475 288.806043228492 288.60988566304 288.556971199232
287.28158005331 287.732859336571 287.595365253147 287.49867385531 287.930461774541 287.724289717274 287.676483620522 287.759268038106 287.679010082429 287.679517530399
286.064737401983 286.518933947167 286.526176406286 286.278374303602 286.849803909435 286.66090583892 286.452186448313 286.569848740283 286.618007504243 286.593050343358
284.96295514121 285.228991921028 285.424810732518 285.206545225662 285.629623169826 285.468119286149 285.336620479841 285.326655203215 285.532935927324 285.368074810915
284.457286292248 284.842987343684 284.538941579711 284.482486058872 285.027145865117 284.817765044461 284.903972412183 285.020916759663 284.825252423182 284.786448900392
284.622816917397 284.624684358033 284.639035303608 284.744655917764 285.148466076079 284.993223827844 284.9173627825 284.843931329618 284.902723521876 284.818160849464
284.927636519131 285.110667252341 285.160615160803 285.024327691811 285.528344868386 285.324629521336 285.271726537878 285.302964442628 285.358681993188 285.032056153112
285.656911465431 285.72235056465 285.824837205194 285.733407401134 286.260726836686 286.006319223604 285.99472527342 285.733293744114 285.984703502844 285.756216598707
286.456393816384 286.700868337443 286.598743580505 286.454612212828 286.986662381413 286.870284503428 286.647111690965 286.623729539668 286.724490358207 286.588881707876
287.572718827912 287.734832859411 287.782572416749 287.75692680241 288.006256156965 287.844358735416 287.62915344179 287.884252610488 287.739654047131 287.702490876471
288.667567290011 288.830450481048 288.708781578439 288.761952993069 288.920604480501 288.777597351081 288.793336252164 288.870990806107 288.811395045607 288.672008470317
288.813600107458 288.990672893746 289.006436765641 289.093278400762 289.230478810777 288.847952312599 289.275223530963 288.984650236474 289.159208944747 289.22207961861
288.425515230062 288.705538209216 288.765855691625 288.855141338442 289.011101332744 288.568177899762 288.954808908064 288.84574683476 288.846382193704 288.708053138841
287.641623731518 287.968025431659 287.78191453226 287.978181225123 288.146152709413 287.711204543902 287.91640922392 287.885576216014 287.970218508524 287.90341877957
286.493551721035 286.810811954718 286.661386787408 286.736622669577 286.892145031947 286.504793888223 286.697213490295 286.691062554936 286.927430756848 286.617407977819
285.323168954847 285.708856288291 285.467138364177 285.755190753524 285.856547424502 285.242141070837 285.58116623508 285.439654055261 285.596437185267 285.571970417433
284.713419587585 285.007525458846 285.156314950928 284.874521857667 285.159580464256 284.561614256047 285.052704031134 284.871730648179 285.349672730396 284.906635303293
284.497871713985 284.820545671445 285.090960465348 285.189094134016 285.209347246086 284.60711850334 284.988311880736 284.813878448625 285.495190756928 285.145433031136
284.773151291325 285.324673837562 285.437352591014 285.582571372921 285.425313672396 284.760105109597 285.362641820544 285.164096070988 285.866712596025 285.309525670902
285.594127714231 285.902463495207 286.155018563623 286.186328149761 285.83326139717 285.636519942918 285.831752828614 285.681555988649 286.351534724541 286.04105550749
286.415204069187 286.684520459943 287.140778718686 287.23797044645 286.590303421641 286.301914376886 286.72156630522 286.691743700937 287.054077829863 286.909941631084
287.669444160553 287.914846171146 288.090961491165 288.170466908634 287.82049920913 287.287558548262 287.912798504902 287.810254361497 288.079120767354 287.860191361884
288.737803309929 288.939532348405 289.124865363285 288.968019368705 288.649886531938 288.417568943059 288.861012926397 288.804429241403 289.080192873778 289.088369864423
288.982481081802 289.128428189121 289.409221551301 289.141882395867 288.935735187839 288.805448695901 289.139799708731 289.097994617228 289.226869465744 289.3247840013
288.715031607967 288.757371694021 289.119056132536 288.783330798587 288.77415629901 288.563759071233 288.909716948037 288.888955438305 288.757068578532 289.056586254459
287.918029375291 288.033890033427 288.320704115205 288.007183666177 287.804117109457 287.800441697332 288.031805680508 288.067345842134 287.954757637134 288.231521823728
286.608473413842 286.93224343672 287.012675568329 286.82311023201 286.616158182199 286.56798658664 286.787211756212 286.773212929485 286.925061527055 287.089353734962
285.305092525279 285.760363317026 285.806937863538 285.728464220029 285.439184194493 285.331863838385 285.56979161558 285.707693272234 285.593997011182 285.959672023677
284.78350517328 285.168471956514 285.291365861228 285.062912426346 284.759862375486 284.697789360883 285.003855903777 285.259475927498 284.813533397113 285.140059346692
285.124888138268 285.521641835653 285.294854171882 285.039807523828 284.932713446917 284.936085607933 285.083790523684 285.075872011505 284.868746866816 285.262332658998
285.162168885524 285.744191997727 285.706704624891 285.496699560322 285.246436779026 285.100827736466 285.2172340851 285.44683214279 285.042537317351 285.590256634749
285.923365638091 286.313045721785 286.279882366162 285.941871840363 285.755076406519 285.940919713842 286.00187406458 285.787507956703 285.891918710101 286.189053762394
286.704090889898 287.238207860576 287.134638357611 286.979269803344 286.753076460702 286.772651997211 286.740554826447 286.714855164365 286.752691756196 287.028725326313
287.724864763596 288.204556797183 288.247246157585 287.969423389615 287.80252960304 287.824201164431 287.953087860184 288.032042249787 287.78336230511 288.116728312981
288.765519150803 289.138918174668 289.142979162647 289.1817681842 288.825501451835 288.85708978183 289.022798949629 288.995093449427 288.717736248018 289.230323333704
288.987545131263 289.370972393198 289.330193404261 289.399545469378 289.206609023022 289.092199611976 289.228946221773 289.289802505405 289.176340597929 289.513400178206
288.444388171464 289.224706841449 289.067735597927 289.103093473583 288.779370479513 288.912567749543 288.830406052346 289.164238684841 288.945560635395 289.189487710194
287.52913087402 288.312037631513 288.064489130356 288.219616955745 288.051939467514 288.118350297203 288.006896137926 288.180398653536 288.071147365733 288.158375900417
286.532150966145 287.000555139145 287.106705888477 287.0460230601 286.904831248403 286.899369500347 286.828066058081 286.893314839227 286.871987167236 287.110493966099
285.287001996915 285.964011268923 285.904710776694 286.092849935181 285.643671793055 285.784356219728 285.603345571641 285.869405703085 285.695962361318 285.928713141231
284.625822858437 285.374497625912 285.071386379935 285.3995643762 285.149476680937 285.442633093751 284.998658412929 285.216069716962 285.214021074159 285.267895136857
284.749526605649 285.407020548026 285.010072179673 285.594415089973 284.958876061975 285.132445147706 284.904981070412 285.123924363813 285.07903001209 285.559481276672
285.088401276658 285.737455033699 285.472029440655 285.766496694366 285.458629859714 285.739318320485 285.313336585114 285.491213415774 285.623923532401 285.903956127949
285.727830776325 286.324266981123 285.8034828701 286.183900124887 286.096826103146 286.333595000814 285.962088507044 286.268490409731 285.994404747172 286.244771811175
286.532510345511 287.129254837447 286.834026155103 287.068928272168 286.974113865237 287.162555660087 286.57881354448 287.072523124143 286.828675305396 287.075706141572
287.691817359501 288.267365426132 288.040431047222 288.290141386417 287.86024124984 288.092295820818 287.783200990116 288.127614274793 287.906085834215 288.332386568756
288.615895917125 289.307930660742 288.842218210604 289.155287592141 288.92560018282 289.15830087425 288.920515133678 288.998002679728 289.040974237426 289.297527397804
288.859494043729 289.365070459575 289.131307043824 289.364227117112 289.09853149439 289.435902601922 289.206313864956 289.340544551467 289.287446397442 289.572246821784
288.633237826747 289.123125484639 288.735310445948 288.967834851736 288.892177372766 289.174770404373 288.790940625557 289.037604568286 288.90648678579 289.228017824506
287.796759177549 288.211777506338 287.97829960022 288.132018233341 288.290789013019 288.215427364397 287.891912527386 288.169253807904 288.122273207888 288.418073966411
286.52290378566 286.897046186694 286.782787978774 286.956819824311 286.955737557707 286.975004522956 286.556220624442 286.852410909813 287.028964156455 287.316996201295
285.356881793883 285.634716910612 285.472238489931 285.799567158157 285.842774205951 285.755016013224 285.545033439594 285.544106081569 285.98597373239 286.187416725801
284.700066949189 285.247923723191 284.856028067151 285.196042687456 285.215536115192 285.539674925982 284.700451112834 284.832424577864 285.237266514338 285.456137877446
284.705607862074 285.158647534145 284.770909159456 285.181443180615 285.372512934676 285.498867060543 284.527259818762 285.157691848497 285.383819700957 285.986604137231
285.042850106598 285.627215895153 285.18562313994 285.31607119592 285.768670100985 285.961576023232 285.236680945296 285.353550465854 285.660820776229 285.75963185227
285.746449949696 286.150601089816 286.061118255635 285.944326894808 286.340682286004 286.533558245339 285.884561128995 285.994098450999 286.301894577266 286.35149708068
286.738417276539 287.007084075774 286.932941596645 287.028247505515 287.128439644003 287.388863467777 286.703512546794 286.997807518081 287.275185632043 287.353767697556
287.782050847191 287.906462851086 287.990449117709 288.142606707711 288.301320264555 288.391333837063 288.06185224692 288.035124150705 288.311989304261 288.409052654561
288.96730900677 289.032690659798 288.937840374272 288.975839047843 289.312297641036 289.198066184684 288.933948584797 289.087505388663 289.211381296654 289.223595841123
289.177733825756 289.277430930469 289.189397546196 289.188615972511 289.54241305305 289.453207401582 289.25743582391 289.276063787044 289.476073344668 289.371885249427
288.917575150182 289.114293994955 288.861774857343 288.943522503454 289.414498626122 289.049733559064 288.888052137518 289.340191512604 288.855613584083 289.041672532066
288.097842868419 288.240944003223 288.169407204243 288.090382475696 288.47397642236 288.155256229966 288.075039345931 288.559296258398 287.995558110437 288.346185363558
286.97348562628 287.085296812558 286.853782243961 286.943960318692 287.460339888593 286.850512232606 286.933276762002 287.329972523566 286.989370815115 287.237914525118
285.614046109319 285.783043702568 285.844480233468 285.816528163031 286.104241107793 285.761912244265 285.795348070644 286.193930182048 285.874560125856 286.02964687285
285.273528231465 285.065595052045 285.471846100418 285.115249849612 285.594296807839 285.37664242488 285.245678589324 285.78514587449 285.166240331452 285.463397498632
285.158480021415 285.26967326209 285.460557368037 285.018080234795 285.614072696052 285.318001073202 285.266756015268 285.932281320762 285.142415422058 285.309591542703
285.514228970244 285.707123467326 285.547905845543 285.35984408669 286.183066446849 285.760208687211 285.520254196594 286.242390152358 285.282791305032 285.834808234192
286.015980359504 285.991275245138 286.432205857223 285.843351743912 286.797153034943 286.129380582967 286.178193919211 286.651773674338 285.976252693423 286.412237753956
286.948161196406 287.024842502894 287.043257990441 286.82523959188 287.511905741384 286.918172123903 287.179279965074 287.539086981512 286.77523544301 287.07036755588
287.957663323776 288.084297956437 288.309607445313 287.77105060587 288.524695789714 287.967655744085 287.992966076613 288.492136201782 288.138113105384 288.082607527195
289.095679104284 289.127628558264 289.137412701337 288.99641221782 289.44301862985 288.925966289133 289.06756479392 289.549152973022 289.0569867216 289.262778024908
289.48953224407 289.443952614569 289.424226790639 289.318236761497 289.63707862371 289.25543022728 289.398772916763 289.774289325221 289.345394359166 289.590593505863
289.092363763773 289.191065847161 289.155523380007 288.910021654368 289.356722763333 289.029355159041 289.201967835112 289.429538909158 288.967745289763 289.34413471321
288.207750276291 288.234017861588 288.408204160253 288.226387576794 288.439694735768 288.129287685426 288.328379638696 288.49369312169 288.176858944951 288.40487732024
286.914790079215 287.204761478326 287.2690604789 287.188611459842 287.266775853538 286.905527333651 287.18624792829 287.323841602726 287.038616885123 287.16099079074
285.853486587927 285.991065107386 286.120130858253 286.069846604132 286.250678192867 285.780462912167 285.935984177343 286.081719072589 285.955230684611 286.02852067425
285.576675703459 285.209096557231 285.38030979168 285.429168000966 285.734544952151 285.096804243645 285.313750471827 285.584145042707 285.301696949653 285.253663379798
285.485068886843 285.657684155824 285.352194581919 285.349744280798 285.675693314406 285.267455498997 285.584283410461 285.262633265108 285.121620218775 285.227469745336
285.874224103363 285.801828080341 285.844645012628 285.871223702531 285.845645715564 285.636469768924 285.848111324451 285.427016996742 285.494958062035 285.473283744584
286.4196329745 286.415364609472 286.256254650332 286.511002064509 286.559435947695 286.214196517871 286.346678727748 286.260754941838 286.125375227437 286.144215193557
287.319307913553 287.238228932068 287.270487397028 287.338457900197 287.22492221643 286.857266246487 287.47326470958 287.265946021388 287.133623705502 287.266781584348
288.463598428915 288.290972693586 288.365532009302 288.310459027375 288.247244755942 287.854861167783 288.415524675735 288.163519839887 288.254340122862 288.302360298028
289.209414749432 289.293237673013 289.338838973075 289.326285833655 289.211778416408 288.995265192853 289.318687685912 289.091284214866 289.249987050502 289.260050571736
289.351591270388 289.482379838193 289.673983493155 289.61771314165 289.513502579202 289.394234549109 289.534789361597 289.32999489577 289.471760309942 289.505491460801
289.130069413025 289.099692510105 289.255881467776 289.354717118403 289.203681949659 289.092203512264 289.305890787862 289.056964783361 289.189626823183 289.18033467089
288.233899182759 288.048830998035 288.300124174802 288.460049469421 288.340024917611 288.400467211066 288.342490425568 288.200947383614 288.365203560149 288.295522568234
286.901660301012 286.991684381757 287.254031094602 287.396465378359 287.118402701492 287.05643881215 287.193596453134 287.026278810351 287.175703407039 287.238781423203
285.678371783829 285.996169007844 285.978800266932 286.338344578128 286.07403881214 285.874900428284 285.925070778118 285.843955772253 286.084603058762 286.009870865967
285.045304085823 285.288486134346 285.460652676441 285.694385645346 285.455830468782 285.05667163198 285.428597186201 285.34932378233 285.455157408303 285.543165672094
284.932558580522 285.105446722303 285.359308078319 285.644100258669 285.627253125715 285.112121861624 285.365243592526 285.148395874989 285.45132696268 285.755616989471
285.299640644133 285.564459268285 285.5899313899 285.674436086284 285.774215748243 285.322118166119 285.719076945941 285.684021039921 285.778976522358 285.841262080007
285.903446642683 286.152509204994 286.308881753316 286.468414763691 286.488901013915 286.10647989574 286.367587560338 286.092408995227 286.945163154439 286.356969008493
286.990630119847 287.199412658047 287.308375395222 287.330324214697 287.186726343805 287.085247161044 287.086001704045 287.010745338474 287.508634099873 287.297168778261
287.945491994994 288.324568430543 288.238378833416 288.462574233602 288.332292636615 288.294554442627 288.181650942147 288.318851108515 288.403944546038 288.44921235082
288.922954589512 289.09262127786 289.309800482712 289.389480474479 289.302580560556 289.241114140958 289.124549044223 289.219244966942 289.340736421285 289.520617629493
289.240760800858 289.489639536616 289.522702503457 289.519407138212 289.656962143504 289.530988391183 289.431108689871 289.432491469828 289.600633161202 289.869921856263
288.907464758288 289.168058512726 289.24491240275 289.082255986015 289.354286023479 289.306224309259 289.155014470797 289.289673456871 289.407267735872 289.525264321477
288.20711923447 288.367414316675 288.271878956861 288.295889212212 288.271432225279 288.271100646862 288.561698871988 288.470827153131 288.461816592419 288.554910130334
287.023218455946 287.164915094376 287.154917319002 287.089263417387 287.161199065738 287.026334454688 287.327759790462 287.343483188933 287.335177587602 287.370453652281
285.973454709354 285.975955358647 286.098649575987 285.783104520285 286.025889833922 285.903776163713 286.002289469019 286.109944113753 286.322389729461 286.507484176357
285.367050554685 285.443994069987 285.263294498725 285.356265591552 285.639007403556 285.204872652039 285.405834576569 285.548809226997 285.64979459611 285.862086812743
285.272484980218 285.447224451781 285.203488366644 285.447693423428 285.544905886207 285.201338643302 285.326773119504 285.744672945867 285.693673144892 285.88562705679
285.548906923406 285.659951872771 285.642721252196 285.642432578482 285.642137793842 285.649485988471 285.525032735041 285.933688455887 285.855912690244 286.526384152566
286.153012046938 286.450674085508 286.218572832455 286.112273865635 286.476193590964 286.030285756178 286.204072201644 286.698132735401 286.544377462507 286.851770602945
286.972736375225 287.25817610084 287.280898605768 286.988913813928 287.46373100189 286.929420856913 287.194243694306 287.735102747812 287.383095601503 287.640606397743
288.211569796239 288.268894507215 288.511521392002 288.020796777335 288.522414333813 288.195144152856 288.28189884198 288.704926871898 288.267645593663 288.710294772827
289.306160587773 289.229880405114 289.199361532418 289.053030411339 289.535824935371 289.342484755374 289.214465167795 289.652381002659 289.133073141754 289.917861941244
289.449632654086 289.539935257136 289.623070052494 289.341693414524 289.867776313348 289.589335514153 289.445231521985 289.804694157859 289.449859577936 290.028056613604
289.175956078399 289.321930592204 289.110959164614 289.12896959735 289.655945852788 289.448983489508 289.157133470214 289.585589038164 289.167209382662 289.749080519963
288.39461341986 288.309397624867 288.460406320784 288.204585902616 288.779776694806 288.631451348681 288.331730253646 288.696427839188 288.333446396528 288.70919933893
287.319343669372 287.16205796981 287.229763594109 287.085440304944 287.386262041961 287.360355447488 287.164148671722 287.457630218549 287.01076156438 287.51269370199
286.278289302561 285.960009239471 286.19459553092 286.091016839273 286.438702292055 286.33549143905 285.815434444929 286.516357667155 285.904200753238 286.518267541158
285.671157876791 285.315594564018 285.489439524579 285.397604797547 285.729144801223 285.69180453394 285.236514966638 285.544196123799 285.207512804951 285.869089133854
285.669496699379 285.537494797218 285.65750280661 285.221301939475 285.975573566912 285.522535708388 285.330228063773 285.733616888306 285.154019266042 285.81565873297
286.115382110814 285.883427622657 285.854842790028 285.502936145365 286.258883093001 285.765959250602 285.449123100792 286.324062511403 285.358799212041 285.863495642464
286.638418349374 286.402277313151 286.326831887548 286.289036956012 286.875092433998 286.309571246402 286.166338300952 286.888280640977 285.83288527984 286.395652384293
287.682651264232 287.22662157348 287.383761007362 287.19200025384 287.751283805169 287.46144191743 287.128240249094 287.970610368889 286.925637935602 287.438918065529
288.612446720606 288.33028683482 288.391631124185 288.246497632138 288.563471788828 288.724703248656 288.171567677968 288.629332320633 287.996810788645 288.560906539478
289.588491885258 289.29277332513 289.300254530307 289.258590147471 289.503938674234 289.451544795138 289.304829514786 289.620323052867 288.872510439938 289.362028869815
289.746438387826 289.561725033482 289.387608626371 289.590960209491 289.653980400441 289.680205400277 289.487271450757 289.781015720393 289.205208702141 289.529768563817
289.442253028129 289.205614215827 289.134816579723 289.242690097794 289.478221404147 289.214404401828 289.206894664986 289.505327640502 289.00847335145 289.134753898114
288.519023831546 288.375537095023 288.350842123088 288.452207948151 288.460403623501 288.29601952291 288.270935272728 288.484741690603 288.11047308211 288.428117126804
287.398610190467 287.355962252 287.180564551181 287.244128687835 287.294544274228 287.112126455835 287.12798512126 287.47922635181 287.073161631601 287.125470710898
286.190390262822 286.147378181057 285.917810555465 286.128989711236 286.168536224423 285.823841546124 285.853480746044 286.334989707199 285.946969819191 286.145663861455
285.399533499738 285.578137137747 285.177568544471 285.585815948605 285.611679843095 285.319775749273 285.425694216739 285.659620907497 285.46951064831 285.322085638752
285.310756841702 285.675051419118 285.36302923198 285.646994601665 285.381885775838 285.038007831003 285.32090222379 285.928790653702 285.300354585059 285.440558815404
285.598847306307 285.715510196818 285.671034824971 285.927270631212 285.743447237488 285.390644110644 285.770969451596 286.100274538943 285.652744075156 285.683207840932
286.039546058031 286.195072821956 286.218142625017 286.418180765994 286.345827088564 285.855189997344 286.352192068985 286.595524418708 286.340109676879 286.231550314283
287.048627004077 287.13052892315 287.145744667743 287.201722192462 287.231678865836 286.676658704877 287.311995261491 287.360946407733 287.107034073063 287.363770736902
288.092894012161 288.255368806301 288.33932619587 288.284011590292 288.29804845571 288.10820534565 288.347166048209 288.284253572742 288.11397974232 288.449605500097
289.055162127229 289.334777890848 289.275217302578 289.258583166987 289.214718927341 289.047434832702 289.488231924353 289.312991853408 289.14460928336 289.448185965779
289.189788091607 289.576271279986 289.356467582014 289.537107579111 289.453022340879 289.270860794126 289.802250578788 289.538940186009 289.339506637729 289.630613911479
288.953351253663 289.353209734237 289.201795339351 289.302311007536 289.124726612501 289.227644334214 289.547599493342 289.426783024618 289.181962400696 289.452078876497
288.099128522599 288.452196586881 288.469304662088 288.459922763733 288.289755206408 288.393801279969 288.616445583883 288.522362558892 288.255363352807 288.597215095838
286.78584584905 287.336221375718 287.298581349399 287.363877102444 287.329595388345 287.080545707469 287.485562676641 287.423822637226 287.106408360598 287.533271203973
285.692949488117 286.318794251821 286.206794190547 286.258303524148 286.004874750985 285.982151756473 286.500528381837 286.341293908737 286.138651370365 286.324238176619
285.135437922779 285.547175257763 285.651613942193 285.607155717479 285.374852623458 285.201458176442 285.782792901487 285.672686311115 285.658326392059 285.765897110012
285.052252469896 285.968851448531 285.514881195021 285.489573863208 285.526905871406 285.514654741114 285.652617037133 285.412616972914 285.415083447384 285.798230921569
285.455472650535 285.936416117993 285.793222479775 285.969674399469 285.911544677816 285.618783855981 285.99062571756 285.868581761654 285.829153659779 286.060786440296
286.023985545966 286.492043517811 286.441230956852 286.618542627905 286.163712031251 286.21800211886 286.732947301442 286.401829810792 286.303567809958 286.677280733272
287.100602466056 287.351851715768 287.178398780225 287.439404434267 287.064181283076 287.232716905143 287.830798493664 287.431064574008 287.481489944867 287.425418943645
288.250950990773 288.611414774862 288.569406048842 288.508545212115 288.133869490627 288.502560329551 288.734457367811 288.411093565737 288.28041854892 288.339554735282
289.049764080524 289.444343185231 289.527886818778 289.44041025129 289.254992554327 289.332701215905 289.534971563785 289.482137659457 289.148070240989 289.409369935307
289.496249353738 289.675516502181 289.644964671819 289.661714636471 289.556828033418 289.620772547369 289.788956134042 289.70126815174 289.38925807581 289.776816229776
289.021214662187 289.287636473629 289.153860909302 289.427716666187 289.317513504345 289.282442249157 289.278082200206 289.618026310195 289.006602734323 289.465611316868
288.256354863901 288.31969281308 288.323121026103 288.547247489518 288.356188854863 288.501868189728 288.395527368875 288.751318811999 288.212464748787 288.602985511807
287.052238231906 287.377372468946 287.155439017827 287.391826022663 287.312626227534 287.450957262657 287.07333883593 287.571377176119 287.018421945199 287.448294899848
285.966116344437 285.977029993788 286.33034445561 286.343710154735 286.091106610478 286.26512119066 285.858147136964 286.568517022799 285.979833589601 286.369741960788
285.248951990031 285.471936812228 285.536363270562 285.478043660001 285.456543954015 285.500529272053 285.27028607829 286.228716190303 285.447418653691 285.646722543277
285.438458841499 285.396394722784 285.618276206099 285.50465564535 285.685645215351 285.6760467975 285.321582481689 286.155592409649 285.581568316336 285.818109541551
285.715911594317 285.505530352095 285.95954724116 285.694272987915 286.271613397362 286.068083532607 285.768960954542 286.279243909388 285.767145005054 286.128173403906
285.977545120878 286.617761126691 286.485268760195 286.153596963537 286.57002935117 286.381209232516 286.213555478511 286.796461134776 286.452490006853 286.715698360159
287.171511569701 287.436330189873 287.132364959806 287.197598735331 287.460418106921 287.197824585184 287.131502383198 287.639186549175 287.10262477478 287.649997763601
288.00885589741 288.55473086449 288.348777388536 288.35255167477 288.540871742243 288.321814066416 288.134982253778 288.703738725319 288.339384756912 288.718312678951
289.155388340478 289.375044080417 289.301373212701 289.328636480266 289.40933904306 289.369167521238 289.132077927593 289.529730111343 289.256575419085 289.669599120495
289.457765492781 289.598636862856 289.46635775699 289.590429568911 289.788661389331 289.747600461969 289.37013893244 289.847565642989 289.536896786809 289.936105642011
288.903767809583 289.415254029776 289.229991954839 289.279071447545 289.387399428761 289.391986982447 289.076647683752 289.456677825279 289.306068655857 289.540462116175
288.186351228872 288.57909006477 288.342243848337 288.404996942227 288.411951617516 288.479711014521 288.333046406982 288.600201055778 288.605355131781 288.624720528731
286.845548120058 287.444806614717 287.209453650422 287.330505980653 287.41113212302 287.349217794529 287.152149683506 287.460397127694 287.324466808119 287.373635401452
285.884028038163 286.431437616865 286.077789703925 286.243984886913 286.257060313165 286.213392255921 286.028329273379 286.254715642538 285.920230501306 286.394888724771
285.220446481929 285.728381605269 285.499400680971 285.657881116115 285.797250115755 285.891747001337 285.433993536771 285.728395675115 285.398195936677 285.634421998379
