285.03602923933 285.813001339557 285.498905612271 285.462307335091 285.791438261337 285.882609303943 285.450761586632 285.7538314749 285.586374683206 285.576779048799
285.544161489507 286.081613595551 285.853112497719 286.012032459364 286.034211039578 286.236551123596 285.832340440764 286.088705922456 285.895546013575 285.81826767937
286.179025103443 286.695243029765 286.153149405598 286.474983756548 286.56004374106 286.856375286697 286.302926304004 286.451192794074 286.664943627273 286.380571562462
286.945698713958 287.583481050873 287.250487811427 287.319563510365 287.508075359544 287.663005304217 287.117489020611 287.226055153909 287.430382193783 287.311012207058
288.245957886473 288.713695411478 288.287385272606 288.398304343559 288.59696945048 288.774052260876 288.135114430468 288.324597401697 288.445522812385 288.398709639059
289.279262678156 289.554850195619 289.256620801847 289.270522831069 289.601547244018 289.565927018838 289.13811049763 289.180446291068 289.335021069161 289.370215966604
289.450924795989 289.739516708615 289.536721507458 289.676320854891 289.872535033619 289.779023467658 289.412252672244 289.481651759992 289.679822582765 289.603137628048
289.062359426676 289.411342001301 289.298273896749 289.40798833508 289.679806482119 289.574174824236 289.108444972932 289.230889908674 289.35347394367 289.419234635247
288.117683951842 288.652913606051 288.323822109703 288.560540349344 288.740736648481 288.939595762821 288.282360846365 288.454417220628 288.399324952166 288.369600745648
287.061623573315 287.497107704967 287.247046292171 287.354476735132 287.704866819103 287.706585898299 287.287460516442 287.23582096583 287.18200024269 287.258139240312
285.941729905188 286.157593909097 286.075438560339 286.2474050803 286.656050295808 286.815255787078 286.103582408234 286.157993668009 286.014155986405 286.125647587581
285.427998644811 285.457273056628 285.437872825256 285.706019968035 286.110599048571 286.011977845091 285.547880202039 285.565224670693 285.46331201245 285.687962372502
285.120031011527 285.073970005666 285.540840277337 285.524507682311 286.058337514276 285.915771451117 285.491408828118 285.646976344037 285.417476067415 285.712411622444
285.538087389426 285.819114496071 285.868916173306 286.107036828251 286.328942508223 286.221058096429 285.679802460105 285.939662044445 285.911325211946 285.989052345606
286.291447806216 286.432864957433 286.338688727507 286.459010267644 287.242380332455 287.054107050059 286.325090065764 286.529437441223 286.299881505986 286.569563754278
287.225771526932 287.124391272794 287.157157888969 287.417750410787 287.658801212421 287.701340936489 287.491188836084 287.438740481955 287.096063758434 287.443004331376
288.363643261146 288.144925504212 288.278621263601 288.337540639713 288.666579217822 288.540050456089 288.435374054853 288.494080893357 288.133452375562 288.331029608316
289.268541209146 289.159587950212 289.205591073275 289.499311221164 289.661286007892 289.482902258952 289.3573048117 289.48210391164 289.32753971614 289.35120916188
289.650401431363 289.486972584237 289.595430033777 289.734087726803 289.953149749688 289.652739915321 289.692277979785 289.801019231356 289.476894609919 289.709623759984
289.296918189782 289.190098891925 289.30731012273 289.258246484128 289.488776954401 289.277961930601 289.486358822167 289.337113725597 289.203558605273 289.435624577039
288.394380500975 288.453010880062 288.41445069112 288.333462507384 288.536292881564 288.4312872462 288.527103134947 288.531581431258 288.491780910461 288.681420629073
287.28521933874 287.221640822647 287.210992604783 287.137887522589 287.366519768502 287.317177356551 287.231166998839 287.36922398661 287.442582023163 287.472016542051
286.128363999218 285.894789081003 286.111044192699 285.969868487427 286.178554960414 286.154026342675 286.192389752323 286.294632054955 286.300881288579 286.434105176167
285.529432830005 285.383505766313 285.273152385723 285.38222987507 285.739691601084 285.470602448302 285.741739817829 285.712301899116 285.728677010556 285.842760208922
285.455595433387 285.253918980498 285.476814904658 285.519728819076 285.683132763057 285.326759622496 285.93671428064 285.599594846315 285.612040831286 285.725893638633
285.942292460955 285.664376762634 285.924383247707 285.832166903725 285.807893281938 285.799570354061 286.252747474315 286.017168289511 285.915475412719 286.115087819916
286.340936147002 286.378703199784 286.435405714554 286.308443575263 286.381344031453 286.509399139659 286.502638963075 286.598979306811 286.620694610662 286.784740240236
287.22334387248 287.204289484069 287.126489967835 287.094289905304 287.249802580305 287.265865900242 287.539947146478 287.365072381751 287.291982689195 287.608714612014
288.294655182837 288.220149913708 288.109249175393 288.168645075387 288.321753331197 288.378570017443 288.454899033406 288.603076245335 288.678614932292 288.688871631316
289.448646714707 289.317058838685 289.225961596286 289.111221897108 289.412726503065 289.198180426005 289.408699109518 289.539538222668 289.599715163941 289.578280118756
289.497758502346 289.629314407157 289.589679253997 289.375077784644 289.694520309046 289.480682469539 289.744872136065 289.678227904731 289.77026188672 289.807843952125
289.1674775014 289.436304405315 289.269119458004 289.073683041639 289.441474756996 289.196114071897 289.60632878137 289.487420412772 289.389785175436 289.385955595926
288.308416482809 288.586530042798 288.263333753872 288.192517814724 288.512026206316 288.479932863711 288.588542872368 288.723679453369 288.526700229601 288.568874885894
287.063965808435 287.53706286739 287.316272800626 287.001567604701 287.514094997756 287.281101878316 287.480755873528 287.539106047902 287.39631722339 287.472669970943
285.994284536581 286.274378765122 286.283672301232 285.906796817399 286.372271887898 286.118298179338 286.543392691013 286.500204405734 286.362435050336 286.364123030609
285.439914526861 285.853617436347 285.56535966982 285.458196817421 285.803149675115 285.513255093982 286.021805737252 285.763533193284 285.734767036757 285.597322508781
285.258802093232 285.873625721137 285.453042130049 285.390516699234 285.40835900076 285.578812803358 285.998254162524 285.806428060228 285.718188941324 285.403623570343
285.825682335349 286.225222030802 285.995963922013 286.057528666693 285.989679651622 285.62272114493 286.28562401218 286.291096510461 286.148197741473 285.711310744222
286.262310842776 287.105792205393 286.341343638164 286.344012299994 286.540276386156 286.353029615274 286.826540683643 287.071385941609 287.164779308658 286.198531015673
286.952506066357 287.961835086701 287.375599074227 287.15693269299 287.336256873824 287.177408976764 287.582750462012 287.798923455323 287.711397951955 287.220837049274
288.103460529363 288.719504846164 288.544714720818 288.200711695342 288.442443067518 288.371915452436 288.678515876569 288.928216113581 288.782736211695 288.294529602001
289.129014623782 289.759833668141 289.461134221657 289.301281704471 289.299304088483 289.119281242694 289.70402830944 289.782472830697 289.68540599325 289.387515062907
289.449377911169 289.914855273919 289.840348683756 289.643827077839 289.713754439971 289.358558623906 290.046252339942 289.934638596667 289.888508050983 289.542709994593
289.111254458322 289.770029866237 289.5360009433 289.510838025144 289.469984483239 289.135826530198 289.734578388181 289.561543715343 289.68629009799 289.372493822769
288.165309129876 288.693403361739 288.619212709812 288.622607866122 288.644463709249 288.214906390546 288.869795517623 288.624050822726 288.805772915015 288.498145984595
287.141615187533 287.642222257716 287.55190607453 287.456033969626 287.467547485707 287.163754991164 287.840328083116 287.352070150318 287.715534037643 287.400394614263
286.113543717856 286.498670080625 286.435774956168 286.484478879949 286.370256153561 285.984045100901 286.76850604826 286.128293420432 286.766037308481 286.126705601522
285.513516143307 285.890346847131 285.851929306129 285.975884352482 285.83090957067 285.434749484144 286.288939799246 285.335937537333 286.072108623385 285.612714674684
285.46086376463 285.815868760543 285.8708634548 285.66306208594 285.901491234384 285.410896903268 286.110980309855 285.307368309428 286.067559260024 285.35649802037
285.793387949293 286.125271457457 286.118708455964 286.237234761088 286.081977455667 285.84033657941 286.671257447303 285.786466206762 286.337392196158 285.995249710025
286.24648642178 286.589691126737 286.685810140488 286.602932805209 286.542606727798 286.320956883758 286.964802376654 286.46815686042 286.85973354448 286.560836473351
287.225185319358 287.355127696763 287.680938271112 287.370316441651 287.574191461326 287.244191024268 287.603079989893 287.262164180037 287.849374223845 287.544925363507
288.228650946821 288.415386730138 288.788604325995 288.589534328765 288.524198404537 288.245077885937 288.872800958945 288.20658040836 288.901187565811 288.607806369218
289.258330593674 289.291092281675 289.779623570238 289.463046596476 289.565949492853 289.391998306557 289.688431977262 289.226375202558 289.678223679569 289.460627413461
289.675837940599 289.601328371661 289.878590186542 289.742864575839 289.835084887249 289.76047796277 289.840031220403 289.499589162293 289.943312214024 289.702483539584
289.172860028862 289.298004743461 289.542723583427 289.46389376475 289.558668324792 289.472587707359 289.522090195013 289.290578183972 289.527354916285 289.327534295096
288.383812467565 288.494447742465 288.621568559174 288.590133672568 288.678491285104 288.773260270489 288.704138570117 288.48059518803 288.619577500335 288.432375395409
287.270412719201 287.457977562599 287.494595803946 287.414755069529 287.645178574685 287.621446317869 287.559823944527 287.244638176966 287.579870723824 287.304098169842
286.118631861297 286.247134970072 286.244988672013 286.33212031808 286.482293270209 286.52355074818 286.300395669458 286.272166779319 286.422902756679 286.057954466642
285.711656724987 285.660837614208 285.5502095225 285.5549014987 285.869531164472 285.883889455607 285.705116713122 285.44583293959 285.798335355394 285.556112305912
