289.620311843356 289.916742016218 289.961869444807 289.835674161238 289.561410497715 290.178097895582 289.942243752671 290.490094952766 290.043767464847 290.144250383863
289.714808485503 290.055379201147 290.152363218212 289.989146996171 289.773643720541 290.292564034462 290.045849472925 290.708477839799 290.341719761319 290.298819723466
288.896354413836 289.264676569226 289.295828394778 289.34689270919 288.981646859939 289.337461583619 289.226209845519 289.941408172969 289.380217792734 289.525269306213
287.422976191786 287.80940235054 287.957223821774 287.812618446435 287.675032375832 287.985238254292 287.857599083278 288.48294509561 287.988007906106 288.036790612083
285.837380700131 286.141513410184 286.19299659534 286.081555472217 286.023544281548 286.51150463933 286.234154045757 286.747591428731 286.540168902986 286.427730179648
284.376408201502 284.396113504724 284.811888481342 284.642411798155 284.698484818947 284.709610692609 284.747242135295 285.144958327562 285.005185518745 285.114104750627
283.559688327817 283.664869375863 283.843168765184 283.974754531808 284.017017561169 283.97840673233 283.8892945449 284.467042073652 284.086392661437 284.207866789627
283.244430088198 283.40697796032 283.577018924753 283.707084630036 283.79412966713 283.564061634689 283.670320099995 284.06425590396 284.152736297056 283.930350327891
283.974525817069 283.830984702874 283.934981475765 284.217533282821 284.244951989282 284.280385553373 284.25418951162 284.682947348469 284.398461098336 284.466334586028
284.9255783746 284.923053405003 285.218224463135 285.25180130536 285.194995507167 285.40086870496 285.328898719818 285.570195233447 285.394248376524 285.565055408554
286.289787896776 286.528016108573 286.730711029573 286.627169738726 286.604557512673 286.642936695418 286.86572889658 286.798888217598 286.918171396591 287.009494579269
288.004093124872 288.209705573023 288.493098495339 288.434564994699 288.504983890465 288.412343200089 288.740969371561 288.550087549929 288.693755312851 288.752758641731
289.450581378592 289.297019682634 289.68731988415 289.742089259325 289.905217980545 289.661921986229 290.062935443474 289.850540631715 290.117310762509 290.064025343703
289.713959540998 289.477251061957 289.980761966011 289.929761532751 290.129476683446 289.880806511984 290.253354631585 290.078410999132 290.251784878999 290.256260037308
288.925223338735 288.819398589609 289.170472893591 289.102854295962 289.368260524686 289.144334939562 289.50881868029 289.251708381569 289.533909685703 289.343727668955
287.493914056476 287.330403916409 287.940675755833 287.841558217717 288.090070533108 287.729659400165 288.064264763026 287.917955035624 288.121686572423 288.03221691035
285.814457167394 285.685674047502 286.351168377231 286.240520896908 286.31891131258 286.056706823796 286.484331718734 286.416663668679 286.576411864323 286.628725653061
284.323582451279 284.410151350247 284.923847658054 284.796903279314 284.995633886055 284.72024645808 284.954710206168 284.799690836483 285.136608132503 285.161038822767
283.482428670978 283.667551825861 283.933463349421 283.712005756173 284.064002052015 283.977765852166 284.101717973681 283.818061283474 284.065043052346 284.099010462545
283.173451653152 283.318273120246 283.827469441722 283.568086566177 283.651222692026 283.682854439549 283.856729779974 283.698587392529 283.916397137321 283.907594420216
283.742270702057 283.867391907752 284.476893592265 284.322045143618 284.248947006915 284.247950406385 284.387490082955 284.236786640224 284.247020198557 284.533338953483
284.767035535009 284.848837649019 285.327430997929 285.355069820575 285.415619046556 285.445358025214 285.435581846115 285.192882231671 285.216029427947 285.613862663802
286.441647512988 286.269957824052 287.072246609066 286.895525933024 286.860026612038 286.978752504633 286.841188833548 286.694455593695 286.984001629719 287.063292537414
288.121309409134 288.023440269007 288.800764032513 288.555198729937 288.630630259282 288.620905948024 288.611720422531 288.326257891183 288.776003670594 288.710227203119
289.475347107547 289.391007559288 290.21115048914 290.045343717807 289.950091383985 290.012732563712 290.117834404152 289.697553485341 290.295039192013 290.024633205283
289.594211413959 289.503139238642 290.516351804505 290.317954223787 290.189402096367 290.21313991299 290.287422664959 289.81062023971 290.341638387136 290.200089892988
288.876584858841 288.709753632658 289.759303665176 289.568223038478 289.256032050602 289.308387940827 289.570670334628 289.003145774919 289.382203175483 289.365974430706
287.40621216938 287.390197888999 288.290781990355 288.218897007195 287.849089117045 287.853806767926 288.12202729628 287.592638547875 288.126007890232 288.03222973692
285.856366204366 285.971689270513 286.566981464982 286.602059923744 286.312865996276 286.383499445724 286.526597744988 286.103601204711 286.327388698802 286.059306643908
284.413152642327 284.326779871313 285.096346723979 285.225910716833 284.902497440419 284.901220914227 285.200313853676 284.591198664148 284.901004302605 284.730415150902
283.449271395131 283.513856601552 284.113267304436 284.017098880399 283.74810170406 284.018026939486 284.274850306875 283.946500535659 284.007323848751 283.906828530117
283.141617527073 283.411146462162 283.710184901114 283.679469675331 283.532859883423 283.561334797812 284.052719797982 283.871720255613 283.601458185405 283.852972806877
283.833887899054 283.790865502956 284.224751183642 284.272314324994 284.12179654094 284.282634650365 284.535617402452 284.273606606369 284.169727134661 284.195788896255
285.052599892442 285.061188622501 285.297535465839 285.294176223997 285.197100549198 285.500685835453 285.700263002536 285.469423558156 285.244112512334 285.098768798838
286.377395057298 286.647403401428 286.72361527679 286.663458350265 286.528433713106 287.040818337961 287.276859375045 286.988573700295 286.734074551303 286.603394321354
288.088578986667 288.381642634334 288.544755328282 288.341175381818 288.4468563446 288.902528639379 289.256179949962 288.923271213053 288.563960195789 288.224947788644
289.475273588961 289.674849906792 289.802447884241 289.704828768176 289.812624829215 290.412477155501 290.630117126888 290.427183752301 289.887587944435 289.519166463396
289.696722595075 289.785625931822 289.94583809344 289.797173456802 290.055030471726 290.751258557432 290.798946706244 290.559850711342 290.100569188422 289.87133458422
288.86737932458 289.129477583195 289.061288592456 289.044674650049 289.28079504334 289.838677696916 290.03221203427 289.619404141041 289.281902886536 289.196131778078
287.378788803806 287.664041086824 287.544631677889 287.516124488879 287.996050309013 288.472373876188 288.31494471546 288.066121339308 287.771702337238 287.755558271562
285.731852245818 286.167918692611 286.029991598649 285.851877000925 286.385947650703 286.635484266452 286.713195705489 286.511844436485 286.150995340044 286.137777611019
284.275053904411 284.672869549375 284.317234777235 284.485852180575 284.895004186352 285.072685216709 285.194744313541 285.012721347583 284.918747939495 284.655333143211
283.356734993813 283.849435739208 283.620592966235 283.597886776774 283.932572114814 283.95725427538 284.384634624651 284.010702284435 283.814006685467 283.859416217233
283.265806926904 283.647587469581 283.436917545509 283.397995592013 283.789986916468 283.811581150937 283.99338039767 283.733418131516 283.814416782709 283.762917094112
283.807619214163 284.01257076415 284.051786796061 284.03887643916 284.317257922166 284.301476702815 284.532113622882 284.341120909124 284.386700465193 284.346432571456
284.850206235932 285.118160152871 284.975960431776 285.018195783912 285.454528943411 285.318998794422 285.366478016386 285.39479092665 285.576930857618 285.257593691255
286.304278938571 286.736882726165 286.44685922651 286.593380793777 286.961492413209 286.772041008023 286.887776926002 286.895895802013 287.186050602609 286.929165227425
288.023485516415 288.6273907305 288.03444263632 288.18504500454 288.837507278668 288.393717409228 288.474339717117 288.544077491275 288.972219024792 288.663901250193
289.396712825268 290.021917375974 289.409365713683 289.569447067345 290.145149061039 289.689856748476 289.807126812584 289.829454849702 290.451013553592 290.233084466886
289.69917663394 290.200511662672 289.724918095308 289.839873225968 290.316406025872 289.791712123957 289.940327565226 290.048837344228 290.654105673675 290.521582088272
288.846398977434 289.420027442687 288.917162903976 289.068951536617 289.534656380016 289.039570325726 289.029786970201 289.356587933418 289.790736480975 289.580583928152
287.634225308695 288.067955749088 287.552592133154 287.774972884426 288.172700887422 287.620439583345 287.637406881912 288.034248517139 288.257403152467 288.114961226415
286.033666238626 286.35317269171 285.969525634739 286.254249379986 286.620677555649 286.085045415065 285.795388574 286.73061963567 286.556645530847 286.504021725361
284.464944209796 284.910953632325 284.505847295244 284.743067147708 285.112749261154 284.685902246634 284.663369616521 285.100385747703 285.016433454634 285.034995101217
283.639912700976 283.750919472431 283.781840140963 283.983993960939 283.99514068925 283.685531910367 283.889333399738 284.107706735996 283.996640854927 284.169495171902
283.603764212338 283.450903695081 283.329740573813 283.791179977811 283.771581406026 283.412021463495 283.71794661349 283.965888642605 283.817740163756 283.795965875243
284.167407057948 283.916968173837 284.098084949787 284.361841088894 284.181789698424 284.214025439935 284.3100782396 284.428146572864 284.315915979928 284.497742998114
285.281574703667 285.167306165374 285.087323749951 285.640130260596 285.111005909866 284.970360569646 285.333968186109 285.422235843223 285.531860203461 285.488448812291
286.83688523216 286.497238946433 286.684372561154 287.082264276328 286.656487558743 286.589246785024 286.776436111646 286.867017736091 287.088371185874 286.989855290323
288.664102130803 288.248986361774 288.372974027575 288.82875015107 288.327943508946 288.353971237378 288.480936436462 288.632594589935 288.780638456199 288.732304985024
290.031048039223 289.534354429109 289.730835520749 290.114713609856 289.656028434675 289.649946673955 289.872853594316 290.057818489794 290.149653656519 290.105433657378
290.156347748649 289.838186853221 289.901519157749 290.181949463534 289.862056800117 289.893758486422 290.115014514394 290.302148691759 290.484877115673 290.350164071758
289.352968750438 288.940755801384 289.231826252298 289.327812134476 288.932655363554 289.180495701644 289.297843346326 289.449970448715 289.668207998999 289.567405893668
287.787689422309 287.646780991047 287.946722414276 287.891852159736 287.628168849293 287.621054964937 288.087966255882 288.174029293881 288.12869121403 288.191061297476
286.254825518527 286.005783483853 286.221091658378 286.210324599447 286.098086719984 286.228793615799 286.469248145738 286.68201511798 286.490394543312 286.450062961498
284.808534529001 284.458892215262 284.675189846756 284.594740395211 284.492795262659 284.788509890915 285.023652603051 285.252259054378 285.024411304346 285.00717721575
283.685295091222 283.743189754058 283.887050688322 283.726663741552 283.799706823577 283.957451999925 284.218299565528 284.220051485237 284.025722525883 284.151724745056
283.545858483352 283.379354814516 283.614250996599 283.6227427681 283.657997891689 283.558424413579 283.928901298841 284.061274028594 284.027472466472 283.982811488208
284.134913377479 284.009403637321 284.257045149932 284.16001701895 284.179717513766 284.331641616753 284.471723544626 284.482517233704 284.248117768244 284.409476684289
285.256717866801 285.203888609026 285.371496989658 285.327125507198 285.214654731111 285.155655877949 285.604884819081 285.421323197545 285.363233829663 285.289133320361
286.705896184028 286.479361409298 286.768341485372 286.636352551121 286.858780597582 286.790745323157 287.017618185473 286.982901352103 286.92462916865 286.848463855694
288.362205855822 288.352846831853 288.593290716226 288.323532130313 288.656742861174 288.431926416948 288.875883626519 288.611245726345 288.586138972117 288.525913254392
289.650780783379 289.759876959692 289.986478009243 289.674628998507 289.896861820104 289.858308039826 290.241839778515 289.982364886534 289.891826779328 289.966710069729
289.856568650459 289.891771241027 290.126819571369 289.774074143923 290.067379083794 290.042383321301 290.505397988413 290.280427675379 290.117478830367 290.144350677203
289.171044939959 289.174945956243 289.248341524554 289.19936587648 289.177873060339 289.191016262723 289.672345389021 289.374844883693 289.248024563974 289.287819964822
287.573102548311 287.835445782652 287.923130229454 287.800403991669 287.917889773782 287.952205080316 288.258194674666 287.923707786109 287.888903174238 287.993762708403
285.959305354065 286.200900190432 286.236114583351 286.321643690221 286.272037829938 286.208293370305 286.749157841643 286.426131337375 286.23932851189 286.442460155127
284.545747487271 284.594396273775 284.750262198683 284.722529945596 284.774914153736 284.773586235556 285.466302919583 285.12573899292 284.769833364234 285.091121586048
283.59550658478 283.561165478213 283.903244544913 283.865773666837 283.771584371394 283.915854409715 284.402718639579 284.066727579784 284.016173197096 284.068827896264
283.48917841259 283.528852027013 283.545752873182 283.603633348867 283.800823560202 283.89525571927 284.116169202143 284.027582981506 284.004617728835 283.869109231326
283.892976582251 284.209604032701 284.139060977993 284.086179542114 284.188901251645 284.206718829738 284.761215292473 284.38155144752 284.182380693559 284.372704695084
285.143048705794 285.307413755591 285.415581513315 285.102742129556 285.318952388059 285.411820304401 285.70504435813 285.492828921771 285.358937635933 285.390953841547
286.419000378038 286.604981585451 286.802668727903 286.67130737179 286.791571243261 286.676235720559 287.31940134598 286.959718121739 286.856549052022 286.852932956279
288.10695812449 288.351496342312 288.541442040854 288.433248794354 288.610464156643 288.462628875213 289.096610627462 288.627871982303 288.494376157653 288.657564767487
289.506257787907 289.728923719416 289.952501296517 289.929059366776 289.926081192595 289.941969833539 290.537809786453 289.925150773239 289.898703524652 289.880822793579
289.71750642991 289.974420938434 290.098957321922 290.077769109859 290.105591401956 290.122813966207 290.791441333095 290.24187349239 290.050247753422 290.103286454579
288.883722585645 289.178313365886 289.34796156476 289.220734111874 289.164323744418 289.415415607783 290.128034348812 289.354084709247 289.26202978992 289.151754715076
287.449442553176 287.754618710043 287.946812215559 287.781081578774 287.801653451294 288.026303430185 288.642270323124 287.902274482514 287.96758456259 287.948604376462
285.986393253914 286.261651781328 286.183034824033 286.24065693384 286.27394252478 286.424294396609 286.981177154959 286.268873326838 286.415228075659 286.322664373881
284.518525266952 284.645273988759 284.713113428124 284.936631967303 284.899934741452 284.925781160079 285.37426556564 285.120180581486 284.725913725144 284.897701715529
283.618709756711 283.860898786055 283.96929636186 283.835454956675 284.040023913125 284.288187338468 284.585843038505 283.862192702216 284.14212672588 284.178558334782
283.665515273053 283.643142933949 283.709334228196 283.786952932969 283.762342350116 283.790964705945 284.139381066413 283.925900932936 283.852579833841 283.838418563008
284.26564113653 284.332898073917 284.498084224294 284.293951566767 284.279740069739 284.314613726693 284.365806241767 284.365132450968 284.432667303732 284.334297750294
285.469148734892 285.18483298561 285.450432502701 285.200850783542 285.1349089776 285.593279088948 285.552869025195 285.626203352329 285.312600237151 285.419941593438
286.891628757942 287.078818719653 286.828478827816 286.816732016665 286.752367380707 287.020491993149 286.819052052282 287.101247237575 287.009692655844 286.657817584143
288.471339202271 288.924104284782 288.611230440301 288.625051109326 288.478348249846 288.70524405598 288.449411676859 288.821367128264 288.765806467306 288.549439755396
290.003494391243 290.332952892716 290.043580368835 289.880220167832 289.897846988885 290.059400905019 289.761479355472 290.181796400819 290.186278693172 290.128452048187
290.182294455546 290.488327188882 290.27916163983 290.002473305918 290.169925535813 290.233932849466 289.800392559933 290.404974760391 290.268751996353 290.146066512931
289.585211019209 289.582996018053 289.548749393262 289.235469763633 289.296640737216 289.485989305198 289.076439264558 289.652714461759 289.506532826554 289.359779777829
288.166746183413 288.272948830105 288.111499159672 287.825240500594 287.849339667741 288.209623551579 287.791773122157 288.094094292614 288.142910065879 288.085340647469
286.517716779092 286.710643388271 286.426234998772 286.293339762825 286.397265998749 286.637082030413 286.28141717663 286.464766640446 286.581750387392 286.528904389333
284.829073147483 285.217496210208 285.072579092005 284.73976783109 285.028451949098 285.06632911823 284.929085142198 285.130467348503 285.127073447066 285.060966459762
283.892848336117 284.031235603382 284.017095311903 283.937202481837 283.966055118441 284.29371851257 283.883800187354 284.29175438757 284.386681167372 284.26864125119
283.660961826188 283.745525497527 284.036607603533 283.829126271455 284.000874092913 284.119638020512 283.816941553937 284.018890702364 284.081470935236 284.067792784738
284.142209676338 284.356291473781 284.542177316386 284.263569207054 284.485314507645 284.441457685819 284.554073253625 284.339788890718 284.371413611118 284.663885105026
285.287254329885 285.408895687921 285.716295492472 285.350705046569 285.56060373725 285.428168420081 285.558046869357 285.753467550179 285.611334811018 285.877801644801
286.80037127676 286.814814143069 287.400370405871 286.866083209458 287.070902323012 287.260958067419 286.967959826536 287.287364415758 287.137057104282 287.071634263256
288.626275629404 288.430692763139 289.138927202434 288.737861705858 288.650365244851 288.926382249744 288.68098510552 288.789349208181 288.881728445252 288.855168077736
289.895907049883 289.693514525363 290.448652741443 290.050701687889 290.168216804217 290.288024123469 290.055260232103 290.163597666072 290.198425150773 290.255275621701
290.061031869447 289.748903219241 290.593595231628 290.252506797291 290.347406798724 290.612131407001 290.325081678175 290.440577052418 290.607808535591 290.604570061313
289.159361823262 288.854941932052 289.790386644752 289.401364914878 289.644361148956 289.665240253563 289.483558779312 289.695323893589 289.878556829821 289.875452273067
287.897527011014 287.560108902393 288.483814900721 288.08170958607 288.28112019794 288.205149367075 288.300978216763 288.151460861689 288.248895178655 288.432331290823
286.315483912934 286.042855268185 286.876665719328 286.318718045646 286.631050211823 286.498720017783 286.54420223148 286.498293789163 286.829309043924 286.945575043338
284.910430037351 284.715157998274 285.504124474108 284.653883656605 285.237509580154 284.92019962024 285.116532550058 285.065820711688 285.175957371236 285.300569850272
284.081542185084 283.68105992098 284.351115066365 283.855065853722 284.26448285994 284.084347916006 284.223352157864 284.25429043432 284.367500690923 284.375443037257
283.54009219003 283.574445639191 283.99501706542 283.795117302485 283.696304637578 283.949730768995 283.788342480809 284.16851729569 284.090197386284 284.192832796794
284.206146623058 284.2989207162 284.432439856641 284.178593167069 284.44824909765 284.479086641679 284.529441184854 284.600593086243 284.365607329374 284.639746503432
285.074297539347 285.288081591718 285.290379580694 285.281055353452 285.657170784994 285.48872230597 285.580522467155 285.731845793953 285.40914033547 285.715178641089
286.645721341873 286.717909666156 286.744576136046 286.913717899725 287.101129521525 286.785190598899 286.960612137758 287.097847071253 286.947648424737 287.186176306768
288.351575527973 288.18685062907 288.456100753513 288.562517973422 288.933638076462 288.613812778586 288.752913319478 288.754363965557 288.693717583488 289.02860034869
289.742475187916 289.593656990983 289.804054672283 289.956569087742 290.431376844028 289.852660506177 290.064755350521 290.147627720601 290.16444662843 290.435194849289
290.025434427138 289.903739972915 290.057393366672 290.033236687877 290.732829286045 289.976836029347 290.312639313981 290.432239799815 290.371740447205 290.655810267842
289.237947911513 289.066892436155 289.22656613563 289.338519882029 289.977922192023 289.189456661349 289.426777438068 289.655713786068 289.532909853698 289.872166556052
287.855057913135 287.813362307483 287.880794844516 288.109608601308 288.455940388181 287.823871879899 288.156579242849 288.11513200386 288.267602209473 288.388782204566
286.3527386238 286.243496675056 286.246399038098 286.36517339709 286.786851965919 286.335686990167 286.570813693379 286.543294041452 286.841106355801 286.74028955301
284.942540043382 284.716429358464 284.684715844761 284.821199144315 285.333307052596 284.824706627911 285.239114534347 285.143573910538 285.407680431693 285.139142084375
283.937653348993 283.809785494902 283.747084312027 284.113218184361 284.343324894925 283.759933958028 284.203233249451 284.258249219891 284.401313925241 284.593845867452
283.781914789867 283.656342657384 283.62465551809 283.816012947445 284.164011513633 283.63362040257 284.152392243664 283.970595341383 284.266203291163 284.049858327269
284.150234263048 284.167449477667 284.174064499485 284.294582563229 284.583677887146 284.167507122692 284.679747696966 284.458357344263 284.438798409711 284.593063607243
285.19106091401 285.326978737943 285.380636381695 285.458179033238 285.479907038636 285.235010375189 285.558074257476 285.466190710351 285.616706963848 285.421119211192
286.690689781373 286.766045961131 286.71550313524 287.001201936059 286.995354212907 286.63150077999 286.992109354911 286.971818998087 287.071098497359 286.648157593068
288.323037984319 288.332420717509 288.312727365276 288.692414699549 288.588006552995 288.302701342119 288.548889073465 288.661619528841 288.597141398471 288.404129343642
289.547572723161 289.599405220281 289.579846048557 290.024168579345 290.000676566949 289.546533410274 289.642004709102 289.986090888897 289.916299154516 289.543360674758
289.886538914836 289.729557628679 289.681426627671 290.129260721047 290.123090210628 289.739824133962 289.877329984334 290.232768073205 290.135467139694 289.841992914785
288.953983727353 288.909434920628 288.864261674156 289.475136391916 289.231850799708 289.078381465226 289.036523496947 289.3770096897 289.224814527331 289.076041659113
287.615224854776 287.536627892146 287.466797491606 287.985465858146 287.990666127584 287.651838711918 287.701549921308 288.102271757863 287.928732866353 287.721427369082
286.013146265965 285.955713476871 285.738670467769 286.277771951545 286.460194438156 286.21853486188 286.223537445569 286.422216991242 286.329442781917 286.152235331614
284.556556673534 284.441730059661 284.554684759223 284.875771116799 284.869530037407 284.957432621986 284.846524172393 285.023168822986 284.741150741456 284.724925972335
283.71930437435 283.602955936302 283.74644244522 283.92899286769 284.012022848705 284.179515728079 283.975353814932 284.08879222934 283.753813570882 283.996870573071
283.321457846654 283.555287049656 283.399509810118 283.60629353957 283.807443959338 283.956332581165 283.871249344443 284.158581215177 283.707358810873 283.91831229847
283.880925175826 284.082221967972 284.103324331158 284.149917996743 284.305692271304 284.291132253463 284.350643231891 284.375212757421 284.116209831795 284.338633399791
284.95209790437 285.317460791146 285.409988779189 285.210856904926 285.441928162276 285.553053829886 285.337128897691 285.476694347065 285.232297033819 285.370952664027
286.583921054414 286.595010026838 286.876594056923 286.746147713124 287.030631217941 286.943414569465 286.987949162209 286.930445589135 286.77694454799 286.740578895879
288.451685523317 288.295457094733 288.34840229715 288.484335355571 288.593858093608 288.644249043246 288.56709219363 288.779741784134 288.377533733594 288.471943122965
289.710540702052 289.516385162828 289.617004562931 289.914986011049 290.037210171785 290.08107911062 289.850974442904 289.886105407439 289.807832958802 289.735718988707
289.925376653043 289.632469078793 289.820611665032 290.153341835419 290.092358700811 290.386636493318 289.97184084544 290.031409592935 289.984539125874 289.98138035571
289.106831078709 289.027189633199 289.039817745808 289.242569533896 289.384318968402 289.651468819521 289.23451188611 289.386293400562 289.224833867165 289.218600672076
287.681392302671 287.754964454799 287.653530841092 287.74846154777 288.165245321801 288.13775310601 287.774288609071 287.937625514731 287.819901601413 287.807058976093
286.009556734216 286.110809156958 286.114267380207 286.352890526317 286.514843206529 286.459204628983 286.15570354106 286.396348139401 286.222502313538 286.171113492479
284.723217830895 284.7735690902 284.680886326895 284.943556670934 284.808023873555 284.814559238196 285.058153033347 284.966315832338 284.891177273995 284.720836242281
283.647203832311 283.809843910516 283.79153416122 283.987118265835 284.130068778941 283.815825699687 284.295591868564 283.883110791006 284.09046850459 284.157468074821
283.2947149282 283.534221415413 283.826780673565 283.92659450048 283.953420603731 283.594441350917 283.897771415869 283.899695318511 283.769327269493 283.756998257946
283.992541130826 284.315011673182 284.26144111405 284.37326736158 284.490092648509 284.128636329866 284.264263842598 284.29175108897 284.295774642719 284.379683799842
285.138507139506 285.440754883574 285.346242637418 285.427082297305 285.420933026712 285.156736993923 285.475001155737 285.390358902623 285.49827467058 285.273010256602
286.584648749071 286.783826772537 286.906917339573 286.950023738586 287.025041137056 286.51679610443 286.969108992455 286.816416550061 287.018289753408 286.840976002248
288.208523047952 288.38551840144 288.680545318724 288.614271679623 288.685742538972 288.045634177396 288.628266817104 288.409008881678 288.881525324596 288.394858075097
289.564522990926 289.721244637245 290.119953383332 290.015349345767 289.884825503889 289.337713373068 290.018780888512 289.610866798831 290.176581089191 289.969467611502
289.759533162 289.867354161454 290.505830653864 290.229763058309 289.972691213233 289.500038378689 290.314169649432 289.834511745512 290.41282168863 290.177831767696
289.06176216997 289.210723662427 289.647368516331 289.37019021673 289.258696023265 288.798495821733 289.528721538336 289.085275994271 289.647201087807 289.317160933125
287.729398322458 287.775750308223 288.267121116035 288.078149035656 287.67788211492 287.426517980221 288.009713066595 287.760834664955 288.310376800727 287.921861550361
286.085221815263 286.353697786771 286.444498503268 286.412988831093 286.142791931063 285.792427369174 286.441009537946 286.222722294777 286.447950074088 286.446818677821
284.66285800999 284.836507012689 285.143959709017 284.981206427633 284.62208972713 284.343613100301 284.991010625433 284.771603113033 285.134743602378 285.086462441907
283.885582593736 283.919635815836 284.286313739071 283.982568155799 283.761642256831 283.760782378171 284.086041551473 283.990998068664 284.049951690367 284.257416136157
283.747683277356 283.69645930322 283.975239261467 283.642546326848 283.830257264882 283.581286756304 283.942916184923 283.842987340327 283.705820913556 284.044369523935
284.223529542942 284.39715765394 284.511042455163 284.37383676407 284.177287793262 284.287906151595 284.513093343531 284.510027265978 284.179735763075 284.633675230665
285.238874876792 285.575159947311 285.48738964127 285.299849150506 285.224276833081 285.19102237122 285.566219522376 285.360386800372 285.429194948665 285.68093084737
286.780312106252 287.214768700377 286.969764986923 286.78268226954 286.590359078038 286.723461440001 286.998580943247 286.836650213893 286.672514073567 287.249353027636
288.390334305795 288.929827297631 288.899464880086 288.52488246413 288.291727747394 288.512399453876 288.736985948198 288.531602292133 288.188110588001 288.96773664245
289.821994934307 290.343368964277 290.216698023819 289.883353954276 289.745895474869 289.898297118242 290.12676951665 289.704856075837 289.703856046705 290.392114022744
290.087229872448 290.588308387057 290.41143472327 290.066124890003 289.87594773147 290.192452964713 290.363829901312 289.984943738506 289.99181719854 290.607943690803
289.106670752233 289.877041196195 289.655258037293 289.256378131286 289.057049839329 289.355342136461 289.387356680682 289.269944531832 289.188716311144 289.838290105819
287.793504537998 288.565128758553 288.2742268949 288.002638253004 287.739284255415 287.795786914401 288.194507122842 288.067770965465 287.874225614547 288.295060802306
286.242289643309 286.872977119966 286.747399865384 286.389930190401 286.223968462996 286.326785859772 286.710471050617 286.55697278874 286.220280769029 286.663276902623
284.778070526879 285.336667106393 285.227308792099 285.208268903069 284.789718298593 284.927715568515 285.27738164878 285.035477375401 284.588695720061 285.39017945113
283.78108584931 284.336506364302 284.293353243548 284.227179882798 283.983153935662 283.94873316258 284.250795828972 284.024699115397 284.010426705451 284.512246918307
283.239813852526 284.141827891406 284.128905274967 283.929568588297 283.599748027607 283.820667976674 283.803000028032 284.121265066346 283.784296309983 284.132432846605
283.928065091163 284.574284293428 284.400578735125 284.50820710709 284.316735802947 284.515685917367 284.501050595891 284.627461537914 284.230899751432 284.56658450254
285.247273748106 285.532392583553 285.504028458568 285.544169641349 285.347082816168 285.532517757659 285.352604796986 285.640649738509 285.344304340952 285.768365637425
286.53475888529 287.020682474665 286.991129031219 287.155423495265 286.673352540059 287.063283341467 286.974858414042 287.218448527002 286.725907169897 287.175599085757
288.179356382652 288.763459559957 288.50941938831 288.834304376085 288.380485265052 288.793436759498 288.638835292537 288.809096324088 288.361904788425 288.882482439319
289.508221918464 290.164472975488 289.751200405875 290.142562137373 289.840373462815 290.292234390299 289.921691503219 290.32999242119 289.758833997448 290.378035785501
289.748458202014 290.348986426004 290.023271583201 290.452274527906 289.962281693219 290.381139502623 290.16920130705 290.559723123023 289.991448720747 290.491145287597
289.110709954886 289.623037376428 289.190255311021 289.635611623654 289.117174643997 289.449610421038 289.191030847173 289.748090661438 289.203515784008 289.666251048851
287.569431248053 288.289804736153 287.815830887815 288.150556301385 287.907269001696 288.354697322643 287.695216639229 288.426628194412 287.876981083265 288.274256269316
285.896739011062 286.664704727206 286.248392682236 286.558976778324 286.354562113556 286.614972097713 286.155537185576 286.706573847995 286.384433367471 286.77147363935
284.542105837565 285.428903141429 284.766200754953 285.213965277022 284.801672369534 285.035402818066 284.815921531173 285.005995846669 285.009834779956 285.379577191476
283.58991598078 284.249284583116 283.848113511672 284.194447956948 283.832262461531 284.181172814654 283.984241959129 284.256092233516 284.034207112466 284.563480120155
283.466343369395 284.145539759794 283.721284210864 283.858970163061 283.88062553382 284.096209748598 283.83105281648 284.14708404801 283.798377242751 284.244806330004
284.209549858275 284.60862691836 284.440099334759 284.580332859457 284.644674067024 284.553865483114 284.418390663124 284.59273176002 284.505341261198 284.906963619991
285.141808178146 285.458908861636 285.308418439415 285.514550259554 285.526695226169 285.485901570064 285.275465735804 285.646206829669 285.562437186202 285.911151477209
286.634188788349 286.912811090915 286.548781195423 286.846700542626 287.039053510744 287.151380995044 286.718160739188 287.045855705659 287.180416072616 287.466465328286
288.426642700728 288.698803198324 288.418220559134 288.663169209867 288.888739339743 289.064089769667 288.561998487533 288.75609091622 288.928703202499 289.168146310366
289.825502525826 289.938819435198 289.785884737306 290.041576633428 290.251542371185 290.402864973795 289.792656160932 290.245107754561 290.277689980831 290.449530147977
290.042176250714 290.142547795459 290.026092029566 290.26252532135 290.422833499642 290.751232946846 290.151873125104 290.338231505842 290.469807514525 290.6104311028
289.273733284582 289.286228124392 289.268765102242 289.34534339569 289.752082819279 289.913730138941 289.290873788214 289.476328582019 289.791273228222 289.780727891756
287.96183069788 287.913641955399 287.960940892605 287.88538538572 288.252731284973 288.537878409937 287.851312907089 288.306603952837 288.351117878542 288.518669131095
286.300852759108 286.314467422635 286.374786165696 286.307739831207 286.687763412057 286.866359994753 286.309916337093 286.609212452792 286.68855393152 286.872092952071
284.999931430093 285.045905463972 284.981797305062 284.852615246796 285.266405176297 285.164635951178 284.890961955904 285.248515378526 285.228062331961 285.31220593562
283.912595768866 284.060171668959 284.088849766499 283.98503086636 284.253578905221 284.434906108073 284.28265503119 284.188227576213 284.391504006103 284.504785523383
283.692373477817 284.07295478674 283.911589174082 283.787270735123 284.173550116564 283.895526865049 283.952686677054 284.533507745103 283.713173855649 284.200058732617
284.337401203617 284.495506439041 284.459112338751 284.397698134363 284.710066562601 284.445569490599 284.55426473051 284.972052140826 284.313309154147 284.721860996176
285.365737879478 285.699306605323 285.407147024614 285.546218627558 285.888168857114 285.378399951065 285.683354112587 285.984544626962 285.5309974537 285.957178938633
286.867148195667 287.0247042556 286.905743597828 287.056002872543 287.196482267027 286.875970064397 287.116955544952 287.500252993432 286.878523057424 287.292580500051
288.696070927956 288.698765067224 288.624078914685 288.572781287998 289.063375858876 288.626072632842 288.636682332219 289.562788024494 288.602091175428 289.021042516663
290.196447380881 290.110356060635 290.01370391713 289.89666314606 290.39932475167 290.021197987878 289.973132474397 291.028907672075 289.933930541949 290.354136404851
290.230917455339 290.270694775455 290.453337050143 290.052551020241 290.58502921965 290.171639006009 290.271136854029 291.200790601977 290.133204523151 290.713403025715
289.373309290376 289.432329510565 289.770167718167 289.181967596813 289.9278436372 289.262863537308 289.505196331138 290.357797398421 289.345074567526 289.960995541034
287.995328415417 288.17932753347 288.269973717126 287.86611271905 288.611986014351 287.927480999216 288.16027515645 288.911360152198 287.960272102425 288.395540263016
286.487061648711 286.605218028021 286.778180787384 286.277774789107 286.979755249 286.469511016451 286.566468258228 287.325566226591 286.465501563326 286.864274136863
285.148423486721 285.116439158451 285.184501361913 284.9665364908 285.49183276207 284.868958876803 285.167687476233 285.863111053458 285.042667003831 285.564860467326
284.273628544468 284.261960527863 284.333765275985 284.228679391791 284.518746170258 284.098360912721 284.292771090962 284.871273367983 284.178133691425 284.580804773651
283.904534616936 284.136312333189 284.062218676876 283.868819779667 284.146014974472 284.034892701608 284.168020958543 284.50049503795 283.797360470595 284.447048747217
284.488715138944 284.496610823203 284.8138567004 284.58028121087 284.584045068502 284.316937131435 284.640559813533 284.932242533183 284.526904818806 284.821348064792
285.504741286208 285.846649761583 285.719580079304 285.761921132699 285.748275082914 285.32155934729 285.743301996927 285.804089239048 285.587798232247 285.87285897151
287.104081662483 287.20461311734 287.252637580013 287.346256934309 287.221214251952 286.84229738598 287.364751172479 287.302009022248 287.109027525376 287.221335385114
288.962608569806 289.018051937194 288.854179257405 289.101620295381 288.836115875977 288.531288866747 289.193697919066 288.891779867739 288.863578893447 288.908209347294
290.492372447677 290.495040633337 290.336619161029 290.383230694781 290.318552203537 290.022980438382 290.69375976439 290.277811155947 290.02805305659 290.302419467043
290.795329355927 290.574630916723 290.607427873302 290.762355146446 290.533255651011 290.375330602877 290.968160154096 290.512824705037 290.323308736636 290.574132270634
290.012579822922 289.727607054797 289.88412418183 289.935347711289 289.685038865765 289.439113245584 290.077013273304 289.687148097893 289.552261974738 289.766572449483
288.446022334989 288.439058234239 288.590244155074 288.466938430367 288.353242144455 287.961735122653 288.824808131839 288.336354009429 288.062357209779 288.381538569909
286.905857320967 286.772288552231 287.0329323021 286.858131821371 286.65183339075 286.339160701374 286.880617213328 286.670377588823 286.638669260998 286.751777864689
285.200523517961 285.346082976854 285.360548208983 285.443627366503 285.240744183836 284.932057348763 285.371788627904 285.250595472843 285.189024171892 285.298072538967
284.196999941435 284.410669954238 284.553603998951 284.478678491097 284.354530365192 284.028235659999 284.556506749382 284.362112530535 284.206412024169 284.41950154465
284.042864315101 284.112399488248 284.358507381131 284.180182001266 284.187450162454 283.968798274039 284.201473593569 284.201760765365 283.950545253181 284.259406587243
284.502126433454 284.382805279879 284.639229910145 284.701633920955 284.604241725189 284.551983218156 284.731647680088 284.778498670971 284.516854253935 284.736491180499
285.372111158099 285.656763927967 285.693170311267 285.767086572437 285.554584348261 285.671262608685 285.689548301956 285.827624980892 285.577073031614 285.954405095168
286.793978570451 287.086920893208 287.104406453098 287.271350611904 287.189705227084 286.951615889148 287.166295729308 287.171794246578 287.176473812094 287.358008715143
288.501924666687 288.839718127143 288.782186648679 289.049836909163 288.903346438612 288.592998364016 289.04277245249 289.047221253773 288.804934356604 289.048625472365
289.890353500877 290.113914888398 290.180482187393 290.328548907407 290.286455498545 289.933642826653 290.270771570002 290.531580328849 290.302402919919 290.488772988863
290.061661697986 290.242658833204 290.288578046203 290.445528116195 290.515190491114 290.030453903638 290.560442204518 290.712606828404 290.486732512096 290.602769355536
289.228397049216 289.388132736801 289.513787208606 289.61311288562 289.776244130942 289.342921538912 289.689328611837 289.719939050796 289.847508126422 289.878573892215
287.848410350573 288.069595390816 288.100092512026 288.242563716525 288.371303861695 288.128538576741 288.194646579931 288.498272177529 288.467778062068 288.628418773159
286.260875378546 286.666308806198 286.559036788117 286.636972999006 286.846351777623 286.576818057785 286.604273992989 286.892251538456 286.791582831555 287.061285552155
284.910841964105 284.894948462937 285.220172244885 285.246468815117 285.25564956508 285.202360530271 284.993850563952 285.378829791734 285.261287451643 285.644639592876
284.031187303917 284.164438257942 284.334990073128 284.195136950617 284.406200575829 284.285172340575 284.207279406495 284.445740723476 284.287853714029 284.767654950678
283.88003284665 284.041290929363 284.19007807362 284.010983092877 284.311347547804 284.190566889016 284.062975423433 284.439416194332 284.239355824245 284.482947278238
284.476832943675 284.576639717504 284.567470679591 284.563780103966 284.584102861745 284.599192414203 284.728685569215 285.028726327948 284.675215304672 284.921101366405
285.53314442941 285.725350193798 285.708288373766 285.589024921444 285.697858665382 285.462592937382 285.71140329657 286.072865962261 285.696595661862 285.968498679927
286.981869760823 287.177291605484 287.195097297826 286.76546462981 287.188756785412 287.034385025118 287.413198090022 287.559104363565 287.346303151929 287.665848482088
288.591986550887 288.878243793039 288.84600323789 288.595502445541 288.902054928093 288.694738002022 288.975691992897 289.413581800015 288.993364748829 289.494792997218
290.121061749929 290.196894798685 290.187684458415 289.954639874694 290.541120030789 290.086812961311 290.186073511468 290.798555485396 290.347848895025 290.85707363277
290.229562670803 290.546537636609 290.482185261466 290.000767328947 290.623901395703 290.33365548154 290.428990268145 291.083159105846 290.448795421762 291.117839842512
289.518304903373 289.629567335095 289.735153167101 289.190815973087 289.864322041426 289.36091276536 289.586811782342 290.29898604506 289.762323822547 290.339177124855
288.239161952128 288.399321419308 288.29807184217 287.988263416527 288.621424717957 288.155355110245 288.227219070964 289.082928957141 288.423734229587 289.063110843893
286.604487167644 286.680784777314 286.709508527127 286.356122372918 286.971716810493 286.627402261302 286.670552254475 287.440742706049 286.613162514442 287.425978129926
285.298160969878 285.236599992047 285.064042201903 284.999226860378 285.592788584373 285.202698238176 285.185688165012 285.897217796256 285.067491755461 286.038530383052
284.194447535513 284.475296706045 284.521370738309 284.041408625274 284.744587550785 284.349197981909 284.299898876799 284.931599008587 284.11226435774 285.039641633419
284.051725231102 284.180920775269 283.949803991074 284.130038251303 284.505909695567 284.315694343296 283.950108603701 284.646327349847 284.0489576183 284.817238607165
284.652820537007 284.599308886773 284.765017324898 284.495395019316 285.065267901065 284.811402051716 284.64152781684 285.16658973935 284.561116641887 284.966830126969
285.773189937813 285.671573427011 285.740097149616 285.62823688244 286.036827510391 285.693442650969 285.827554471613 286.181305707959 285.317015372665 286.004405995997
287.541535666734 287.072910062706 287.221179151813 287.055598755478 287.654278587283 287.377245556535 286.945465233358 287.777494591026 286.837345895115 287.720098665263
289.338334271918 288.785521471831 288.967957820276 288.792819312537 289.456792942746 289.174874166105 288.767589937012 289.249061589776 288.46664947245 289.305731235131
290.647929026544 290.275736250429 290.326962568159 290.186012753549 290.808825176751 290.484059979058 290.157854987932 290.775871507768 289.710620815112 290.583575444569
290.969934623151 290.490997014678 290.545934851397 290.365181375846 290.96203718932 290.658422779401 290.359784412048 291.172235160742 289.980035374963 290.685176155778
290.282343194007 289.710832486171 289.722483573735 289.566946033913 290.197240679372 289.914070467701 289.487940832001 290.306165799068 289.132918651476 289.798072574824
288.837635743454 288.27773942072 288.31057699361 288.127325859237 288.85255880867 288.757655689684 288.194943071562 288.966622589598 287.751483161325 288.356017032982
287.104196096788 286.785538577673 286.749144240235 286.49493406208 287.021008353369 287.108662585664 286.696207864507 287.379603701237 286.237753562278 286.934905775729
285.686005941064 285.344129891753 285.162749214109 285.198789961788 285.491723628994 285.403399362745 285.387751714589 285.871672197503 284.788960006577 285.52211894433
284.639178190728 284.420091837653 284.09962632396 284.37583883724 284.469369298297 284.300547709621 284.296759066093 284.874631592224 283.916805813654 284.491493780916
284.247587203439 284.091508507329 284.094319140666 284.050169199657 284.405613819111 284.102593510343 284.233531442505 284.636615319622 283.714674283745 284.239083387142
284.72709119347 284.767509341615 284.705081470512 284.694189519738 284.691417848877 284.526957759613 284.591998829376 284.905742481026 284.15480278295 284.807756764394
285.690520404113 285.8993793985 285.72599800544 285.749434477237 285.671668276413 285.554733965154 285.780021521252 286.014873655715 285.653156159418 285.728265266968
287.190105661343 287.270007300802 287.027374520128 287.257247768896 287.051732916668 286.864219797716 287.235922594477 287.371599674702 286.909917372973 287.153410216771
288.826666020148 289.018887448082 288.683610548826 288.832675696528 288.714420899821 288.601479682694 289.037406000429 289.097823816346 288.663579193245 288.932925133914
290.07512494048 290.325198375509 290.072979389714 290.16356551616 290.055521797042 289.922328736728 290.347897952529 290.475746680159 289.930718017834 290.294603360566
290.310933117364 290.525597298694 290.192972304101 290.268920925119 290.277651861874 290.106544239719 290.424376640889 290.606950289699 290.183484952024 290.545624841984
289.48982778274 289.691623521567 289.462064229415 289.660681475946 289.522151793042 289.301638361962 289.749609793192 289.893263724611 289.459922224891 289.799050117524
288.1173440296 288.307467823191 288.104991706974 288.298482257077 288.103144896013 287.795864004727 288.494576342595 288.475583733704 288.099760490613 288.543349370904
286.517238993851 286.736242824467 286.595615615428 286.577279835875 286.473309431785 286.363342261953 286.976155029274 286.810959166969 286.353290267216 287.050317701237
285.033784558012 285.395151866581 285.186743706354 285.150401851577 285.132325301429 285.02796131416 285.735076290725 285.453454697931 285.032696280634 285.667973882161
284.007566261088 284.443937348199 284.122638654571 284.218375512307 284.242038568991 283.955405254536 284.818370450682 284.459866410017 284.020906033651 284.673578558348
283.83802635047 284.349759094042 284.188851646262 284.057547410874 284.021673130678 284.038336777931 284.561161559835 284.530269673529 284.047693698359 284.49480210545
284.416156184237 284.820071522537 284.855932165165 284.553017497322 284.596487939258 284.523678357022 284.998660197088 284.854982184838 284.434177389738 284.908327699512
285.282906960877 285.760031937182 285.742441088703 285.694857004417 285.83258351547 285.630753762615 286.056592392269 285.947907486524 285.652095886469 286.108270582539
286.796822509842 287.402597914582 287.25529330933 287.198149837017 287.105389933342 287.09353524268 287.662190116502 287.323275198998 287.003986670313 287.529781133315
288.519041967253 289.169542182708 288.98549065695 288.909066490587 288.879286067282 288.687290877276 289.417632249676 288.938283385799 288.994344946389 289.293566279437
289.897561970528 290.5886836466 290.290565011234 290.391041215663 290.178567837852 290.02444204308 290.752574273478 290.080933054767 290.216052474226 290.535433758404
290.02954696811 290.843101877093 290.670107016576 290.477264269039 290.424913926343 290.235168343638 290.88316078346 290.440101894228 290.362100093669 290.749225672676
289.370574009501 289.942813110363 289.862648136229 289.750604682789 289.522392103765 289.344736519023 290.070900457322 289.607964093451 289.632016724264 290.016626901886
288.094686103597 288.429343079802 288.330283058196 288.414684779068 288.11086159678 288.107899745718 288.822202021459 288.358347986078 288.402172865838 288.629553308242
286.409246865991 286.964009876765 287.012017735232 286.768885855965 286.522918305806 286.665898653715 287.148369497591 286.793757507946 286.578504538918 287.071411705346
284.767954095463 285.31695595844 285.521610794352 285.414841939245 285.242906856412 285.1418000978 285.634521102394 285.511446727283 285.058641089165 285.57938506673
284.306502845214 284.467826534912 284.503355320695 284.292137623712 284.437258769258 284.212062829551 284.768082324512 284.490568165766 284.082124797981 284.763560942181
283.955382028161 284.184865980236 284.178065604508 284.134228448779 284.253938413198 284.129569738051 284.170451147391 284.549725418982 283.953374114954 284.492871321765
284.611914405879 284.710312199763 284.632472998965 284.671694497633 284.634996658039 284.720635131693 284.784900905046 285.117842966518 284.561461502377 285.038962105182
285.521244421307 285.720072164706 285.795710597238 285.662319497525 285.742285641539 285.781038509079 285.529832404798 286.149096041552 285.677930853273 286.097720357337
287.101671756383 287.1563635633 287.404591181336 287.307378275041 287.181311152476 287.234714914232 287.025967225941 287.908855698973 287.146218297743 287.597796572974
288.904154901839 288.771474169467 288.961125274844 288.920275644035 288.843614732103 288.88807326593 288.706953159552 289.749218349627 288.932963122616 289.41180921759
290.182133103269 290.174522432572 290.410686993898 290.211511829235 290.312774091174 290.155521232935 289.91963108863 291.211969178699 290.323492567742 290.946499485255
290.248333343065 290.432712506277 290.533482503586 290.391276689946 290.70108822166 290.471543880221 290.203572349916 291.314253324764 290.372360542591 291.139896133127
289.473659684538 289.727336184214 289.704493685061 289.491464340364 289.877278700539 289.658812050522 289.319772837052 290.35080073224 289.675336435963 290.306065477017
288.212532761388 288.383592234434 288.25695675899 288.17997898095 288.370913126357 288.244314460541 287.977883598223 288.905883954923 288.142158882981 288.859919729373
286.625841028457 286.930182232091 286.942788262231 286.724622671367 286.839027271261 286.720798432711 286.464050298591 287.276015419036 286.640028045513 287.322745381936
285.081261057905 285.451035159851 285.424929180413 285.22232700296 285.290834047032 285.388347498519 285.019107897077 285.659457793573 285.132498888635 285.776010391568
284.286599885903 284.512314135193 284.398394010859 284.372747526853 284.576105245918 284.313047469454 284.232413870248 284.882683261642 284.154510550914 284.908030548859
283.73005899125 284.35983674641 284.218754288319 284.268542604954 284.248688076771 284.204235869754 283.952409262958 284.530863980336 284.130418942725 284.580110966822
284.437287830225 284.788094140596 284.674086492512 284.681368406241 284.658366986853 284.567658824286 284.512147484557 285.026214532494 284.838375438702 285.004413160898
285.268153367118 285.851325362714 285.774687100905 285.962344368371 285.760630523218 285.733090230639 285.748983147276 286.091351611595 285.797876922591 285.935388733755
286.91595377883 287.378400691967 287.195570260496 287.366497891084 287.439462754915 287.346885315293 287.079812652336 287.30377763124 287.243096442491 287.542049880493
288.54424615145 289.093412553396 288.909229913433 289.052715585483 289.199287824368 289.168444718945 288.745831463924 288.967257986007 288.885270235172 289.115329248393
