291.163546474935 291.075174595752 290.783075729005 290.780772954998 290.942438353073 290.756476386468 290.650184955558 290.816974616208 290.760671449947 291.114714567159
291.419549113188 291.264769224204 290.886458329615 290.960367089202 290.926807677292 291.064010763082 290.739236008474 290.945220587522 290.844196129913 291.031776570925
290.638432910769 290.334216395071 290.141496763625 290.11849407659 290.170233230721 290.055525070717 289.911671759851 290.166148612973 290.079097572547 290.160017053082
289.166859456794 288.835084317265 288.734281885931 288.737860044313 288.727000291872 288.806703350138 288.503476051669 288.703634944243 288.709969132309 288.742092530269
287.391600987475 287.250749501545 287.131393943101 287.185987529391 287.158804580465 287.221266861317 286.85607417265 287.238704265596 287.174732829674 286.942908344109
285.883797818464 286.058193232512 285.906481105293 285.774761506021 285.695337213175 286.11061199515 285.719879055647 285.634733118192 285.780351371785 285.669805119694
284.971511437083 284.982732415902 284.880367832158 284.771724526531 284.798798986587 285.141497520564 284.738372617931 284.886826556096 284.941197283526 285.012602488373
284.797979237965 284.741733360799 284.807672976311 284.596426553278 284.634185352809 284.904157259784 284.458231297535 284.548920684026 284.579074287371 284.765020277295
285.125869910486 285.196405958846 285.044610125464 285.098419057279 284.969922783451 285.157684606854 285.045735920242 285.059932333765 285.091591695431 285.314803021741
286.28021665661 286.594337075202 286.323400108647 286.341287577532 286.243492661124 286.278718846712 286.00963678242 286.318485058868 286.264832839894 286.403598377083
288.22324240009 288.190300156145 287.990785851262 287.894591288459 287.702604289924 288.006897860649 287.495567986115 287.748058923606 287.84198099479 287.915735576348
290.183064843618 289.859850727266 289.612389885623 289.7342731482 289.365816163791 289.722205979082 289.274719748988 289.457076466988 289.739116865094 289.677443758358
291.513294196432 291.055736860826 291.137702452495 290.918500948967 290.555670074242 291.063565820152 290.368885569526 290.692511803536 291.140206911577 290.845289252217
291.740844247424 291.051132488905 291.279115788991 291.128022607215 290.682157512556 291.26844817907 290.483422481524 290.70482899751 291.304958239078 291.080882537114
290.854251261121 290.288087819334 290.428793060713 290.261227696054 289.998549259236 290.545904735986 289.790724538477 289.941485744185 290.375860054824 290.156400207652
289.306512437384 288.958020252185 288.892950241549 288.922641308056 288.702590023322 289.083180783728 288.462428178245 288.538247745574 288.935361146147 288.702856365025
287.769271124139 287.418429786504 287.414253570212 287.328685266074 287.159561439876 287.327515414469 286.942714667077 286.938449238262 287.462839524171 287.080342705828
286.073104397365 285.88521499081 286.143870988983 285.906123369883 285.913356768737 285.875629641995 285.499085353894 285.437852582693 285.795883776193 285.793141010838
285.195802110467 284.755343894613 285.253444368233 284.980085101733 284.926836187828 284.865729937019 284.757979706901 284.4891694302 284.787100909025 284.907022525277
285.000759109561 284.782542213424 284.808012404819 284.808911274411 284.842106011602 284.69120331324 284.48368655654 284.408207058234 284.768501460374 284.621018968768
285.246626061408 285.206792055542 285.345706230474 285.202250189745 285.319667960147 285.344747232016 285.004409009402 285.102088134866 285.114384570397 285.18657895268
286.542953614156 286.348771019497 286.587209558381 286.400270924522 286.341193281308 286.461250870681 285.98792930746 286.237323293484 286.229883072723 286.356592126533
288.035101016632 288.004825646179 288.247933301222 287.938415644957 288.17812746034 287.826522710044 287.747966738368 287.723338341653 287.605648841224 287.989417268161
289.618841013141 289.832308088078 290.21665985284 289.77209753523 289.96013332896 289.713069836918 289.408992149338 289.386157106438 289.371853912774 289.772737292439
290.935211236471 291.277073964705 291.650010935769 290.980287565974 291.222373903524 291.045300752741 290.730745840463 290.50217817718 290.5251204242 290.964038652622
291.060594842436 291.25673835414 291.585510064194 291.046305631131 291.287151506987 291.060578917713 290.818637992328 290.681232622184 290.592886748821 291.027761121145
290.419807387882 290.460158545581 290.536340600299 290.189237069232 290.407651250217 290.137052832786 290.10163155988 290.010373502861 289.834166156427 290.214294428546
288.829237101941 288.946038297868 289.016946122858 288.876942826403 288.98828170752 288.753283914615 288.834450054984 288.558800070559 288.443409550135 288.843378719939
287.075935123924 287.269906183828 287.531567907918 287.424923238957 287.363118672986 287.173714577786 287.23489517788 286.967868203239 286.707029215203 287.254255871152
285.731359691678 285.964499122056 286.035976947717 286.022859287347 285.753068598368 285.839613958159 285.722546962225 285.596168214072 285.525695849346 285.649002222668
284.891831448129 285.149964629034 285.054386247015 285.010712253273 285.038659081937 285.051180362738 285.13421714385 284.722230504725 284.591094820777 284.923869622434
284.834231090585 284.928768161683 284.855617438742 284.646481413747 284.672135751316 284.62348123099 284.599596801882 284.311771068899 284.575831665781 284.733753352842
285.161982523806 285.415414929523 285.439349020373 285.43837382721 285.293698356956 285.236722433921 285.269647777427 284.971746602899 284.989749500567 285.207878390267
286.347552345122 286.544943833324 286.415246023076 286.504876263859 286.175374945416 286.416306143361 286.243662745835 286.088167537018 286.108330878331 286.297999580444
287.870902859569 288.243542624003 287.963731994763 288.165197869013 287.826132136853 287.842218927463 287.952942071651 287.681345612036 287.624377747864 287.887285606132
289.502205500585 289.877940289732 289.806885616709 289.726236966701 289.425916327391 289.586876781353 289.585911412029 289.499814904437 289.406485714081 289.658889278468
290.723770959861 291.077377930394 290.961341708586 291.092758511213 290.727136551964 290.874102214383 290.788441238 290.742257656133 290.690199313401 290.852594616407
290.880103847454 291.213240564447 291.061052804413 291.286033732207 290.7610741064 290.984170015039 290.896200539549 290.78539421389 290.967291120817 290.951720664723
290.138114769468 290.378814461874 290.216475064356 290.372247770993 290.076548492195 290.103443392388 290.110172297421 290.112654085532 290.109145219278 289.965265867698
288.617389768038 288.893586016784 288.967534590893 288.885581799193 288.646584450838 288.654802516055 288.469736611238 288.832531282648 288.81197289567 288.737027930446
286.972646686624 287.283316638761 287.314489923024 287.336159532471 287.000794772099 287.094654703288 287.087730802859 287.151310929426 287.145903555825 287.164830280547
285.312130207194 285.762436764935 285.895688313967 286.019320518648 285.609067516251 285.718251401207 285.711152254974 285.889395087059 285.83349586052 285.707876135587
284.768848982772 284.809745919212 285.058150261105 284.915802574036 284.749726851631 284.952755477733 284.730892686005 285.055018961306 284.908124917933 284.956972854324
284.705055476851 284.719348038373 284.661453003082 284.633167801726 284.524571048292 284.623245534418 284.494551604525 284.794828939369 284.691939562183 284.622738190467
285.09154062866 285.266748756486 285.175416500497 285.110765373001 285.07559621812 284.999458848003 284.944722650772 285.145840896184 285.196606591019 285.023529525177
286.263426193294 286.462186658953 286.386452031708 286.261297152667 286.136384421831 286.200269086958 286.165576796796 286.425070861584 286.245861003585 286.404072149319
287.96912083872 287.81267175268 287.974328843121 287.764364501745 287.72897119059 287.610792339929 287.661905993347 288.149220946415 287.815592504855 287.821418688742
289.711244882536 289.526601145983 289.575725438784 289.46993687567 289.341689973849 289.403751310406 289.431134324265 289.88547640947 289.543155703359 289.473964444037
290.939702664478 290.750620114578 290.796815357202 290.731717545525 290.618592658437 290.643583821969 290.78360949092 291.179028955531 290.743713765533 290.584953014022
290.876873664929 290.922705567446 290.970272830556 290.864286449547 290.728398599105 290.813571887576 290.84616352685 291.20473359626 290.844694270098 290.781452695305
290.050096953817 290.275353020333 290.317255658235 290.112856448013 289.888162535302 290.027350785935 290.064251363947 290.339070192034 290.048184408164 290.039996436378
288.665575250702 288.802651751827 288.747348500741 288.827263441872 288.555762061511 288.650632644156 288.737580523002 289.007793377762 288.673387608482 288.596324039035
286.998592447946 287.088718966703 287.147961258199 287.200040060191 286.902878245889 286.973130838906 287.109227835986 287.5436398027 287.04504616087 286.91209863597
285.635262849472 285.91044747236 285.879530340865 285.884398842995 285.704884176406 285.541195700166 285.59882854585 286.028574806365 285.542634533973 285.58575774225
284.672861068278 285.035907855695 284.793484862987 284.923269260556 284.598601289854 284.923444982321 284.857311449961 285.077977802339 284.810756236648 284.870022713449
284.630542383823 284.67986878108 284.736036982713 284.854568641234 284.536721235479 284.448442451318 284.729172546551 284.610469271145 284.542303018595 284.766524373105
285.153640941736 285.272915821573 285.192460163816 285.214261749275 285.062223658085 284.97706031817 284.997866658376 284.805308995944 285.104532671889 285.304932194717
286.191765096748 286.452007593064 286.21034171511 286.417740565997 286.354154131078 286.231622880759 286.273574298428 286.197644326262 286.438575333316 286.167594082969
287.884602317982 287.979202311962 287.910765512113 287.858364854104 287.793076769441 287.74307798997 287.985942232231 287.80519609677 287.982604425402 287.793485636985
289.797449037835 289.689988059158 289.579678895599 289.645926909758 289.505200567162 289.307299214684 289.785290303837 289.483894566842 289.567697607229 289.469521869487
291.10594623906 291.005573683651 290.858762949885 291.041924022609 290.688505773559 290.507069551334 291.09218348105 290.521880407097 290.890130686011 290.594223442066
291.078220907002 291.073538852038 290.877495273312 291.218174926623 290.726652477268 290.645326112768 291.212666976306 290.706091520934 290.838135032746 290.759181054558
290.328837530335 290.137160143531 290.035506944538 290.450252045822 290.052605779768 289.882762526673 290.234035570215 289.971512045766 289.954138438877 289.979684884679
288.784987831767 288.784554237716 288.74071046361 288.847229000538 288.555800825141 288.473694804415 288.869200013961 288.506817906632 288.667329399041 288.614628252943
287.262677188849 287.091235434851 287.134025752619 287.437190257178 287.06566241825 286.777060233961 287.428771122743 286.900748279946 287.117414166233 287.046016797846
286.037988769098 285.911781474119 285.79161605664 285.789738139696 285.772022356228 285.421494006906 285.788742879622 285.385155736507 285.849063717 285.706045730721
285.061666225098 284.875084889349 285.028292662169 284.962759929951 284.571089431213 284.572500289107 284.867481665314 284.493780917961 284.918425401306 284.860942430258
284.680416658669 284.797354628366 284.83040439971 284.627512398999 284.577166125201 284.505198332159 284.510367149446 284.478512244732 284.506489031637 284.63918796925
285.260936191459 285.198587941899 285.548825099663 285.298074084754 285.104529755613 285.049799624862 284.838602484258 284.970830283851 285.180187881082 285.256338196717
286.372163033803 286.24772523512 286.443206102335 286.59618810248 286.426920232431 286.106935017161 286.198328371907 286.054757799235 286.379842452356 286.472577214285
287.940141019092 287.787215881778 288.084628546971 288.159895716956 287.823982669674 287.713716011427 287.863418364113 287.570325345368 287.986980374121 287.732393266159
289.501300239974 289.552579787853 289.70762820634 290.005937840682 289.528535846609 289.361383153752 289.574086647588 289.182532558886 289.600365022654 289.418031593131
290.702083563197 290.744678811162 291.039779920594 291.264186096828 290.928334214593 290.591064082424 290.983697858721 290.368581655606 290.941171318433 290.590026197711
290.896797183586 290.749282857385 291.084304518985 291.267417385711 290.990938331629 290.802719873948 291.012551834352 290.495323223452 290.955593844106 290.676903091426
290.161987731254 290.004111976818 290.276985736967 290.441503289269 290.154192650602 290.047790310431 290.139062072514 289.721915273681 290.206671772834 290.038297548764
288.79783924275 288.666613194278 288.894439304709 289.006972722997 288.774429424812 288.752510085906 288.827104537711 288.362727229287 288.86785852845 288.656764481985
286.990435898571 286.97473179168 287.296563881897 287.268575190202 287.292110934889 287.199280607009 287.060296680165 286.619141451826 287.228855237186 286.983941130925
285.673453727641 285.922479899811 285.852298982907 285.881129411436 285.73548490964 285.897320727471 285.68558197534 285.230029079975 285.789552731732 285.636747649083
284.855460831275 284.906216079189 285.084554845794 284.680922383435 284.744321304773 284.942069449059 284.761361229672 284.598324547292 285.080249336111 284.818756793767
284.629173457278 284.649545802952 284.870615838849 284.681816229178 284.607008838685 284.844846941503 284.577461369314 284.561425302998 284.749998535667 284.656494546401
285.116020139059 285.197813043664 285.377091000767 285.172827308403 285.17286175069 285.155323487553 285.155263248096 285.052341068227 285.248749580736 285.345419482209
286.27607160153 286.424450091891 286.515940436683 286.321414446944 286.508700719435 286.375386857815 286.292967288649 286.125782851914 286.320130537345 286.445155337315
287.874503525077 287.835231362227 288.046324853666 287.94802086601 288.244926441618 287.988330900497 287.963969722707 287.988337010446 288.053254226558 287.922945763738
289.522919230235 289.63665846103 289.834420801507 289.809428604065 290.053697821653 289.767154630538 289.595082392124 289.78921042183 289.881368690349 289.677072539227
290.846973263654 291.076702034425 291.065936337798 291.077992805903 291.316707198114 290.943973630349 290.950899595712 291.146028391462 291.27510297968 290.885713974813
291.093190170173 291.088132381898 291.150007001858 291.100299746885 291.453916210864 291.075004286444 290.976503854513 291.185692019458 291.316638351556 290.890190631005
290.202344543812 290.273352063525 290.36458366876 290.216873792991 290.601642424791 290.298558455001 290.168288528232 290.349730570999 290.397318606352 290.077584176495
288.701077515195 288.846985929648 289.034860385101 288.870849587129 289.014222292557 288.958214205334 288.80724573039 288.812410202905 289.120476693024 288.802181963601
287.129751835469 286.98308165132 287.315802910018 287.328201354474 287.515133143052 287.401740173318 287.117497898737 287.32276625942 287.514456520752 287.252387137357
285.672097150343 285.598704689151 286.020959002401 286.113810471455 285.851345512591 285.888376166717 285.601740905884 285.745991616259 285.853259415626 285.888370112442
284.796845988147 284.888058012271 285.102922963508 285.286026977602 284.975938484022 285.062413493352 284.776983859258 284.949643127674 284.848078727648 285.128705599356
284.671894376407 284.715989658983 285.174869430717 284.924049615257 284.546203643506 284.699155766085 284.655696906506 284.490356494098 284.766124388981 284.858095030166
285.20122110423 285.335367189914 285.476737252726 285.266829638041 284.974421705891 285.197540362497 285.131153148562 285.01252240453 285.201434019837 285.293191781105
286.384910624416 286.389334906141 286.594613289163 286.60221510601 286.303203210387 286.198454224676 286.326006559509 286.236156398845 286.456364015294 286.514719285063
288.073450056905 287.914071750394 288.176003090518 288.165859426571 287.817819366788 287.890937722904 287.930772884955 287.985110357087 287.834896892242 288.100033874106
289.921106443543 289.516440462644 289.87575977518 289.801470692798 289.388244658986 289.615207749048 289.788098287939 289.753589267863 289.489793457572 289.993249863154
291.131531978784 290.745015953222 291.258875000024 291.048057054538 290.759325457565 290.971241885624 291.197421556787 290.942249821844 290.664610147679 291.303236399049
291.239910356843 290.774868637628 291.226572494264 291.169423211416 290.913936932203 291.056450565981 291.404523325018 290.985880152895 290.810080121793 291.352912994498
290.347386932189 290.008452510831 290.349827237964 290.29576137194 290.14449708334 290.322426731368 290.477216313038 290.26913377166 289.978098986557 290.542637180243
288.849549686202 288.723942466128 289.072168040016 288.938494086335 288.648199510757 288.720567515817 289.057567839099 288.767751350335 288.580312344921 289.212698779242
287.279844905051 287.225251167097 287.585364848484 287.380366593908 287.011608677166 287.09188399048 287.349633273151 287.017486397268 287.047967446725 287.748670272959
285.841604041515 285.623095521259 286.072800907569 285.829093562338 285.539711776789 285.928112935429 286.044917929818 285.599828690159 285.684073660025 286.149703923968
284.908936550838 284.654239984304 285.040493080565 285.076710796244 284.72617056079 284.890890258 285.06549367071 284.733582061433 284.762959066478 285.25232128765
284.871541042285 284.639183195755 285.053880395658 284.871938251554 284.497720415716 284.694296065944 284.936420261936 284.727302131881 284.613032751996 285.060909540717
285.079055481461 285.178688195777 285.453390500239 285.457051612835 285.144567422376 285.315375664351 285.24418442099 285.205533321223 285.133981100083 285.524872762522
286.327065124616 286.375841516723 286.519010498674 286.793986043716 286.071999604594 286.3703611239 286.366164082817 286.244677650076 286.18004561627 286.678722881429
287.879448969946 287.770445508747 288.296889125236 288.204126943572 287.650969706848 288.00272747192 287.893909477578 287.802950843937 287.745410690886 288.179621358659
289.613569607568 289.434094780659 289.936683366509 289.984943073958 289.35870088766 289.934904441042 289.802942716211 289.468146385526 289.30728359535 289.81379185243
290.909069093543 290.645693553797 291.240788408489 291.099236138727 290.70179913527 291.157420483393 291.003343011168 290.702277235091 290.715658912388 290.975252307861
291.003852273646 290.725345812874 291.389511178633 291.115820002564 290.791737921288 291.102419388091 291.209658121639 290.760219897273 290.92387281874 291.134339796638
290.148495676727 289.899442874763 290.555662366209 290.304061892673 290.115710278832 290.2827742754 290.31282504652 290.000803195133 290.177975307043 290.178712071881
288.700673697215 288.642709856229 288.989917277803 288.956896192195 288.630810073915 288.801232060273 288.864095590574 288.64577204302 288.850400943717 288.98346296386
287.130137429205 287.219837877518 287.352078454482 287.449887771698 287.083546116516 287.377195193727 287.163126557987 286.834191762817 287.06374986037 287.382579389285
285.686481260358 285.763173562452 286.038009306077 285.99962083853 285.664711350703 285.835760054983 285.798124427779 285.476583819395 285.525579816513 285.68265982967
284.865523882455 284.980566556434 285.194550372137 285.109237691099 284.693892680057 284.815350345391 284.74760568506 284.501688760804 284.834934171702 285.088806183287
284.643142512962 284.578955657947 285.019377063317 284.7742182668 284.700202009206 284.74713786311 284.449569174165 284.251679045133 284.729974600433 284.713121558295
285.130920545826 285.238610962166 285.284039886921 285.447779747588 285.006061374854 285.16749325462 284.776507528535 284.81919168356 285.068064294721 285.346667639556
286.478781363082 286.337321332958 286.472442579648 286.523339098844 286.193792827352 286.541755551788 286.261564913816 286.172233612126 286.26045231699 286.506437312984
287.992510028548 288.000916854286 287.931282579617 287.888776215639 287.904327632945 288.049781661806 287.804077359374 287.535036725297 287.76979254238 287.985227923322
289.596143855669 289.766229799777 289.75326320919 289.505163344242 289.607670402332 289.786490665186 289.243881583124 289.213428006137 289.475889248359 289.582382041991
290.765318041152 291.099853714722 290.918257787195 290.62983249338 290.786997175854 291.037563798495 290.471361209438 290.455780777816 290.715280014987 290.920906184708
290.884408415081 291.202589257235 291.040958522992 290.81150793451 290.809737471112 291.03986089652 290.65444432149 290.608870588725 290.771378294341 291.055499468013
290.122129649303 290.3504532741 290.234207507028 290.120451804428 290.119579170918 290.208273064873 289.817336552076 289.789156736426 289.979033502751 290.142749136498
288.858684280113 288.882921333506 288.81656072839 288.691546146734 288.801506109996 288.722086271075 288.431210834978 288.359955518592 288.597793701465 288.801200048996
287.261277863909 287.303689315861 287.18414080453 286.905587711184 287.124974683952 287.240477411206 286.910633883061 286.765652934263 287.130221237898 287.206073836437
285.77750226285 285.996416131165 285.807020674015 285.819592305293 285.659721857613 285.896308378695 285.707897477972 285.347368751544 285.71642715296 285.95836560207
284.915824862173 284.997876967494 284.993202692605 284.94832680018 284.710962531133 284.933755850845 284.771391639304 284.612480210883 284.879156123001 285.144113901425
284.7704715818 284.877063109271 284.773802865669 284.640620256826 284.579627359739 284.863631819414 284.601635687584 284.415732059914 284.536340666739 284.765307777762
285.212774650871 285.373093445872 285.418201448436 285.226270361741 285.039218743334 285.284248757768 284.986550050267 284.932032407744 284.901189745383 285.208060956185
286.312842012573 286.560625576275 286.536637784013 286.381794610729 286.446139813299 286.484406805932 286.243125318756 286.299992994808 286.213655461609 286.37481021336
287.941168679383 288.18318847272 288.137573981778 287.968900914277 287.906855397519 287.899254378121 287.648241971181 287.804967549424 287.693940919035 288.218685116822
289.669766551806 290.062573027051 289.749999844299 289.682785682295 289.674870802526 289.473957071771 289.491278400897 289.464887620778 289.355897328598 290.12342531857
290.928156147204 291.424594340405 291.150816478826 290.896867573679 290.869031650668 290.774583955566 290.863023758709 290.580139300345 290.543225672447 291.323601665627
291.096600359497 291.47184697561 291.298048385956 291.02012081164 291.012737824709 290.92425042766 290.893616947001 290.712606969955 290.618659657457 291.460845377737
290.248126059795 290.703214402572 290.404837212747 290.225229540801 290.098556689549 290.134657317952 290.172959578054 289.862641804601 289.881993360023 290.713825178414
288.986129362884 289.261456844672 288.891819862554 288.765573657896 288.697653763951 288.796731266069 288.764408693076 288.648774572105 288.536927530738 289.191232202701
287.388596202735 287.658070443944 287.329386066813 287.164187984642 287.007516477604 287.181968305969 287.085971627031 286.997586647971 287.005571560351 287.693163092895
286.003653577102 286.12945681778 285.859187773723 285.906592912313 285.688366196298 285.878581639123 285.740618841044 285.75419576581 285.568540631341 286.256503178618
285.200119185453 285.054828006074 285.056173224252 284.904243473211 284.98974214072 284.881061322914 284.917660527772 284.632857075134 284.726525469763 285.234778248527
284.961290110203 284.765557875121 284.946671379287 284.814670105652 284.44682266209 284.651148105983 284.694801764311 284.32743606221 284.416574744164 284.87903192824
285.366720461478 285.38018961357 285.171561694645 285.371195064548 285.067109616256 285.188681416292 284.953488462867 284.988075735907 285.052502191808 285.408056446782
286.583647051066 286.179481546947 286.493140957183 286.462829606197 286.276557423824 286.296433641483 286.343600911946 286.340233366146 286.370690767739 286.607062812678
288.145699219124 287.82626461881 287.98633754404 288.230691163409 287.645727612964 287.899513064685 287.665124246044 287.84329777996 287.917840306832 288.061130677639
289.882189437431 289.592694498615 289.640004179823 290.107972853973 289.282709387972 289.584272226125 289.396234420025 289.5756009543 289.5970809101 289.711919771352
291.033950173269 290.820029067635 290.914423781491 291.435235778474 290.454368421286 290.818020067239 290.890821020529 290.809192930559 290.911282538611 290.90424875269
291.175807341518 291.036533097285 291.005029118432 291.656495941434 290.553481335614 290.952960079437 291.117694585626 290.742187636135 290.910005137714 291.001643001689
290.489535530762 290.17120804312 290.139913289386 290.840849018158 289.778569573144 290.245252521007 290.351632784551 289.925490816488 290.125438607894 290.250488046538
288.909287938152 288.826693796747 288.741406289577 289.419288539941 288.340550885351 288.751840298781 288.926656848661 288.491473947218 288.755882532661 288.936314561362
287.311432864888 287.203670088921 287.174844906538 287.676925423164 286.718478063148 287.215730912438 287.253810375108 286.982350009903 287.067960009669 287.354158876149
285.893040381228 285.858660907901 285.796528598567 286.060961264485 285.474942550698 285.888118972059 285.613532403964 285.470570752416 285.868119713689 285.867720545506
284.734317426997 285.013269043354 284.990945942239 285.153824877994 284.750065464129 284.977113218721 284.749478595102 284.840007671012 284.836958626988 284.995773774601
284.651560142991 284.919215294387 284.728227492168 284.986608869576 284.516849333804 284.708210642646 284.761553018677 284.515282522934 284.576153765132 284.785843426667
285.182463196802 285.29056312047 285.203614182392 285.378256166514 285.01219260265 285.067562065928 285.120482717719 285.051269247563 285.128988892023 285.268815089702
286.424195872582 286.31450324625 286.486851729086 286.291071299387 286.234124606001 286.277563851589 286.368025962952 286.186485778175 286.329330101007 286.262897173627
287.858447554115 287.790346555983 287.962751278767 288.012461431107 287.804477097298 287.907276181905 287.893890144222 287.77649291259 287.703720145664 287.798783878534
289.540933296344 289.429247038932 289.61930139153 289.590012789601 289.543303704721 289.601075341832 289.61339279415 289.346145126163 289.447798013828 289.434706165871
290.789890268952 290.776916463947 290.895323090301 290.88845954232 290.896398310703 290.803666216184 290.999738306296 290.624331005646 290.646770351094 290.825865321289
290.977931299997 291.003773337009 291.070880966231 291.011469168689 290.987567525515 290.863661562244 291.100985871152 290.773385324228 290.719211028117 291.044336145994
290.229008968657 290.194118744224 290.332584284587 290.185572324697 290.10584754051 290.034802320956 290.318647272203 289.969806343318 289.973525987882 290.217503485096
288.732511284477 288.731764566293 289.000563733278 288.722724390143 288.756460276794 288.742876071646 288.70912540393 288.649345275534 288.521502243175 288.868216725234
287.293345301302 287.108438558966 287.397603675311 287.307972754546 287.143700108638 287.143861494734 287.263294398996 286.948755093831 286.938176806215 287.172445333539
286.03461492529 285.918667467593 286.238996557814 285.9191714649 285.669758390837 285.799633347213 285.768273090594 285.700780022364 285.518249754703 285.700112505301
285.250421548127 285.018368773736 285.129487986771 284.956087696199 284.98910272372 284.864846454121 284.93593639536 284.900589271271 284.577841669939 284.948229500201
285.016895094093 284.979561314364 284.810671956553 284.758081834345 284.499976038608 284.753689030673 284.640202920728 284.695654164555 284.422547547706 284.777589981576
285.306790779968 285.350506636598 285.419837707625 285.073167814861 284.913861511629 285.269890917855 285.214611454801 285.09442131219 285.154777090768 285.242302895319
286.529509768369 286.390905653527 286.494425214714 286.349203519903 286.160978502473 286.276653329435 286.516543292509 286.187080419531 286.139019574093 286.240395199012
288.181031798245 288.027182021961 287.844803698031 287.916141894645 287.870316810358 287.755492517778 287.998256599045 287.825695946722 287.521772650788 287.795347817364
289.994214290268 289.805109631271 289.566872957237 289.665907663824 289.753553740881 289.272129009093 289.727028324968 289.493024268248 289.363260242976 289.578909780978
291.452057069513 291.233882323538 291.004622653182 291.139496863898 291.008319832571 290.643982330162 290.999126328673 290.841247873142 290.66961829519 290.843872525126
291.468520973087 291.298428936555 291.216364660654 291.306114748981 291.093894459451 290.867263856044 291.164029874965 290.77428546664 290.833798549051 290.907499264294
290.593923769753 290.492174620985 290.477748163752 290.443663607341 290.123599432286 290.047647489402 290.388900892444 289.968697119607 290.041739616275 290.097036539892
289.115440509661 289.109108255886 289.059544902262 289.029510350563 288.767992791023 288.75218851857 288.925668140962 288.564519295577 288.651792992388 288.642967232816
287.512672883031 287.435581820798 287.500565655102 287.46414775945 287.013973363355 287.315846593638 287.350523175297 287.022425176922 287.239201361788 287.003433651264
285.986775269166 286.019664340097 286.022804233405 286.032550654417 285.624315737952 285.939360338976 285.922928516198 285.66466113865 285.764948297162 285.871401023326
285.074181409335 285.035883012168 285.13642912287 284.905730650591 284.920892589153 284.989804261888 284.898600574771 284.79897598146 284.699564901958 284.915166268192
284.967724664894 285.107020184726 284.847360266837 284.776798872247 284.704474478663 284.851424525829 284.748054149622 284.60963673197 284.600837470828 284.643122642115
285.385458114829 285.394646979909 285.364453587446 285.225740040183 284.9796892276 285.276308971624 285.139911742396 285.032932052075 285.222941415957 285.050505493551
286.476531266767 286.636761549013 286.597392885094 286.435931297841 286.273964931276 286.263131040791 286.419741885341 286.250263799912 286.279222013036 286.205104007513
288.009626697106 288.125477292189 288.0897568592 288.001223837857 287.897897180466 287.948949542748 288.064885331016 287.989101120525 287.803436915378 287.742826626781
289.685878901379 289.793257428597 289.757380840454 289.563509655896 289.455614518251 289.615109405801 289.778737145459 289.674122854541 289.385051860733 289.383009374872
290.900784268068 290.961517663885 291.190245101359 290.834706822273 290.766782686129 290.774429382163 291.230635113307 291.033129084402 290.697482333556 290.64535712894
290.927366150489 291.15639346419 291.321908171209 290.906314205118 290.851930588323 290.925254381457 291.260499047806 291.130034590771 290.720194512557 290.820362155981
290.064628394027 290.379374810814 290.434037052391 290.147723974601 290.034425158522 290.16257598749 290.236242339314 290.2535410138 290.001026112215 289.964042462459
288.605201190429 288.895337753629 288.969674563981 288.837291483051 288.568036681574 288.887929457988 288.855200314337 288.816880505013 288.659917981996 288.608637328141
287.036957539213 287.303150145954 287.275886277974 287.175200504471 287.104009911971 287.327901073201 287.202439704111 287.173895881758 287.193664623147 286.934982246971
285.794135873134 286.147476843483 285.991163135311 285.67891031868 285.676375762267 285.885218344492 285.716960866318 285.839997580963 285.701636948834 285.78281349796
284.886400609756 285.09698435895 285.169367029806 285.031809568238 284.751205052219 285.076410997146 285.000361975717 284.831119936467 284.922925791793 284.917951137944
284.756785911661 284.892061917516 284.834159407065 284.651881254934 284.575521005142 284.910524615099 284.711746879909 284.653816031337 284.716867724222 284.774667854297
285.165967721881 285.204698791316 285.271239353693 285.203520148063 285.172211946499 285.38146004734 285.199733812434 284.984255457746 285.202224404723 285.392067080424
286.416527836902 286.422347957341 286.413599587359 286.422878062667 286.135423677546 286.471850039521 286.37319036383 286.243199378759 286.395486463458 286.374332420582
287.953576245562 287.99216825061 287.877089521621 287.734132251047 287.814964202701 288.024247868388 287.889636068966 287.764725406018 287.838162986326 288.025405153755
289.567939249727 289.862976950529 289.539465701585 289.595079083879 289.570434801968 289.816122695715 289.550884724711 289.59182237242 289.591509138711 289.842910529718
290.759857781171 291.226213744456 290.824301551702 290.788436269602 290.845378853915 291.202206426453 290.750068291108 290.820862464526 290.893952082745 291.331611160295
290.798727128282 291.372822409204 290.948664391177 290.916529666449 291.018768675873 291.328521289145 290.948042084822 290.949877312819 291.001005502697 291.414374972621
290.008094122312 290.530577844679 290.114352200596 290.165054433772 290.317739638658 290.496136735225 290.029967772683 290.056835534838 290.130570630765 290.460352775169
288.590893682804 289.135647568737 288.794940684344 288.795290488058 288.821159909039 289.041973973604 288.602925240706 288.81676300753 288.724490987303 289.10746142929
287.183743669962 287.396438318844 287.225813614389 287.290365181732 286.953441952417 287.363983932992 287.075924204497 287.152758392822 287.069774649546 287.613643442727
285.767162888927 286.123516432908 285.740836282443 285.810670484005 285.667954454977 285.814761953253 285.793820511563 285.698180111199 285.789683334013 286.08234814558
284.926414878466 285.408814298254 284.971038443238 284.780385586118 285.041921729931 285.071947266402 284.791509390225 284.939929315694 284.931807282809 285.03071183969
284.858877974638 284.834199998711 284.791546150918 284.62797041469 284.49473572879 284.829316802982 284.593098501379 284.62657874674 284.631285963106 284.789868432525
285.509200692305 285.277571823718 285.395789957514 285.246182529984 284.986272683482 285.269122768145 285.223736140097 285.34843337541 285.200140034232 285.152248073383
286.622363505875 286.400736384582 286.625148301442 286.388784621182 286.155184391004 286.31582960861 286.344550400645 286.382405881811 286.345794902217 286.415646527482
288.127477441421 287.981028269943 288.237887309973 288.010737440507 287.649360476922 287.889726016083 287.920722890252 287.868955370581 287.755872756716 288.002667146349
289.802358669138 289.676024274211 289.857289140373 289.819258495402 289.195151401471 289.545344142783 289.601321551482 289.568825158228 289.432364178437 289.630605406854
291.076699249758 291.052951646107 291.051031552313 291.109208804159 290.572510478254 291.050223693975 290.997221665367 290.743510451371 290.772990186576 290.985243564717
291.149404840688 291.173240282313 291.156251369896 291.136564308452 290.692197061932 291.177240129603 290.924306917964 290.914523913786 290.809325632582 291.116907095714
290.239546859559 290.321903166367 290.256561797465 290.141415567779 289.782753660155 290.29533494991 290.123070383456 290.087126886177 289.945647435535 290.279519837117
288.88664034675 288.901766469405 288.937649507936 288.727310932488 288.540345048433 288.792239561839 288.79551767378 288.532096777314 288.598831410493 288.838412835724
287.278082029663 287.252706072287 287.284089413507 287.157049907045 286.792744435161 287.34504991558 287.219981549699 286.985209899873 287.175646182051 287.354790649687
285.720999543669 285.996476011676 286.025985776168 285.631541795814 285.669450142532 285.9259320625 285.952292652067 285.743335801225 285.709123019338 285.753948708531
285.118626092925 284.78903863267 285.211869814745 284.879662204186 284.646638826843 284.955898440236 284.924235216133 285.199080886996 284.798112311257 284.795054896226
284.91277873575 284.635646664944 284.705065530604 284.614759486799 284.433017043027 284.836777449332 284.689510652679 284.817089751514 284.718415424731 284.477503249324
285.248541209986 285.208186209265 285.254369372587 285.207420302609 285.142711039675 285.353863997245 285.297358205786 285.314295436408 285.333997478337 285.209850939474
286.402939460811 286.366711411095 286.385748602025 286.608768483925 286.096215745751 286.486669336424 286.706484905008 286.287645863519 286.377987362088 286.352040318394
287.938343783677 287.857363812461 288.020612750027 287.832299850661 287.807039285739 287.984069232609 288.306090755843 287.901347906101 288.047740421013 287.943299340343
289.551194605981 289.579762807122 289.644275616421 289.619165186218 289.418547080483 289.772218419282 290.157474372223 289.577784271588 289.667374908145 289.818520246261
290.729179426739 290.819933192072 290.878463935325 290.914484934041 290.604461300396 291.074489694635 291.741850239021 290.860780437194 290.914478474142 291.167420475082
290.807561401237 290.964821283377 290.91803300317 291.111462674407 290.640553114615 291.034155695315 291.886504288579 290.893021983659 291.004681698013 291.397675690838
290.034606675021 290.151984202476 290.185288103444 290.3250326098 289.919479621953 290.227091850306 290.812231228287 290.050614682028 290.212371499714 290.409852279539
288.72092791783 288.781797888335 288.921929700701 288.803532918194 288.535194538673 288.941593569323 289.261423285248 288.726254029054 288.818791099881 289.009496166138
287.055338477046 286.973090699039 287.303219560317 287.226688091135 287.009255101089 287.253029385478 287.505356417201 287.22534568731 287.224781262068 287.335034004746
285.691856103483 285.657063557821 285.879045991678 285.790027835587 285.553490697922 285.636125254416 285.981249852505 285.772470159512 285.855824136688 286.077085974132
284.978409475814 284.887868803969 285.042462880638 284.995227961745 284.741099846524 285.085840055101 285.156338244938 285.025283351615 284.675775284523 285.017887697352
284.722862914741 284.636870709887 285.017175256338 284.533949606431 284.339286338056 284.69311145171 284.988788697342 284.737760724147 284.458988173516 284.799658983569
285.31756696238 285.176944269771 285.340935374473 285.484156655471 284.973330888182 285.066190348818 285.394814699921 285.33128136125 285.204202797433 285.266709244243
286.46274100609 286.622974276222 286.501471818673 286.481715285403 286.225248987141 286.32493648114 286.631128540134 286.466541854081 286.218787450678 286.405829983959
287.981761674184 288.109938181163 288.15276418559 288.157950918513 287.709495308429 287.710264326826 288.16677667614 287.942923326099 287.719492389936 288.003832297512
289.610683537221 290.098921063777 290.02803215442 290.007658927406 289.491493612959 289.54128145262 289.659913225019 289.704436844295 289.6328540802 289.671546737169
290.773441261737 291.345894861756 291.35085830695 291.269090785705 290.667346841422 290.828058859286 290.973032634849 291.078052685106 290.981456285501 290.891942012579
290.887481715613 291.564568764179 291.350459799839 291.413537232918 290.697969080551 291.013536057475 291.020668427289 291.151017266953 291.071480124599 291.061916434775
290.073680430703 290.784573314752 290.407294507222 290.553524868345 289.953511633926 290.10217025435 290.098545255041 290.476166790251 290.184329243842 290.218649457974
288.748126813156 289.301041972183 289.038656756701 289.115873427459 288.548912997622 288.661774098123 288.623316407661 288.939397795303 288.684485689411 288.796100362335
287.12652858794 287.68020451706 287.369437843109 287.344032038006 286.959178809544 287.070530967348 287.007994024475 287.364607840939 287.304186825376 287.15343683374
285.85505790031 286.192525607497 286.000760891689 285.903983133578 285.517895058796 285.625360745454 285.78092306618 285.931539776831 286.048072591805 285.624438634605
285.196141201386 285.267640594738 285.181232987551 285.028729721969 284.711439581015 284.721108647365 285.062124068763 285.020656995418 285.061399053051 284.869935527189
284.823171228733 284.741551656649 284.93514629011 284.716296956458 284.545646057883 284.66722667579 284.681517976113 284.86813490839 284.829981784812 284.838094921229
285.276348620548 285.23519505661 285.488981711524 285.092364292767 285.000660822105 284.99568419924 285.168005468922 285.217042781489 285.199106757282 285.174541859131
286.577896422034 286.42555541915 286.520929988135 286.396299699931 286.26012306752 286.374640066258 286.153945268505 286.548995130132 286.37357206808 286.498952241306
288.166731695286 287.915860128518 288.162789988903 287.907829961642 287.745237743175 287.955078366299 287.76243726615 288.205854710911 288.087874714245 287.821820806561
289.867879478785 289.710326705649 289.765315112954 289.552273896465 289.353041573657 289.656089056023 289.399043739894 290.010239329536 289.830582669849 289.50878960174
291.194659169204 290.764909019713 290.93514341383 290.901419342793 290.651217656502 290.927674006932 290.598337228773 291.37042980588 291.166074208822 290.80056377638
291.401836014331 290.914101079386 291.214047591951 290.881980394106 290.857794578963 291.05880505664 290.736596080591 291.481228808748 291.310709188697 291.007222124686
290.488900807371 290.098376409576 290.280053675187 290.004428323273 290.041941348367 290.220150377537 289.933336213308 290.534126424262 290.595863973276 290.097333867169
289.125389512168 288.753446528355 288.926106470698 288.52662694406 288.611526731724 288.738131895775 288.638355805561 289.105939576454 289.131343875852 288.603847278137
287.571192696779 286.923278125303 287.389507819877 286.892567522949 287.133445617866 287.140435752346 286.993900061758 287.38552806392 287.51769068706 287.025053913882
285.948093094661 285.573356695621 285.93304889062 285.626262968781 285.657920477797 285.909624444701 285.766273827119 285.971210048055 286.14070880782 285.62977126559
285.050187880286 284.714632079717 285.19747471475 284.812296696055 284.588133651475 285.089151182794 284.838469519019 285.087968159907 285.302902971558 284.734612260021
284.586784617487 284.740321998788 285.033347260465 284.799888899646 284.346868129911 284.611774844465 284.895161755456 284.826474280867 284.890969289251 284.562303873812
285.014877497071 284.922285249414 285.328163063902 285.151555064946 284.991343345404 285.294613222078 285.425337130118 285.240487523489 285.385093252634 285.145863184573
286.23301478552 286.188831494857 286.348293582989 286.384237761375 286.079258318228 286.512322313762 286.412871484632 286.402068540833 286.55432378988 286.219323211228
287.934102270713 287.750568941362 287.991533004503 287.772023814601 287.722746405277 288.162090588116 288.014379994597 287.924324580712 288.257027201571 288.134841999001
289.523807856613 289.329561085856 289.586764011665 289.738332006606 289.411227428707 289.91966702444 289.767613539059 289.447142083783 290.094810314396 289.598476180865
290.879592002409 290.597598953667 290.953142947679 291.141316396639 290.495334673843 291.159584152595 291.260272402667 290.667657518798 291.404939590647 290.830833737083
290.854272224282 290.727621490856 291.161273102793 291.089776192206 290.557466588475 291.136908373811 291.392422980875 290.827452244142 291.569706394151 290.970339878982
290.09064118059 289.97587699172 290.458245197249 290.333513049181 289.79200898717 290.194151967202 290.377621024939 290.028554023244 290.598957548622 290.225842791751
288.682962315588 288.521940599428 288.971181524799 288.98223268556 288.383582518921 288.845940129349 289.037825723303 288.59629074957 289.258352444998 288.83075660559
287.114873076333 286.77613271931 287.414048900911 287.324178415895 286.697529066969 287.07413796721 287.441657960102 287.154898132029 287.674076903239 287.170108526807
285.798696043291 285.614829762708 286.049804797943 285.893773121055 285.585822203966 285.772706504442 285.959134590061 285.791585587456 286.200555598458 285.516136180315
285.039149580277 284.784138481475 285.036723439347 284.77164765843 284.624478870445 284.823953676617 284.956821625525 284.885554312293 285.301751687808 284.694290629214
284.903713184062 284.500894599536 284.772294184468 284.648305109885 284.497786619659 284.672001292382 284.696193833388 284.664515690606 284.873378746194 284.722413652264
285.443258169666 285.103775577772 285.449257990843 285.328559655781 284.890899380324 285.005229898106 285.094437462402 285.2868146206 285.3072690094 285.197579311943
286.456132806557 286.435250378026 286.538322930893 286.31487664131 285.892661483691 286.122738737507 286.36677166636 286.415064777727 286.448873548037 286.381780135007
288.035876763249 288.063386191107 288.060646630416 287.799423071787 287.66643003212 287.820968123197 287.995444695492 287.986448748644 287.874065825299 287.955139682609
289.759283473128 289.909524313756 289.827635078845 289.682690213901 289.372370941451 289.564417057092 289.521111288474 289.860519388573 289.46733329049 289.585804125544
290.960359086075 291.263759547421 291.155600614132 290.981964565824 290.671011325383 290.772421881395 290.766603437741 291.181745389155 290.773186055018 290.845819475699
291.047026312801 291.340127782365 291.5118059397 291.142508898269 290.835380615221 290.841629971746 290.889359304794 291.173449209583 290.930778404171 290.980851278337
290.28016101151 290.4427789637 290.711608629999 290.183011996215 290.158923188941 290.025484681542 290.14001450443 290.292428159866 290.255848904564 290.172102177786
289.008701134568 288.984488699703 289.280209346751 288.774342361037 288.774348253518 288.624275325118 288.663060960933 289.002413312122 288.914346049747 288.751376122243
287.369235980917 287.256234723651 287.712531141079 287.257533582363 287.262704980234 287.036992937326 287.04252014406 287.341108717615 287.324337729339 287.001827947024
286.013881526209 286.053782160577 286.182732572649 285.985684589363 285.738810720269 285.587313745634 285.694793915638 285.927342374693 285.799527299847 285.661100842115
285.019391075021 284.863526422309 285.238054665867 284.881066396978 284.852601594065 284.680374807652 284.839936089851 285.182123238535 284.784976049232 284.738388273794
284.948300668831 284.700971701319 284.896837695765 284.724150999681 284.593346155905 284.556416395128 284.613208140091 284.817745476415 284.839144229707 284.531336853993
285.259142242668 285.195353833509 285.474333000453 285.434730597169 285.107204521707 284.990192845803 285.12404195031 285.443626897033 285.308979357297 285.135395910864
286.308294831537 286.458871568543 286.673228263938 286.364194350078 286.292563693659 286.470824808255 286.340543879775 286.701548228134 286.390393227221 286.36781590295
287.798425549041 287.873673529776 288.189520225917 287.961164371835 287.89488550841 288.00451500293 287.784895996517 288.25477762645 287.788488564206 287.809800630393
289.591091406309 289.728737695892 289.927921130288 289.736976756168 289.682421052715 289.631207123898 289.389886316449 289.996257257545 289.492545887198 289.476595034471
290.889470806491 291.077539268045 291.219423782041 290.936496037213 291.097710771693 290.814295782693 290.621853241857 291.414501491674 290.795494046542 290.655670233507
290.973662627597 291.160790864425 291.225706662029 290.935336795488 291.386217429143 290.969501309203 290.84724370252 291.628171502766 290.892352686483 290.676293000214
290.141678344549 290.357379310166 290.326285082485 290.164807462244 290.65723282097 290.294562708135 290.09301550267 290.68356776078 290.179987953544 289.848321172828
288.790234351388 288.878159460905 289.023302829464 288.773728739856 289.115831228803 288.747975929612 288.772756207281 289.37129180706 288.68816673953 288.593376124493
287.238418174851 287.157361723817 287.332984272295 287.090954032157 287.54120078618 287.191570224234 287.180743654363 287.656965177814 287.186138329083 287.093171406851
285.828595313772 285.670643408437 285.964682410813 285.773810326599 286.061682678506 285.598140108696 285.549234199764 286.149434765283 285.848346349973 285.73394004675
284.784071988692 284.887787711913 285.229605164938 284.68976309974 284.971617363618 284.846931852969 284.91546014213 284.908266582804 284.959694907121 285.022686068193
284.758272348437 284.661181783128 284.883621374617 284.677163509858 284.862443419524 284.740765401688 284.889861022764 284.688625160568 284.752586828984 284.950278001312
285.182046184345 285.147509243027 285.303749038514 285.209378047956 285.435376596701 285.108834835677 285.175096248703 285.189767638898 285.249548176461 285.255052304825
286.33105442913 286.23800024595 286.317266931238 286.539530856979 286.455993742657 286.323998529586 286.41638908922 286.31501000817 286.539128576151 286.444672640804
287.914436018461 287.854314827187 287.879929233814 287.996153268812 287.972383513281 287.88123878519 287.898038256316 287.80891974122 288.035890082003 287.959144950082
289.640395518103 289.590257736138 289.717326478676 289.562470892425 289.987591386192 289.51102372469 289.56269361395 289.461264263478 289.905356920021 289.67144193292
290.920697366171 290.753643740438 291.138976627114 290.767489604768 291.090243391526 290.768958210011 290.754591947411 290.664145799342 291.103595863527 290.980395976887
291.039783486305 290.771747242271 291.176352904649 291.011518694808 291.068225646309 290.74698405053 290.825519946683 290.770843124358 291.295906499172 291.282260258804
290.359020719508 290.044256931232 290.476601419479 290.138968833558 290.199233438707 289.974988239101 290.037013786562 289.926692423191 290.594307806025 290.596644416048
288.872192275211 288.712973812173 289.116545420931 288.669728546837 288.986634870614 288.59095038963 288.694236010212 288.595914661595 289.052165101841 289.034054827208
287.348821819194 287.216637787444 287.325319697997 287.087081503306 287.317511595411 287.029972981049 287.097661486403 286.860806864055 287.391668931084 287.438809949855
285.966524646806 285.747250122208 285.953609623097 285.873302913067 285.87664586724 285.728604595996 285.956171222367 285.623471995008 285.867622994539 286.056142150015
285.167232006923 284.854977793773 285.123267541784 284.741157642228 284.826773963068 284.750089008613 284.81276778314 284.730058526937 284.970934115943 284.991822876665
284.78759080512 284.724080997435 285.008480726139 284.810023645176 284.648996578307 284.567171768076 284.659742438457 284.417370380447 284.542817401299 284.704300057235
285.568369623364 285.330673890558 285.333363679731 285.013962241795 285.104627890558 284.964327733933 285.268865207077 285.148889060862 285.37247908273 285.100709785241
286.699498506209 286.514628275032 286.413895660051 286.175262109798 286.374726279349 286.142066176123 286.395504723175 286.13817088708 286.546439704636 286.360963515634
288.325692741235 287.949178004063 288.037326262965 287.653135254003 287.898628118531 287.784995906251 288.175939172745 287.632810966663 288.089982276889 287.80555318095
290.116753187577 289.677835242415 289.850776804004 289.262355594291 289.623742754463 289.466264509004 289.825370469376 289.231436795859 289.753234615221 289.415330354637
291.609249442182 290.849377647191 291.05444466219 290.411936965781 290.832419060908 290.763970479452 290.975978727468 290.596855130621 291.017199306611 290.718432658342
291.662663481422 290.975376505951 291.077837463273 290.647309457685 290.99003573951 290.917460197784 291.251378486279 290.749086778848 291.215582502882 290.810711701864
291.002766077224 290.248608611761 290.207252298442 289.832101156999 290.224777181025 290.105306977577 290.348880000457 290.097683308139 290.393572842471 290.002892085411
289.398540031138 288.74847417918 288.931672688476 288.602481741932 288.737494282257 288.670497591321 289.08905160442 288.769500897571 289.055678551991 288.695038712619
287.58741494105 287.089837350566 287.481853046865 286.810794832343 287.282972376852 287.108916778217 287.427353166049 287.305773848579 287.151219688517 287.175253466484
286.246434796125 285.780678175591 285.971439642577 285.424797573157 285.859017975238 285.513534378239 286.127103226863 285.768453469411 285.924857936223 285.897102305509
285.409371874028 284.88338974446 285.052477860881 284.551430148974 284.751833965374 284.784172906471 285.224994491888 285.036486481246 284.966736963051 284.910041455036
285.339790468145 284.494988160335 285.037718205839 284.588685354409 284.886899720081 284.481934124615 284.838009147652 284.64293529168 284.797479816727 284.926607306126
285.660413704362 285.284772899118 285.496573480079 284.964476843207 285.079246815697 285.008268443475 285.443022478923 285.104096198533 285.343901020562 285.356842709971
286.722422874461 286.580034055826 286.636355424468 286.130338658218 286.284089929713 286.076506316096 286.391554181579 286.368350340655 286.366420849523 286.528504905977
288.446403999173 288.211311381428 288.142958751477 287.748262431394 287.805175282384 287.74886989371 287.822931819417 287.942128002308 287.928201152157 287.934003527885
290.339377192522 289.974363930285 289.87238585022 289.706400507949 289.470958970755 289.483362744459 289.502070172864 289.719711909676 289.639422137884 289.75173129504
291.774646748587 291.501002051868 291.046254596619 291.051969511464 290.752147152009 290.849606988432 290.833586432967 291.184217931194 290.873793895111 290.93437313347
292.089953634047 291.637514928738 291.15138365677 291.239667569943 290.909289299591 290.981714028919 290.959696437665 291.360444483657 291.025313142869 291.113907702687
291.185133431276 290.516878297045 290.27693495999 290.462963654578 290.09981984149 290.135394996508 290.150383404023 290.542738568527 290.116783359179 290.449031058467
289.514342193173 289.082163795133 288.937137289147 289.044280024722 288.528695436493 288.764405683772 288.703869241585 289.148783729846 288.526580279032 289.150597724071
287.834949711072 287.424414129816 287.278623744288 287.589433169807 287.053484796573 287.024208186646 287.249233146969 287.444702743808 286.823644985381 287.514787048783
286.173024499047 286.020920792616 285.939710951798 285.970428144175 285.489378144859 285.694890139623 285.792932031781 286.04810327899 285.479691907348 286.20360417113
285.224602447441 285.149909665744 285.158242365624 285.161010237278 284.564166002628 284.939514839236 284.851522818577 284.973315870716 284.625126651317 285.364282249618
284.841160842265 284.883949307479 284.893666418 284.927319524017 284.538404932593 284.509219677386 284.799336050596 284.679757298791 284.50603423783 285.033421268493
285.32560645652 285.56468927168 285.319025759128 285.230951857662 285.146998442451 285.048769721318 285.221915268044 285.287149042102 285.068014287056 285.589501764836
286.345760678001 286.477491714756 286.510325435194 286.459751928063 286.333308190836 286.245266501703 286.366580755681 286.584581967143 286.359420516743 286.694809398602
287.773969551716 287.786117564054 288.007090205542 288.097018600554 287.797253442775 287.921293675807 288.052069097044 287.958548450666 287.989148714719 288.371286168291
289.428097305237 289.466538118856 289.702266877318 290.184496147363 289.444693091005 289.907882152861 289.756554559297 289.630309906684 289.691835158292 290.147295510643
290.805609602804 290.754206774046 291.116923181222 291.480612135723 290.745917951531 291.117197187447 291.014542678718 290.913350294022 290.861715586692 291.463439408187
290.807925191134 290.882694380103 291.131009900336 291.499877126952 290.854797535655 291.215394507909 291.133395556457 290.956096263135 290.939172091338 291.450159362595
290.029617402043 290.101394225148 290.306149914495 290.558912499969 290.043684633257 290.328086903 290.361732904018 290.171736006 290.137733891822 290.492260889177
288.602004100528 288.729764041498 288.875435826944 289.142025748521 288.480523676551 288.764907763342 288.820210679909 288.557078600453 288.637108581664 288.986556181105
287.116669936631 287.191232689774 287.312297549817 287.442775973582 286.925301453755 287.070290095168 287.112927324583 286.916064919069 287.056059880274 287.497451591848
285.774631320005 285.89224521659 285.970945374641 285.87901911688 285.640511037247 285.765615272814 285.9558430432 285.678510696205 285.674084319003 286.029790234733
284.978750883321 284.943290749257 285.04472947435 284.824032999288 284.77489088817 284.769091665255 285.126217759343 284.600696595438 284.651354303059 285.084115882509
284.610775498108 284.809847570369 284.765933496377 284.626758064507 284.550566808401 284.570678708837 284.734818017708 284.411293495302 284.62731239279 285.116051624212
285.355099390324 285.397888063972 285.186594277853 285.244936898205 284.921604061953 284.909853086639 285.232825365898 284.85138518876 285.135924324243 285.577464219962
286.318431145526 286.287156301466 286.336186540242 286.151781872741 286.153223591965 286.423340014862 286.281365220618 286.422343182053 286.166922533663 286.587870514128
287.831116134862 287.888998284654 287.975960322459 287.757970412128 287.723435003919 287.880874723706 287.883699442591 287.821579729733 287.882020629263 288.053908592118
289.441864302607 289.492798103783 289.861083767806 289.142221115093 289.517940454849 289.447328549438 289.631015891783 289.480875890892 289.616847156105 289.758412010863
290.605667122259 290.786368948851 291.138319200088 290.454350705886 290.875495623161 290.65542181144 290.95064350721 290.818339305563 290.838173902538 291.045579864171
290.797271784433 290.976579159591 291.289340337219 290.568851358845 291.030249093531 290.787735190319 291.100977253144 290.973938376909 290.966755133382 291.313021060592
289.931792359332 290.161880506152 290.456794051248 289.90020342213 290.20982378392 289.927495083258 290.276012578898 290.22200217164 290.062652034163 290.368643074257
288.482892887284 288.697780221308 288.978769162163 288.589339338643 288.766971456416 288.464024787282 288.744100089553 288.62942450041 288.693969594511 288.876577856764
286.846637982321 287.157502833828 287.453590271164 286.746873274602 287.08539763951 286.939821681525 287.050319815834 286.986311326435 287.069980087461 287.308038409775
285.628292870859 285.757321137117 286.084816495067 285.364266116416 285.564738639328 285.60857433063 285.764928668392 285.672815363268 285.741762229802 286.052492453748
284.749195214313 285.097341139398 285.213616897441 284.729465001155 284.780987910037 284.840439012062 284.923107096622 284.956772762921 284.82296212957 285.214392963735
284.692077521761 284.760845606759 284.926232956775 284.337180762799 284.845560213616 284.531388713343 284.777490590528 284.61690144815 284.494493271003 284.96142258598
285.2088483057 285.201615002082 285.244367346711 285.166841427811 285.115582731492 285.236526619326 285.135670492196 285.175972558552 285.176253950655 285.427006296411
286.397700419268 286.508083941046 286.316226563871 286.189659966189 286.232011870172 286.273927729919 286.355060845355 286.218660839831 286.391742459245 286.535855439265
287.769757904752 288.092038901039 287.94582591928 287.907285579684 287.889514500225 287.947533991393 287.838303632744 287.758344420065 287.972824295236 288.173569259778
289.476998295894 289.775032527826 289.708974664199 289.524662466762 289.477739443748 289.56419683045 289.758941705382 289.447556537832 289.590806286912 289.791305625216
290.868211369046 291.022235453275 290.982988096592 290.665945144746 290.695786420584 290.887046234232 290.981820996932 290.644095343356 290.77253396656 291.251435535587
291.067284260642 291.020837975681 291.058555740372 290.720181966423 290.888602499155 291.120158053716 291.151376824168 290.829065985211 290.782165304686 291.32210193673
290.247730423483 290.201449115254 290.265516091378 289.920965761001 290.005928373814 290.351120335811 290.343804902373 290.045379111076 289.821317540061 290.486073566673
288.75109555985 288.736590504789 288.974336395983 288.547306395803 288.824586251946 288.888718183767 288.790911654865 288.762760810056 288.439122553088 289.135886796618
287.076250251482 287.284538144788 287.387234144139 286.859342841987 287.108821980932 287.267299368152 287.264073953296 287.208463598983 286.869255497841 287.644805209532
285.629378843706 285.952923576526 285.900576567799 285.446995739394 285.614703260369 285.890696649879 285.807427721953 285.892191674161 285.690165874039 286.023454872015
285.021311006792 285.007070157298 285.048324811368 284.614277933285 284.755847768828 284.890308239977 284.92124009578 284.815775900865 284.705803754498 285.190670348715
284.754866115397 284.676557407627 284.896834049788 284.717304122303 284.807391216418 284.708110722222 284.853483940843 284.571410687518 284.582221560196 285.024982803767
285.260553748222 285.351724591251 285.328262643315 284.877969096284 285.265015905807 285.190364064706 285.266524897681 285.105122566267 285.16437786906 285.582209117591
286.461269741685 286.438145624631 286.359749573302 286.446509360372 286.245044517551 286.365590430301 286.244786633029 286.241051970997 286.365156779467 286.609621996103
288.041433436424 287.91568974112 287.824512574851 287.809128666085 287.843950445994 287.686732086712 287.775564358995 287.88182004771 288.019932493607 288.033878673297
289.816562292108 289.615180522311 289.537962708254 289.592763323226 289.510398204337 289.308761702816 289.60459659741 289.597281339213 289.833739480159 289.710292613941
