290.383205003555 290.350824408515 290.323132365528 290.43102076643 290.376663361806 290.29862893995 290.296006067876 290.416211508675 290.288601647739 290.383215511477
290.590076612048 290.566818050181 290.442277745653 290.54658945098 290.62800813504 290.537389724683 290.44778435654 290.502642638153 290.459925271056 290.576924331911
289.718732554158 289.820718572405 289.670948809167 289.55437325136 289.850954790735 289.611151087554 289.709426423603 289.526686793295 289.622695805814 289.643560188597
288.363033797392 288.328615422648 288.083849135252 288.058033209615 288.280496381792 288.358477935706 288.225963699622 288.268079302087 288.303441937779 288.318103202491
286.727730411673 286.74578336752 286.671096842139 286.555995202324 286.696763710346 286.638440484471 286.670888135851 286.720499706551 286.50800315285 286.754301478994
285.54206308529 285.067175504933 285.122592249753 285.094056288212 285.337092057304 285.152808393151 285.29782584081 285.143005639721 285.022729936527 285.172160280684
284.566448351081 284.149371769027 284.297345872044 284.368475490361 284.187396665701 284.193778989264 284.127592682951 284.342048968726 284.258252986686 284.239498621941
284.125328155174 283.794157440481 284.10861879018 283.861826055522 283.896368557108 283.840192051419 284.157380424407 284.167008897656 283.961054751738 283.870316438871
284.684780575728 284.507806342761 284.322796601658 284.478024781686 284.470545550452 284.606476184976 284.482882898637 284.643975045778 284.558419169622 284.469478939583
285.726449843722 285.64932426448 285.528112775607 285.662234323592 285.645249455851 285.712515471482 285.600222848875 285.706190428707 285.65889557406 285.658020404721
287.228791202148 287.096911359842 287.051128945825 287.242472556696 287.20360258084 287.0736415539 287.03979935368 287.366864026466 287.225519348934 287.018882393889
288.757327710035 288.712044307888 288.671724159225 288.850199419978 288.883547081197 288.741025331522 288.60993998382 288.983697715419 289.118177290036 288.774793599712
290.089347576773 289.975145711014 289.884188570965 290.050354752544 290.145664439161 290.173583393706 289.911664131187 290.197899327962 290.326712562917 290.074436793995
290.179621186666 290.134692934665 290.010234594112 290.186538988144 290.273267818678 290.269280922672 289.96566968619 290.511456226429 290.413277315346 290.206923718649
289.35365584753 289.220648600395 289.225152681582 289.325599956304 289.535496226 289.389990511341 289.192853749538 289.892082959963 289.560511018329 289.329114275654
287.841520141794 287.861475522871 287.76332609171 288.023066118459 288.082705574447 288.048599608489 287.928738071576 288.440570940305 288.255713810117 287.968278323935
286.304554113645 286.3927241822 286.490117835354 286.509183937008 286.41555780378 286.442078624281 286.205744851823 286.807882804818 286.672518719526 286.418110193131
285.009444464961 284.813060855629 284.962654740402 284.810373722188 284.885271302256 284.736010381899 284.79191085219 285.200979078171 284.991635618081 285.075319636743
284.168987470471 284.069073317643 283.915836800894 284.114395587988 283.97342680629 283.961944341265 284.123854075845 283.93020717265 284.052916274705 284.12330108933
283.719706823933 283.776021339267 283.673085507769 283.607570863479 283.953698373539 283.76394803885 283.849380074055 283.839354168243 283.821237540559 283.732924063163
284.259517458969 284.310826162629 284.171535886995 284.222975220107 284.441514626693 284.592414558528 284.292100014546 284.29479763406 284.552470436655 284.402044465131
285.365228959101 285.452363013722 285.434099507572 285.263149858437 285.352047165944 285.612423931464 285.368401838263 285.289347602013 285.49716150456 285.428026541497
286.860301051885 286.852362559112 286.807552093699 286.964694814971 286.934366525068 286.890808444889 286.965738640945 286.717869975648 287.157799254379 286.899798824173
288.533348896561 288.507812354599 288.60880014171 288.558998707198 288.437819580921 288.480389116839 288.524267246758 288.2386897433 288.775293091152 288.580558627814
289.926905877123 289.858447317051 289.85031407825 289.75445228778 289.804880148209 289.900241653519 289.87632339787 289.547169980322 290.055524362518 289.85189990066
290.059509367534 289.939136873741 290.042383427334 290.03544683889 289.885308033861 290.036038924539 289.909362190347 289.726350094745 290.170824550365 290.208507449253
289.285008881895 289.134121028194 289.222851580129 289.369426254245 289.265151658514 289.304639569836 289.095513549667 288.886850023083 289.332431173457 289.359204466952
287.834020130366 287.684986124706 287.804909471945 287.920664248487 287.840123044183 287.80267188701 287.831546991614 287.531706483201 287.960014919433 287.876283630332
286.231072543771 286.166082169275 286.210880662612 286.338872188017 286.214739370846 286.253910898066 286.310336624153 286.048819625271 286.321830943411 286.246566785723
284.782716196838 284.719185485141 284.876254337316 284.867826545107 284.75043073957 284.916700084229 284.846247338319 284.725608750454 284.76208088695 284.863262521933
283.959514239602 283.894896814458 283.975853725571 283.728231768184 283.812363608317 283.9900132707 283.946672996976 283.650718153347 283.759880268351 284.102897984589
283.734190565241 283.481172264393 283.707761984219 283.88060723472 283.720351759679 283.806119725516 283.615401025448 283.508072051867 283.683278869416 283.797103025543
284.061284019662 283.982937185895 284.047086156046 284.244042039992 284.303177541162 284.180703599331 284.259132332228 284.159518531585 284.284512148609 284.11390607401
285.181478704171 285.185181298425 285.454791567332 285.337978046567 285.443512542426 285.249128329732 285.302054549089 285.304163811403 285.121208020225 285.103769264839
286.903561159749 286.602625558956 286.796478805145 287.128361633273 286.855989910276 286.761708052715 286.881511085064 286.58355288582 286.786468687754 286.868587627076
288.661159240416 288.30219660328 288.392716546009 288.792921697579 288.599497144308 288.45660037724 288.573508951206 288.510718437983 288.29732146991 288.411371246626
290.261074442846 289.742351566413 289.753074187211 290.248570583896 289.965137064133 289.868341069506 290.019869904912 289.649854669972 289.499118082209 289.777483383122
290.46260578175 289.875474632118 289.896936676779 290.369663633814 290.07927683051 289.956776426806 290.108294483497 289.702853662362 289.75704347707 289.971327935665
289.723946440993 289.043106327388 289.06775044889 289.372027830426 289.269159182029 289.171440583221 289.293403545755 288.918857496879 289.052937901787 289.261981035925
288.26285426742 287.677146209695 287.717866299032 288.027501171301 287.760255055331 287.795523646962 287.840770817829 287.608367109155 287.620263486709 287.814254397356
286.515955160127 285.963796229686 286.001130486525 286.566924268802 286.222895147216 286.190335407197 286.222984071011 285.996516173098 286.01998306878 286.258529369634
284.874867358587 284.559237319374 284.606731454359 284.92282972966 284.722795806271 284.760075981582 284.682937186832 284.539523155649 284.414621405703 284.605054931462
283.944478917116 283.691348706276 283.663044675751 283.987890615306 283.792700770009 283.835031867263 283.971849512299 283.686614408366 283.677760965822 283.891103968381
283.707521072305 283.363846944231 283.660674859612 283.574065353031 283.522158619687 283.475136642108 283.592678319883 283.699770068706 283.362477075166 283.516053370538
284.151078130674 284.207638904362 284.012343739717 284.043455033242 284.004902891216 284.090519130091 284.116598178687 284.015498269939 284.136116744821 283.932684939684
285.324952463678 285.124042886614 285.225134543489 285.213808343526 285.25713926837 285.085164256647 285.353740190266 285.108000675279 285.174454659741 284.955340557716
286.888529601009 286.567890174329 286.614716220516 286.78575860828 286.925092944645 286.621272318024 286.799400661871 286.594283504272 286.482721379826 286.470824487111
288.683205733904 288.345638765123 288.45764264406 288.505680037892 288.60701803247 288.460587714122 288.488337460957 288.278500684311 288.047861382223 288.073943753433
290.073181406387 289.755823125267 289.808265994732 290.096064064189 289.895295728651 289.821911097027 289.936653196381 289.597081028077 289.558061768014 289.498703617137
290.350459572334 289.985618777508 290.085996589624 290.284984577921 290.07456280654 289.936935965184 290.204184491325 289.80809615088 289.713215064783 289.719987229155
289.408389586933 289.080440511606 289.211324796733 289.340348924694 289.161680983303 289.070982076635 289.483837132078 288.935291672161 288.764441131064 289.070557968721
287.881707942233 287.607595620115 287.659872092578 287.869771486621 287.918102100983 287.645034111426 288.015436811113 287.469713782486 287.434111386091 287.517174193753
286.311977310521 286.066276599241 286.090628405185 286.261911961067 286.258988166267 285.983271682733 286.46859744486 285.819458651506 285.89560768985 285.977580781035
284.743933889845 284.594316990321 284.644109243889 284.834297066254 284.954689315629 284.526528041507 284.997108950417 284.497612356696 284.466456553141 284.62646225555
283.700282445657 283.633406790134 283.99887636577 283.888265560251 283.844340196965 283.681390362257 283.983169716419 283.613264494067 283.747898129043 283.708691661631
283.413420733624 283.55098525832 283.553981655178 283.410594388635 283.565368489862 283.561946167333 283.833040633885 283.523431826411 283.266497327547 283.429705118494
283.969250544133 283.997906800392 284.139072722069 283.93423677898 284.272944268158 283.834487898572 284.375718998059 284.111793876577 284.056803740879 283.976493238852
284.965239024606 285.066605739711 285.154439503483 285.203165304976 285.313256981046 285.031346821511 285.47688362278 285.003995299237 285.104635897373 285.107503252699
286.41006878224 286.657558937447 286.564668054588 286.605976433883 286.953600858358 286.597195506099 287.153464086839 286.68092172272 286.7617479723 286.541813366782
288.157517340652 288.468995813297 288.277959723206 288.356043293627 288.75744064193 288.243847426154 289.041596041217 288.42764428098 288.598620640554 288.332954010004
289.504406059715 289.784686797499 289.712556996824 289.759444599098 290.124490677293 289.513600587198 290.376600901248 289.850587418233 289.897734751731 289.660800399009
289.793831448779 289.920130411 289.987725484909 289.851571100235 290.332139131946 289.59288511583 290.491342367735 290.074288135472 290.037224866805 289.846432135722
288.825081765483 289.135858233067 289.124546829663 289.086712946546 289.402924704714 288.804728523068 289.592111952218 289.192101077934 289.150731144329 289.105709485482
287.423845811086 287.687054525417 287.838399373345 287.547277671363 288.000572469236 287.599794603883 288.112503194892 287.673169844218 287.796326173509 287.729776808149
285.828095321099 286.051037751393 286.261730810392 285.993368419327 286.439672765642 285.906069543616 286.510513742829 286.178223866666 286.012279834846 286.156352028084
284.441877179236 284.488120920578 284.734562681019 284.592651436146 284.851210960068 284.321843468803 285.046863496215 284.647020442544 284.752871165546 284.680433598022
283.384877329519 283.746958734267 284.062251666774 283.72591618777 283.814986051716 283.484713146397 284.01047257177 283.786884179304 283.751547294429 284.023738888568
283.199208814588 283.650682364599 283.617149959535 283.353217974541 283.727413230848 283.432697968194 283.74473876236 283.364256842566 283.420046091448 283.7152177387
283.88412521888 284.25914965264 284.070223363667 284.15425819262 283.988207070746 284.240228221552 284.412447883329 284.025096996904 284.122298426497 284.219099213385
284.981555533036 285.093618691417 285.416469678499 285.339573884542 285.137332834251 285.25359602839 285.378111594569 285.329943584699 285.195680761086 285.101168553502
286.537289538775 286.584580181439 286.981416278724 286.694993643667 286.749150280748 286.758285445345 286.934707245635 286.834688685609 286.939308047127 286.828466909861
288.409442560105 288.459382683818 288.870977115338 288.382721926216 288.469172811067 288.506015407001 288.607679612783 288.710844485723 288.789335462235 288.601084136035
289.775460209122 289.793930497246 290.381966964335 289.74618631183 289.737188591805 289.951043589409 289.77766927698 290.07668632332 290.096555555536 290.018040387089
289.967570213811 289.960798484086 290.502078660047 289.971249846712 289.863036722704 289.969743753511 290.027994194102 290.398286911132 290.32219911446 290.215770945759
289.089608055804 289.245509699363 289.664478010644 289.201065476205 288.996239470755 289.198228223068 289.07725079234 289.599899499703 289.498997624501 289.575081799646
287.6412429203 287.956928454118 288.086687972479 287.925280187116 287.484694676882 287.763960323275 287.591644918906 288.058007539147 288.129086819241 288.215119027004
285.917052865418 286.392529513848 286.462540458485 286.264693611085 285.796445922323 286.285381865266 286.030676811604 286.369198638488 286.467838562634 286.563379055559
284.401762656058 284.864087752492 285.060689290148 284.874044179192 284.503478706094 284.785350514501 284.661503702574 284.854761925225 284.897711875911 285.068658902359
283.363589288864 283.850874308289 283.980172350534 283.625290569434 283.634858459142 283.823639238305 283.637891676789 283.871828881911 283.846590373059 283.860590230756
283.170815732612 283.570090275808 283.757055352098 283.453320074183 283.234419459557 283.644824136957 283.562822881867 283.738070132295 283.509937054493 284.026598420165
283.856302361353 284.198201651411 284.228620317611 284.055662498796 283.901169192948 284.150614136013 284.204294879777 284.020101259971 284.124620397415 284.252210686394
284.943409424207 285.313661882178 285.313658296325 285.31106372412 285.135352599403 285.332085085905 285.059854646919 285.188675647891 285.043847893221 285.510381322932
286.981673546036 286.7738698282 287.050339692728 286.771087076425 286.638658505351 286.992659434401 286.586947732331 286.578316531569 286.780728320048 286.963715770532
288.847955012418 288.432637840457 288.962766651588 288.737391573647 288.192447941481 288.879126803334 288.464062305225 288.240089740815 288.510097902484 289.083876351211
290.18102109482 289.799963699983 290.25811604727 290.193866441904 289.544200311358 290.298804066839 289.727818987231 289.664685401608 289.855093131793 290.560825842198
290.378347612003 289.965465107076 290.456305364599 290.401359246818 289.684811012105 290.53388710242 289.876575756858 289.922915750154 290.015398196757 290.813189732379
289.462002947951 289.144067388336 289.733046019248 289.75797119936 288.95324244804 289.808093028625 289.089988046837 289.070306863482 289.194431967241 289.905052256652
288.09041431299 287.762486316754 288.270175376336 288.219208880908 287.618242954705 288.32518301802 287.651363493072 287.689675419942 287.768141037061 288.426576961997
286.446710971152 286.131848404148 286.436059886423 286.423900881815 286.071116689182 286.823528111578 286.134383600005 286.310451942748 286.218033193655 286.646331007256
284.811431980803 284.63402980521 284.849869509188 284.99094775984 284.67307568781 285.172585441802 284.785478114341 284.700294606631 284.62373769671 285.297481382956
283.846162909325 283.815995468539 283.939035528867 283.905353201746 283.643511758979 284.012949896064 283.805061499019 283.754760902002 283.551471179647 284.065818199775
283.488376339412 283.465022121461 283.782993837233 283.596014154615 283.422858831144 283.677562063679 283.610614792296 283.448885201424 283.451872851575 283.635941813377
284.150710483581 283.925495915248 284.131874166959 283.921031506932 283.82686543112 284.227671766241 284.160062478017 284.098203814582 283.955543208997 284.166020994107
285.086032161939 284.992569318195 285.197770404523 285.037476202674 284.952266497243 285.135905997682 285.353733521394 285.074425491713 285.123415264898 285.12189779114
286.655435124224 286.525062604076 286.789886087931 286.635842767632 286.640320613153 286.561151264269 287.147514395738 286.677909182363 286.94480537491 286.541927641215
288.41262340807 288.145098562441 288.459871592487 288.235266810723 288.415206743729 288.116072709189 288.917766954848 288.533340060928 288.652976956197 288.413390229797
289.818693352896 289.41047387481 289.742995144842 289.662234249042 289.774722524536 289.546125934344 290.208272020611 289.864260830833 289.974214670715 289.507167194285
290.017384084923 289.673826358464 289.823577531671 289.903920167187 289.889219728739 289.788015844407 290.398957507116 290.001417796185 290.299766522583 289.797738345079
289.222213907049 289.021437065762 289.114737363618 289.068588175467 289.09440834578 288.827579991059 289.417352122221 289.24305684118 289.537613293821 289.002536998409
287.815217181352 287.550074146838 287.493980526165 287.721243335801 287.530276428161 287.502091523196 288.016298308323 287.782850737354 288.050398171554 287.478060244586
286.225519270448 286.134526822473 285.983746533975 285.975678988686 286.159831735277 285.87876347918 286.486538198101 286.064079576405 286.407867892656 285.91873967461
284.705918535559 284.723346298346 284.5936074339 284.415344550123 284.518464208742 284.315177886657 284.938968759768 284.81256877538 284.983583634028 284.373530014107
284.007130985148 283.847289873989 283.646658089486 283.517065034789 283.652231952017 283.522706334389 283.994660498585 283.809000322775 284.082345397012 283.543310370812
283.592596133314 283.61878261737 283.130414584723 283.366531197258 283.522203866339 283.336698303788 283.692565052061 283.679230981669 284.01744994711 283.534501319195
284.132894231939 284.138652223624 284.003358585318 284.082119081457 283.874544058552 283.973984114193 284.156712653859 284.214519248965 284.335146416764 284.081026457154
285.094781806442 285.363758339261 285.023425847028 285.001515461824 285.214284715648 285.013984453706 285.330906872939 285.431577736694 285.543197324942 285.072100702322
286.746687830042 287.007096291453 286.443895599974 286.595338717207 286.909062745652 286.409384465492 286.924197672026 287.155004023107 287.462522489303 286.571644397534
288.557012326871 288.684427230332 288.183947825517 288.372216475111 288.637562495344 288.143232156782 288.671122591957 289.008293503256 289.315729350285 288.347665865822
289.884862998811 289.923925725134 289.529280399794 289.586295164109 290.003600624315 289.469769828619 289.967511464268 290.323771628148 290.622930342412 289.593446230485
290.039718658994 290.19699531144 289.764599889736 289.793254386837 290.241705909515 289.726694618451 290.060861096391 290.576185857052 290.668643310744 289.740674333044
289.169039775675 289.339753001913 288.933950118633 288.846441529978 289.306078333186 288.780872263495 289.215957876233 289.829844137745 289.619176620518 288.998486523008
287.821882219925 287.868286071758 287.613104673382 287.527995191645 287.64685356038 287.598053805405 287.814478483281 288.278026800998 288.156648996826 287.588220403126
286.171226438195 286.299597188697 285.970858175536 286.004253769386 286.14778132544 285.925513644308 286.234659687439 286.658276704953 286.334984380406 285.970454812414
284.559665787839 284.712773316319 284.37889177225 284.547888096429 284.562819707542 284.642423016269 284.909835061746 284.987118985566 284.757260700176 284.500633113952
283.615008003408 283.789578837431 283.687876968007 283.6487636357 283.613010016041 283.723406459905 283.885336019394 283.937435218802 283.689866910754 283.681449290318
283.250620313214 283.674957979213 283.524069816434 283.381448685221 283.39648682108 283.476880895703 283.681344965322 283.867408697926 283.454617303546 283.346923611698
283.959848341316 284.007088811064 283.939799554323 283.936029967174 283.941818080061 283.968182315651 284.301702535853 284.006999429787 284.059403765138 284.084360168461
285.124838422727 285.34031599017 285.211475668623 285.244359173836 285.251705346504 285.0234833952 285.312358571408 285.185099228858 285.149486336382 285.356179502922
286.439561605689 286.719270153991 287.006936082236 286.653383973361 286.564137637015 286.508729403539 286.965967922692 286.734948903221 286.438681058501 286.81996642862
288.071444583018 288.525352262542 288.640724350529 288.456432308542 288.093639036178 288.292761407832 288.663075398672 288.50796097171 288.204700055445 288.700969041294
290.268586820475 290.32457443287 290.420530124213 290.46395412923 290.336561952643 290.28768754037 290.35593988268 290.298586800408 290.385648969339 290.341313837945
290.380502965007 290.495932413148 290.523689868255 290.552263027275 290.429709122991 290.465178990911 290.515398420037 290.482464975909 290.462557609372 290.517285223843
289.647410008617 289.859710921995 289.767106231603 289.606437207454 289.722330042327 289.639637410587 289.629298226587 289.73131456724 289.523579832699 289.627268802165
288.222220300012 288.28832861002 288.320003685404 288.215585657116 288.507330392339 288.346808789594 288.22251547035 288.276181347226 288.164580492859 288.103849407326
286.859166787097 286.841571406154 286.720850386654 286.680653157061 286.805954255444 286.753660984615 286.865633736193 286.729899610286 286.629864746525 286.712598492863
285.328492629841 285.479529283314 285.228560880683 285.308447498265 285.239966601228 285.273539327074 285.50657205461 285.272040609374 285.240982506163 285.164479665376
284.206160489494 284.329227042636 284.452815798159 284.44296695175 284.25476580668 284.50682279618 284.471078688306 284.534061077759 284.358285939795 284.210181215066
284.118847654755 284.131827689122 283.973263987339 284.261913821073 284.227642127612 284.270550217804 284.270624936354 284.375883908204 284.089940566592 284.210506424611
284.710681469621 284.694405354364 284.722885932341 284.809622812344 284.700707745429 284.725424128418 284.816319095732 284.821514750459 284.661596032635 284.693118043747
285.722929040942 285.93433580719 285.697005233609 285.869805633414 285.925464652948 286.030926089091 286.032904700676 285.831915522936 285.727448093276 285.951993064266
287.169716301724 287.381534720403 287.269089242469 287.658852861585 287.32034408103 287.535245577785 287.681273906625 287.310568331818 287.277815852516 287.288502905443
288.737450456074 288.912729772 288.967282503378 289.461188938938 288.91692213433 289.37341560152 289.653761670515 289.119278555329 288.870486445387 289.124610110257
289.978681986446 290.163202016751 290.208913566792 290.794503428929 290.110828732021 290.684056090724 290.931434790864 290.340634120511 290.233576642416 290.610672599788
290.092917179956 290.245024951727 290.50198124384 290.96289526211 290.270395283926 290.857694894542 291.156090625294 290.585610468857 290.439262522885 290.708886390826
289.499857596486 289.693791549396 289.765914830624 290.047002630895 289.5108119551 289.987188335148 290.235924378731 289.811989560579 289.543348972548 289.877872548452
288.086255999591 288.163039992604 288.286649031933 288.659052298315 288.121471350107 288.579804213712 288.565627889301 288.484671415229 288.165901452041 288.38260751689
286.579785140182 286.759316874804 286.708963207552 287.03261094169 286.538274450419 286.893302078077 287.092544267333 286.775652111118 286.676021245081 286.630450331766
285.26869491607 285.19728505495 285.235134373738 285.561768878261 285.208154439332 285.198345032179 285.574005021243 285.341688300502 285.26850863486 285.004471449757
284.113778999897 284.185410787781 284.128833484138 284.298238067675 284.167825195602 284.100946142603 284.451387120908 284.559469429932 284.24998085612 284.106363575125
284.042852098953 283.966363709964 283.778192780117 283.851854231066 284.047990459981 283.787768729139 284.023325264778 284.274151292739 284.103453332692 283.818115714588
284.421708027727 284.257532635293 284.380307848854 284.595243677022 284.348758490627 284.485491628125 284.483783537533 284.626966373583 284.508009261901 284.230278568253
285.422976665424 285.457008542794 285.339456219049 285.613667839336 285.486108812743 285.405337210478 285.537448548962 285.738586529939 285.407851325776 285.544147511164
286.740721672703 286.682867387759 286.591587054224 286.750528348508 286.831840282375 286.801251049938 286.974708795132 287.206906777556 286.940485900781 286.823986311624
288.379644977671 288.445239399492 288.232620157955 288.183419551682 288.517999124521 288.387395055333 288.46403289743 288.717681487978 288.420621956646 288.213350206778
289.837635287544 289.739197003087 289.4773925535 289.362788824033 289.690487836541 289.502296629505 289.735799496595 290.076863458108 289.524691362774 289.4568310232
290.019016726039 289.860552841652 289.604155935401 289.619520697304 289.886369400776 289.675653275267 289.912071241666 290.333604726612 289.720042705697 289.571815553659
289.286303319034 288.882274755859 288.804290448409 288.804469159832 289.139054254178 288.8715134058 289.170194511 289.561593066228 288.888611294949 288.69575232145
287.765811249841 287.453877848838 287.417606569852 287.363431210216 287.791215135281 287.472644188603 287.703217950466 288.247107713586 287.620763147577 287.419034442386
286.149126212505 285.872612397154 285.740232311076 285.840110281742 286.269043337238 285.645721437988 286.236490198434 286.506782091533 286.099987681804 285.839442154654
284.636155972671 284.611482959992 284.494241127794 284.57496213544 285.033367255599 284.503514154185 284.526691823879 284.909501003184 284.693666192314 284.421236665468
283.616712300386 283.770360401699 283.776363391641 283.870569524668 283.916613696584 283.579738294106 283.694124767834 283.941890057351 283.857014521077 283.56619685946
283.458638979967 283.465774488853 283.403411985068 283.590577437157 283.573433142948 283.522488135872 283.621708231074 283.788963746199 283.79621181288 283.299914826101
284.017915916059 283.999453614379 283.898060314976 284.246213158562 284.127227006838 284.192575216353 284.133111513314 284.352025877687 284.341513353937 284.002422305717
285.204742028548 285.02368446128 285.062964661923 285.362595108277 285.459794207793 285.197218901419 285.138002270699 285.3805897608 285.296684062211 285.113381666729
286.606382872725 286.634572637703 286.575384469804 286.767745131007 286.775071271906 286.671127611822 286.480279482891 286.652198519964 286.724167606101 286.69637413944
288.415788215849 288.349492320095 288.130692032352 288.348903021138 288.541994229621 288.409497299196 288.244530282181 288.217165334538 288.565987223289 288.231040273001
289.646640504795 289.688044926643 289.403422606921 289.904739112196 289.787897012135 289.580195199453 289.534009464805 289.43276566821 289.756848059416 289.557741160768
289.848964842427 289.903858858181 289.663046921909 290.046842429493 289.948703181675 289.749881646101 289.714628291902 289.751248801505 289.991813228908 289.753834082823
288.99639053892 289.104009524044 288.991623851502 289.290315638261 289.162981918922 288.931823232603 288.940827680303 288.789863170752 289.146293810299 289.108299479856
287.624231011354 287.671361111097 287.638927728066 287.818490939859 287.728971397462 287.536965000374 287.531133327076 287.459896050124 287.903807697213 287.850607047707
286.05856301975 286.149470462654 286.062499039971 286.341062474418 286.07975258071 286.090600246345 285.944760233134 285.771605566082 286.126427986754 286.083387037963
284.511276254528 284.74954090433 284.712059142902 285.022820049121 284.658219712198 284.626903182069 284.317830110865 284.301773047559 284.676181830424 284.733685449634
283.779761709573 283.918239224097 283.88029275836 284.058979618939 283.692063937149 283.813065052959 283.563295878012 283.425726080652 283.647331280809 283.594263735034
283.812303951449 283.623239548046 283.554371099227 283.88920842612 283.539546182057 283.703156543053 283.522721925472 283.163131142135 283.590188037228 283.483279940922
284.39377800996 284.060096302804 284.243658401791 284.134724279956 283.837887540881 284.253428682085 283.995401127929 284.097654999241 284.169119717503 284.150559636179
285.474889703965 285.158177353405 285.311370378498 285.51261512609 285.1164116575 285.228864114413 285.004562561247 285.10676088733 285.236211718255 285.26860575813
287.069461851712 286.69203167139 286.94634836474 287.131493785091 286.519727329038 286.62782679752 286.67601770897 286.547832187628 286.625493212293 287.089936747184
288.973800944598 288.523099507794 288.641222532305 288.902517598686 288.266738922975 288.379583862562 288.316869944924 288.161407241392 288.399139264634 288.630654500572
290.594165628073 289.751113773909 290.019660611281 290.319733805107 289.566039146705 289.795410837414 289.594283039637 289.557569253753 289.550971679026 290.03873526513
290.731893023821 289.987416272776 290.217328789974 290.537667772469 289.71542155171 289.791092746109 289.793015166835 289.996082956861 289.845189188871 290.272873478674
289.838677370474 289.121573913019 289.518992081056 289.772594558245 288.855008430907 289.010370423335 288.949622793446 289.024091001463 289.090566244347 289.541873886672
288.274526224201 287.686605559381 288.135329170168 288.292518944992 287.551701866111 287.648320315509 287.434666120415 287.67542027699 287.632029533744 288.167600840837
286.6481477966 286.051131806524 286.486099532742 286.777593463152 285.959456185529 286.080428518486 286.126987217416 286.28280034457 286.058431201358 286.692025984149
284.848811947002 284.644650696905 284.883837385121 285.20456495138 284.587788525551 284.797190009958 284.710370452132 284.691562122272 284.797669752373 285.019696273574
284.177425916364 283.935623172373 283.968080047064 284.334949312628 283.724474359946 283.746495357061 283.691116362342 283.877765595604 283.977009076164 283.956188597239
284.017473700099 283.507937280081 283.860927342063 284.065393504799 283.537699064948 283.664131064728 283.683585968876 283.683564563363 283.500935973822 283.581711486383
284.552835035884 284.044503416216 284.226553308255 284.478410964108 284.324942871773 284.144222157416 284.202944575935 284.136157406448 284.223928684486 284.120014493666
285.455449405871 285.222885975542 285.340379803215 285.636601797773 285.146040368331 285.306131474137 285.389358843199 285.188500297728 285.23682826036 285.229530732664
286.750734459818 286.669538253092 286.907103716336 286.856242693812 286.779024151644 286.693994977536 286.984813656676 286.747991255668 286.631620162463 286.711167389839
288.569169506675 288.48711368731 288.85085613223 288.440156770994 288.568514075117 288.414034369029 288.877611807486 288.365859574896 288.544147031138 288.556870239159
289.9337520086 289.851849611987 290.384696910928 289.760245634992 289.770585178323 289.675149468393 290.045819665949 289.640028201144 289.881176909822 289.788437906863
290.112067851915 290.033612374643 290.591207496518 289.952175870156 289.971011223778 290.072839466688 290.325286682162 289.918194785901 290.138952055524 289.950794731332
289.120786781381 289.188005379106 289.636239777574 289.103321029106 289.07950093354 289.142728056464 289.53323111515 289.148774044218 289.31052151391 289.199631946469
287.693923858919 287.753754291458 288.060796746307 287.679189277663 287.672872443287 287.992919616807 288.016401535454 287.660080782383 287.972933415388 287.800688310422
285.983409297592 286.256711317225 286.630250453597 286.044217687027 285.997484550395 286.239785814687 286.217381968712 286.012879318977 286.3678509184 286.299504507279
284.564520587232 284.81006876563 285.110424228001 284.715150223886 284.614428774404 284.78887215233 284.80079004569 284.701002054249 284.830616821579 284.897507860337
283.546454558449 283.8574645077 284.036564526301 283.796702358255 283.646732591487 283.924275541934 284.165112636051 283.893746043841 284.009219835068 283.87057141763
283.286434607841 283.589474659806 283.686005806684 283.520490897315 283.479759776164 283.842267590103 283.611494953933 283.55366054716 283.858147728354 283.496928465001
283.845606552273 284.298093851671 284.088452996375 284.110206530147 283.979676198354 284.253888820324 284.052807381018 284.139653149857 284.370905369442 284.168079312289
285.121564835251 285.318288057811 285.287531750962 285.265010970595 285.197857610586 285.269320243093 285.054304569783 285.296065002595 285.333828881316 285.463841813525
286.460439159123 286.667381413138 286.747955610311 286.637510305605 286.748382057199 286.925238283378 286.445079409818 286.766825804226 286.968902462151 286.759576462558
288.246549763213 288.56540864795 288.33357154655 288.267418484033 288.246300358601 288.776208479042 288.130355849876 288.452170952325 288.787699433623 288.42281790236
289.650347019207 289.801546721145 289.605374729744 289.500438290332 289.625935305735 290.050234077189 289.491069377218 289.818097594657 290.121752363986 289.646607433822
289.722350282863 290.003107603177 289.894094160863 289.712344647247 289.851014178488 290.299882970416 289.594289294995 290.021330406719 290.2194859526 289.859426672875
288.862554996977 289.02581202948 289.093090064228 288.929612704269 289.075283730176 289.454928691337 288.83760973264 289.226663166085 289.428803144319 289.169807454625
287.464714517238 287.752236103351 287.573960997516 287.500829553301 287.751283601548 287.838246258268 287.327293164764 287.79183666622 288.099904749782 287.748734722471
286.008265645059 286.160302561959 286.042107917209 286.065921330655 285.932378026243 286.045486657707 285.815089535902 286.255598278891 286.627493754094 286.106484831497
284.485957599577 284.779870326334 284.67324591094 284.73163451378 284.594342535359 284.582257026068 284.516865665584 284.722862247555 285.099343566306 284.639222058006
283.705663796308 284.112791639895 283.586985035193 283.81294526002 283.76364124138 283.807202958619 283.752386730253 283.970278214169 284.084910912769 283.874570522194
283.467238668079 283.60999595794 283.502661537722 283.736505858604 284.024790611925 283.467145062948 283.208569496779 283.699008809504 283.691988559677 283.617000481054
284.058245865765 284.287449595582 284.142108101567 284.211358287178 284.197125406614 284.212612847435 283.966461017345 284.100652705805 284.361803857143 284.246844772996
285.370954107279 285.378627834398 285.055128705501 285.382711292415 285.251672052634 285.157988770714 285.275977919064 285.308755153468 285.577868240081 285.196783835249
286.740951510785 286.784854176006 286.643370112081 287.113338320433 286.849954715026 286.76894732425 286.542457401214 286.772729147296 287.050432836038 286.646172143564
288.520726635865 288.561774809574 288.310901173752 288.817321818499 288.519613592526 288.324533222404 288.232990931207 288.635542288636 288.784094456534 288.544827420034
289.783181242325 289.860827898317 289.577822054992 290.199569431502 289.910893600447 289.629862054379 289.533702652893 289.868613376932 289.972315983089 289.882525947599
289.916867924136 290.257020107548 289.787155258973 290.450548435963 290.148532452394 289.905008149948 289.796661766913 290.003583793484 290.138182497395 289.973583236615
289.104404817421 289.364631452948 289.112260715003 289.624454655377 289.45677666154 289.111127821339 288.969909352274 289.237415497291 289.355487863708 288.997347625164
287.725838577625 287.963121881109 287.579015734581 288.26159451591 287.952170869655 287.591978519755 287.650730072708 287.972492189556 288.02502342796 287.854115203715
286.277065108866 286.484697077309 286.005724830649 286.606715631988 286.385483610473 285.976443996391 286.223430487809 286.209020374512 286.362990152682 286.153852750684
284.834870865307 285.149101813681 284.635307300187 284.971857447745 284.830730775254 284.550468329003 284.714147320014 284.845221734714 284.671104942453 284.441356445051
283.869940274414 283.921889656871 283.654105465107 283.956150837893 283.915369557925 283.776353354592 283.738076411308 284.032683133345 283.870025765349 283.897520994642
283.733491569013 283.605732818864 283.515663786246 283.755594253225 283.854918909206 283.723214644568 283.623998395099 283.709643045414 283.55652764631 283.569506755833
284.000362021144 284.308905625062 284.087372593017 284.152981583345 284.234422058948 284.225446437764 284.33005707902 284.082348794927 284.144378118253 284.126828723884
285.31566951587 285.238710327305 285.243803160697 285.378480804838 285.462507879525 285.333359173899 285.403254489657 285.484841520886 285.239301347065 285.301718497718
286.996212668118 286.877468466846 286.647877429477 286.857934248554 287.129690407909 286.890993199102 286.962108957214 286.888663915915 286.595237450392 286.686958891323
288.670639565474 288.624189544232 288.393738055058 288.575302366128 288.699150572209 288.489919648117 288.389269300388 288.521672906599 288.20911524806 288.527550427691
289.950435888757 289.889225122863 289.697618680494 290.056215611089 289.999411069861 289.869407543729 289.787222593191 289.755811931171 289.565162611886 289.7252133189
290.31702481616 290.121292364998 289.83737369149 290.188146767576 290.315940621654 290.143634484833 289.973719818206 290.000215903292 289.779741961879 290.100817641398
289.460281890309 289.472882065145 289.060335296537 289.387693064471 289.335088144422 289.250275616619 289.211597753658 289.19068215052 288.899864736798 289.291254602401
288.104099738065 288.201748519293 287.588575034569 287.969122154923 287.821114510879 288.064327988386 287.826166290856 287.731712154536 287.407743780476 288.002914390875
286.45763527546 286.442832583473 286.085664354477 286.372040880623 286.175487553449 286.339547357021 286.318116189516 286.159124605326 285.895099893375 286.350575791774
284.850241115965 285.043874317426 284.636269731888 284.788831093832 284.631221428209 284.759838008865 284.809122468687 284.649644681081 284.43657654538 284.86353351041
283.838919770534 283.997571326651 283.78690892085 283.906919368542 283.793865979556 283.895766831727 283.877897552301 283.56844469337 283.449595347413 284.100198952905
283.507404094044 283.781129143451 283.486499822147 283.742332922227 283.435147416127 283.68552444057 283.586016876482 283.480939292764 283.523662032217 283.81328322401
284.279367064423 284.421775530187 284.118237290027 284.404193006837 284.013570239934 284.311067221002 284.170332673736 284.045648877862 284.174519604187 284.21755143656
285.2338058575 285.272023934442 285.199775985897 285.514333999874 285.208865711116 285.33727762165 285.27550771604 284.91952912764 285.231062221794 285.399486164628
286.681035553147 287.220033257076 286.806784045841 287.191317777627 286.631600111088 287.065977900551 286.755078055723 286.448008965917 286.902284134745 286.817992572136
288.392504425544 288.69819983099 288.743070249415 288.80205184622 288.351202570621 288.895733412792 288.488972580875 288.123857697845 288.543908623976 288.574953239316
289.804820185027 290.032747734256 290.024671408385 290.057495849363 289.708535508356 290.079134373282 289.867438888632 289.633643001578 289.811358972109 289.885801464492
290.125883435442 290.249386536583 290.243485466343 290.346320476635 289.858577775677 290.414138605185 289.929197333572 289.770059371103 290.113274767556 290.054260878921
289.186404557035 289.553964670128 289.442806636688 289.418284263168 289.251242699537 289.588653187545 289.202476456891 288.985595504746 289.283340289258 289.300341095214
287.946278299637 288.125876120664 288.016822053536 288.030118081806 287.73323705559 288.282817954351 287.855948015698 287.594439379195 287.796901996605 287.959502439924
286.242204826308 286.539092577788 286.401096753212 286.521934203988 286.150664419673 286.66988553205 286.184269153759 286.052216260361 286.355643815475 286.215346985174
284.997538427933 285.064157325695 284.842989093428 285.042239145127 284.645955725431 284.997972287562 284.700460979925 284.834681323602 284.796085948768 284.818689160999
283.948369186596 284.025026869436 283.987002368434 284.129083310607 283.695996345208 283.775920924934 283.50780505475 283.971670283867 283.950443671137 283.838941473762
283.697686225428 283.625310275837 283.726605930973 283.634990257194 283.395073527798 283.624440253373 283.352265537316 283.443406617348 283.738999839367 283.695763045374
284.220293955537 284.046603618358 284.101901906986 284.365759525608 284.172092583251 284.206477799578 284.016217545347 284.251297519811 284.179089020825 284.028974509052
285.195231598216 284.961037356008 285.15604042429 285.257497670774 285.343975963387 285.236764242821 285.16751780799 285.322347781342 285.399924056969 285.075035246072
286.526768510502 286.543898801309 286.779814419561 287.032906494028 286.763020623075 286.94992001 286.568071255787 286.864452395602 286.720681786477 286.712316515667
288.297781137033 288.164637026166 288.395009283189 288.763463873802 288.407706123532 288.602456074526 288.088675885181 288.634734664171 288.355172932346 288.525871221549
290.09978617714 290.170046909954 290.205839021696 290.167281121963 290.15007793289 290.149145428911 290.136632198293 290.201960817857 290.282909565189 290.164407566503
290.427086386388 290.342968655169 290.403300931665 290.442953755543 290.48106309358 290.509345971184 290.390864394937 290.394701259356 290.494089337283 290.40682116598
289.603293905931 289.3326069642 289.56151877838 289.563615178157 289.589054393101 289.554842626676 289.510621509856 289.549337077144 289.557325142533 289.748126545394
288.176199896209 288.075699597084 288.167575847896 288.196140894548 288.359668291267 288.046666390196 288.297348848291 288.240322272337 288.362865769559 288.315923723389
286.753426829525 286.638933148766 286.678128602254 286.592279842441 286.850031259414 286.857646153417 286.726986250315 286.56482220326 286.744967819668 286.787139533421
285.289619491992 285.213469433406 285.204313868857 285.54817904304 285.209075135471 285.290589272396 285.490948336328 285.391453935491 285.355847824333 285.137027467596
284.526081458265 284.534199539866 284.418576279621 284.307449227656 284.343862269238 284.395044450457 284.354295000632 284.354310125304 284.500215620601 284.418837982361
284.178065335871 284.252636905865 284.197515923225 284.239501690891 284.233517480626 284.120628734305 284.302783751073 284.292020417637 284.288316814636 284.492333218617
285.010491105692 284.838931559968 284.855856591416 284.872442888452 284.820850999345 284.825594254886 284.772148058289 284.746199070273 284.607345310215 284.854532466253
286.086537751606 285.908016068316 285.797568979556 285.890858287665 285.808646497209 285.953209200511 285.886148055515 285.935016692507 285.689812563281 285.856955069043
287.163075042331 287.483495753469 287.303493699359 287.465238844412 287.403229871418 287.406140655587 287.357910218452 287.371656657084 287.352073378703 287.290113210594
288.82735875505 289.194918349354 288.932363591133 288.889272383173 289.090087590792 288.974423665593 289.054417706508 288.977790308255 289.102395328822 288.959916049489
290.162105533033 290.566954720359 290.069751734164 290.190304341689 290.554045619369 290.483146469218 290.308680395952 290.236125588818 290.526292785717 290.235387322914
290.358382562856 290.745376668016 290.397966047914 290.515227956874 290.548260971579 290.610093964808 290.598857724725 290.437748710855 290.461052980811 290.322718174628
289.535617876231 289.894344817131 289.522145971411 289.635263375917 289.740437829925 289.779345422225 289.735468184589 289.564418289651 289.725285971662 289.482331476528
288.2308863923 288.442090001389 288.168607374457 288.454948185191 288.552813878082 288.364293684317 288.341421351567 288.420022459617 288.514589778633 288.16780006201
286.655342459894 286.814429861404 286.615440091974 286.848316926758 286.936112079376 286.773719930462 286.62945120047 286.604539355437 286.972408008188 286.792303339935
284.947894608497 285.331547383062 285.078949783465 285.253124783864 285.3813977909 285.122979767594 285.459048217668 285.464223968713 285.447620995822 285.242549462171
284.493957318294 284.407078901593 284.421074814564 284.508411060284 284.551875023673 284.34922175319 284.662942351355 284.329787410001 284.435960886249 284.492581590735
284.31846151772 284.070647632635 284.115317701587 284.20745524722 284.286526235879 284.288221219167 284.141096439077 284.247295878023 284.226975013272 284.318898383305
284.542772854765 284.631691264456 284.608947784503 284.716972740617 284.581923258555 284.744030959339 284.762793033434 284.609827720649 284.687691864508 284.677757604072
285.848229571014 285.72132951146 285.738244377073 285.690636158091 285.785300183015 285.638503362294 285.977047471565 285.826100424085 285.805717445104 285.651818598153
287.254633637535 287.210192564778 286.965065304184 287.021953896773 287.160091801469 287.116455487306 287.382070185531 287.345899036191 287.36789417168 287.229022518508
288.889722844445 288.806389340148 288.815864154053 288.855858710647 288.794839336224 288.92784390892 289.104000742688 288.918057957665 288.919271536143 288.676759790445
290.176727213152 290.010463293694 290.117431785227 290.125837296177 290.070960097923 290.196512906471 290.324283902084 290.242414036289 290.212070018071 290.108820895004
290.590679555525 290.11958530943 290.411559948094 290.224732999547 290.215164900594 290.415323131208 290.645100597334 290.556414646923 290.363560182577 290.196680655358
289.728877384357 289.431734599104 289.647345837592 289.600041064092 289.442338323374 289.420935884982 289.782997428909 289.79165451507 289.610961525534 289.351516258215
288.246982561181 288.099506089796 288.36501243391 288.247434467645 288.099286612333 288.104156561732 288.485967836118 288.561645286297 288.249518831004 288.083682539397
286.533621944438 286.50077798635 286.630693425883 286.939599933076 286.682044665821 286.549089501433 286.908141926834 287.021750276511 286.798857099672 286.668481392109
285.212236063895 285.007133640141 285.137488755596 285.30984021894 284.941114583528 285.353727705162 285.271590500048 285.646919500431 285.438835272583 285.171614787638
284.385310488446 284.200101744276 284.258458535964 284.376837377513 284.365213812134 284.379808462037 284.273710608193 284.487102439617 284.4381120406 284.200798403047
284.034733425677 283.902399691576 284.021398205822 284.24637733568 284.146643757598 284.029882435846 284.0170227401 284.277648973919 284.081888509509 283.851294856917
284.748937951801 284.468678284221 284.600327254983 284.689476032716 284.725305509725 284.338213052316 284.568100339056 284.810997592043 284.504064581768 284.671631004877
285.852550754666 285.438707484598 285.675124231116 285.917754042939 285.549204636916 285.657558646657 285.466709531525 285.722438918934 285.684807915361 285.524840536256
287.374840965864 287.171401792813 287.031369055025 287.654933665961 287.082520949381 287.174152020173 287.237142672371 287.353850824776 287.281414262807 287.013176700993
288.888948119872 288.84053841922 288.839363442093 289.399185730158 288.780058138091 288.789150215156 288.667564410515 288.840099006035 289.204349946414 288.786514887354
290.319714085793 290.173708198676 289.963359031045 290.786730917886 290.146591428507 290.200481394722 290.156431736747 290.225671879707 290.387041953167 290.320364018817
290.482818309299 290.375821286516 290.256360750989 290.963611173799 290.394356991328 290.361770426022 290.363671582718 290.45739205025 290.803704606957 290.63109338684
289.796238279105 289.543347311794 289.438038179181 290.172126818666 289.658592610466 289.615565135767 289.607476424154 289.622302246092 290.027159880951 289.621923086709
288.554172746857 288.221000677404 288.031986352024 288.8283730348 288.190521925403 288.255614769331 288.288917324143 288.283867793286 288.547926422923 288.101197073701
286.993461702804 286.778456847599 286.458975077289 287.234709181584 286.715540132767 286.699749349309 286.695027278766 286.839617040537 287.087621314852 286.596839626454
285.557846213219 285.255600470613 285.093684929206 285.538904707607 285.289424267414 285.276828084545 285.195258597957 285.180142006845 285.687853562814 285.01921695152
284.705627400821 284.149527893486 284.0231334719 284.63108351977 284.413699536084 284.301255953452 284.084258360073 284.185648348617 284.66087710575 284.11542992093
284.570548364344 284.326038985034 284.05502034873 284.244146442742 284.0584265778 284.128754115565 284.091616089886 284.111312588154 284.000626337852 283.806109446024
284.871301383079 284.742000975988 284.307862005499 284.597002991698 284.510498510812 284.476873106029 284.827042073375 284.465261839801 284.705639418143 284.213485794331
286.095163637758 285.974935325629 285.508873772754 285.574416904131 285.767716463216 285.765523699581 285.774523540679 285.533774366876 285.631230123405 285.738335127232
287.765363205885 287.51861831503 286.955299680034 287.05532239038 287.247481878352 287.282687941907 287.359962248653 287.155808842464 286.998586672775 287.125911503657
289.510813850355 289.307685007676 288.625756007297 288.853118829504 288.904728608192 289.21344467051 289.055479020418 288.750824665507 288.561934307749 288.929127065241
290.934454777656 290.824488719704 290.038810703714 289.988341237663 290.253581006115 290.587168476867 290.401426502534 290.097237904597 289.779299552044 290.28028977144
291.248634284608 291.083369803072 290.056086208855 290.198760218884 290.370281893336 290.816702203192 290.576539558453 290.259704321604 290.132434136684 290.474471149289
290.35636957852 290.206872415126 289.242109560438 289.288329493069 289.596945793132 290.030503061962 289.742125741599 289.332337391461 289.190007533916 289.720350138451
288.935113960608 288.799384693079 287.898074775103 287.786069866558 288.309816262189 288.558705489599 288.413761619247 288.054175421494 287.760576932693 288.365003444841
287.166978570592 287.12932030305 286.383298740811 286.08788243286 286.735485132531 286.808283574622 286.751199760316 286.487590023163 286.312703042807 286.554203484894
285.654398689174 285.522859702799 285.049917397523 284.89497064914 285.316413131057 285.496087666972 285.290520201413 284.974548680424 284.831319508747 285.148121836156
284.458445784661 284.509954129382 284.29753477268 283.950582319536 284.477947755794 284.503545896399 284.310911127787 284.035603803082 284.034686434554 284.302687272377
284.097059398337 284.125390031231 284.040447743263 283.678606800714 284.233036181974 284.029100051699 284.378494299996 283.864093737733 283.735578554872 283.847163282675
284.819537254622 284.659513444559 284.57715551669 284.245772412939 284.621290132552 284.643019579615 284.742949434135 284.4718901741 284.373867177308 284.518067854577
285.596403358671 285.771242237594 285.732921926705 285.498134963857 285.808041966758 285.485236342132 285.732679065739 285.541654565907 285.260416788042 285.680925094363
286.961310272239 287.081449755974 287.414844696245 286.959322434059 287.459572383754 286.923864256841 287.250846411607 287.011888816281 286.923743566804 287.158177480971
288.64513062166 288.612795737788 289.4585078319 288.547152308983 289.166324652674 288.508896890929 288.860341555315 288.772391001032 288.582115069749 288.614136425992
289.865631683871 289.809844215239 291.099344251978 289.934166744462 290.540155083641 289.80336061546 290.090392878598 290.107310965605 289.904395335563 290.015965318304
289.973064417079 289.966922518913 291.212215898915 290.093438185663 290.673095117811 289.892045184977 290.28185862255 290.079620004358 290.145764725929 290.200216304478
289.267819366373 289.285178468038 290.363649235717 289.252726275217 289.769731961188 289.163521726635 289.54558695854 289.213383415706 289.274725678533 289.366656418841
288.018367554328 287.905749860924 288.697334599415 287.897977663256 288.343350829003 287.649628824219 288.183763142055 287.818045879497 288.009362920214 288.04145030257
286.392262065256 286.453090842126 286.997984244299 286.331657932569 286.5772523146 286.386603089681 286.592219718372 286.227417771737 286.552645387524 286.343675553666
284.9086027205 284.795159959026 285.752293075965 285.076584870677 285.325001972613 284.976196383648 284.985688998835 284.729262779785 285.098680191245 285.151315149568
284.04950346685 284.189618442538 284.52938442966 283.841819398727 284.178730364205 283.965988035404 284.161000047415 283.910393095416 284.145355305982 284.026674893726
283.983170334584 284.075573654022 284.256859470455 283.742229297717 284.084168541569 283.935389084684 283.860206290487 283.626042362667 284.00356210659 284.00830924904
284.542449552596 284.556958408274 284.587673009237 284.354520715288 284.417555812984 284.461291242019 284.537387677327 284.344647302544 284.522249877626 284.428205844507
285.516105434207 285.447217986602 285.865629019186 285.671836633742 285.642835326523 285.418279701189 285.648885126637 285.410706672146 285.726607952231 285.564625581361
287.155610946981 287.067216865935 287.198047648112 287.23084659264 287.087776640348 287.007365765842 286.936821026095 286.867805203143 287.153464016477 287.357751865587
288.675393707761 288.945503444339 288.84596211538 288.841262062313 288.608633136812 288.684262974236 288.5439278989 288.556782335999 289.096412943313 288.963599589292
290.01001389959 290.354768812814 290.181671250868 290.16160514353 289.963936791227 289.995202388405 289.777056955109 289.765233719725 290.6119802074 290.444156436363
290.203396057747 290.5517728966 290.329275087309 290.309252973331 290.274384390822 290.166158469452 290.164301320993 289.952974782301 290.670355364107 290.719542886642
289.307315987046 289.744000139466 289.513675494229 289.431705387087 289.298822348131 289.27323433604 289.385527712725 289.295459379043 289.821902277615 289.806520400862
288.031618041523 288.280167586207 288.073839534616 288.31555480689 288.121351069357 288.09627245868 288.213896727281 287.908104538388 288.328403888397 288.509514623617
286.776082515817 286.617191194685 286.558843741762 286.6373451451 286.519180203412 286.512844991247 286.623932850442 286.394089446017 286.772515926132 286.84959668204
285.269209383349 285.137331214515 285.047223045527 285.249573420873 284.989096905952 285.151568679113 285.146961353496 284.924712298375 285.249079897364 285.233003678292
284.397314081194 283.993272251917 284.053279729426 284.3443046646 284.067743948972 283.968224952129 284.22909412864 283.945553642298 284.113643980796 284.306777947454
284.195084608329 283.866712630006 283.930575087039 284.043057218137 283.912495359149 284.002740669084 283.80008190895 283.786418731048 284.044438988845 283.903674671533
284.612047358744 284.58781068578 284.351852516774 284.515532345128 284.39304835843 284.492500274862 284.471486068452 284.434571012811 284.390465804581 284.446319142412
285.662403232073 285.604319697249 285.352939924536 285.570778086191 285.667323215721 285.640356556289 285.645044348186 285.631992724853 285.476850879697 285.594588305978
287.231285906977 287.063836173276 287.003706561685 287.448943815683 286.969106412608 287.054479833653 287.013895745542 287.151383325011 287.09052637948 286.950903159386
289.079608857426 288.757637669683 288.718654586405 289.122991741123 288.719367495946 288.687008371339 288.846438038188 289.048437669051 288.785773515213 288.668055083932
290.454503126709 290.018019603093 289.943790629438 290.44870782851 290.042104208599 289.986187556029 290.135450213477 290.396650700386 290.138106957104 290.052150390526
290.497005552708 290.269613746731 290.215362112622 290.663510933128 290.332414656965 290.432081178186 290.38878367852 290.594884641422 290.356745115754 290.21489716105
289.645521400149 289.532904373004 289.295840384588 289.890661605487 289.545751240689 289.602967606314 289.62297932786 289.86564977631 289.63720817833 289.504907016165
288.328536729748 288.250556569345 288.058446208326 288.257621275234 288.030817816348 288.380801597513 288.265916740951 288.49125991949 288.131392828159 288.134722106798
286.65369796564 286.54278271026 286.528082194111 286.706688818548 286.604019836967 286.67142971983 286.704344987735 286.990084719719 286.508901230922 286.541227820391
285.185218099392 284.986911396065 285.153709813246 285.277079990058 284.98223758223 285.099603295802 285.21026505827 285.388009771106 284.881095920986 285.12789598569
284.123249433735 284.216215254293 284.230190392642 284.167420309819 284.217807325329 284.20066038178 284.311580046749 284.360186329002 284.082914371263 284.153772004808
283.873048014498 283.969921939846 283.990945348265 283.8664393593 283.94018226273 284.007252125433 284.187134774348 284.26215220905 283.835353165851 283.842475563953
284.575485488186 284.406208718145 284.65994432397 284.393479298728 284.62058177341 284.548639641424 284.564754451504 284.512073950967 284.35006960505 284.301005125793
285.625394344127 285.50198585459 285.723148845218 285.663336569589 285.578157198219 285.480243603131 285.633871016501 285.840638194535 285.644838075924 285.315849607929
286.913804932801 287.190897987925 287.280102581927 287.014163244091 287.048726737683 286.919514767233 287.343975800277 287.401968640301 287.158671789456 286.722231731705
288.655936960931 288.87724378081 289.006872917349 288.496197900366 288.804736569299 288.667508550201 289.380130105904 289.425186881927 288.768465256299 288.332045967807
289.980282169449 290.186019065227 290.436607096981 289.70943579653 290.174923941803 290.121958742624 290.847097563856 290.819718730936 289.994730967622 289.654396019356
290.074375377339 290.443220254469 290.59059583456 290.091368588916 290.396424342078 290.284264130578 290.980163523943 290.889709577636 290.274787904168 289.882406432131
289.235338780369 289.736030623471 289.754371947564 289.246582634715 289.61767252715 289.449873740734 290.076398409194 290.062502206813 289.402966090202 289.193923674014
287.91856447613 288.353032546128 288.260970745526 287.807172006343 288.430477454419 288.001158503606 288.620265932323 288.639279037605 288.062052980495 287.882825559225
286.385643691468 286.803075750787 286.581045984213 286.34109765415 286.695895268363 286.517607015953 287.12450001332 286.895413392901 286.510501569575 286.096952804788
284.945660521982 285.430429798791 285.208578843206 284.931783908798 285.29515101808 285.155874559404 285.463747210695 285.356637781493 285.103428522916 284.860527767126
284.097304906823 284.43606361818 284.052679254022 283.90178741045 284.459455131974 284.228043329904 284.435383151115 284.387946678027 284.174713271765 284.059722168752
283.894930429408 284.193725879337 283.995639394639 283.821865984036 284.307218713961 283.835906178386 284.220522917838 283.810595432385 284.032376814871 283.674700684792
284.41470426153 284.778422479835 284.368905817884 284.225594678673 284.569078117097 284.443844528573 284.648757213184 284.412337474968 284.344360201625 284.519252848793
285.524227845066 285.793825935563 285.547351997972 285.419001635154 285.696760250694 285.689506018709 285.64726816683 285.51477634166 285.480988936321 285.404739304432
287.148733265816 287.336600167536 286.98359272626 286.809187521319 287.474972107555 287.15229801161 286.975207852216 286.84756977235 287.013287920821 287.02137940803
288.73291001984 289.042863857702 288.679746816826 288.526306741935 289.385981498195 288.878934335966 288.747769358395 288.562902706563 288.563646773408 288.538340645023
290.12244188153 290.343664604964 290.068189740004 289.977781268994 290.850349211275 290.312581585669 289.920635148698 289.894507322488 289.851904843264 289.813095939237
290.130713093439 290.396541472483 290.35529618066 290.094214523257 290.988543759154 290.413862885918 290.061981598914 290.122965238817 289.95708423942 289.954081848468
289.393275873871 289.414373001868 289.530941099257 289.482765142223 290.208716476443 289.600322042949 289.16984561091 289.336839138795 289.192493568216 289.249765693735
288.063207782787 288.17302611142 288.019169564082 288.125667530021 288.704742374801 288.258015374439 287.903603225777 287.630667804451 287.883956023724 287.922065818786
286.656341804086 286.704839539503 286.409366016878 286.44006689644 287.072846141784 286.77456466943 286.341623018676 286.102008756543 286.327870755058 286.358389677132
285.199388037529 285.221442744213 284.900106500879 285.069046435213 285.668282013931 285.252831413517 285.000431601372 284.802540333808 284.787507398863 284.935641126125
284.121963872011 284.510636614689 284.181609478574 283.994268462972 284.649211861046 284.322259928168 284.014660506455 283.93768502043 283.80324230533 283.962525304021
284.110519811669 284.079377894318 284.017534567013 284.067299429583 283.983785004055 283.985968617111 283.899277619607 283.744946538779 283.669729743904 283.790685708739
284.711753479075 284.351205693853 284.426483276002 284.487024501883 284.680944633661 284.523664450825 284.373600850416 284.30786897968 284.235051413598 284.349480285968
285.787885222531 285.607280988147 285.632455832011 285.5497226 285.664133359849 285.688550097546 285.440872065968 285.363440481142 285.293180431898 285.478398763336
287.44471467893 287.120284242854 287.166523592518 287.092078469719 287.170007613145 287.187372739989 286.973260353363 286.872451960523 286.778701418465 286.801270848554
289.27045795353 288.593484395975 288.669835575033 288.962734452884 288.796421731842 289.01838415917 288.636137953715 288.533482537545 288.493404937282 288.703911135384
