289.168676113167 289.616163367325 289.484644927683 289.390162857468 289.732666178265 289.68576860558 289.479023589091 289.660119609606 289.579821020423 289.757568688526
289.992578820282 290.236195005856 290.115737643323 290.319492400334 290.246686232778 290.230029975657 290.087591544767 290.396471760492 290.129310592222 290.179499501229
290.704964079647 291.08944875525 290.758183003898 290.756479039603 290.991796956029 291.243454107544 290.859072897275 290.90572382438 291.036133081052 291.004194912087
291.32327476615 291.953901069983 291.471362452473 291.571063474095 291.980274685064 291.80404319751 291.500763673231 291.525483487126 291.624892242339 291.641300958571
292.189795226183 292.577994446965 292.137182567215 292.230230863394 292.411814337786 292.494344903229 291.98111635732 292.160797364084 292.272364189722 292.306269667568
292.698657362929 293.100084470975 292.779189730518 292.761442681264 293.013071264784 293.054839252362 292.557361185524 292.619609203403 292.877815625156 292.791012770507
293.134640946609 293.402534895002 293.133143224494 293.314799227155 293.466845158617 293.415772465351 293.024192424996 293.032439757844 293.281806682851 293.213269674115
292.903975985311 293.213925980303 293.090353920278 293.190746466347 293.43950350711 293.37026189645 292.973909556508 293.047707868377 293.138109969249 293.133131348916
292.131327420712 292.560269230918 292.40195345207 292.431195032347 292.71159754961 292.860488018151 292.355046195892 292.422479490421 292.254611686968 292.439332820204
291.153683358536 291.501194563015 291.356429954352 291.343274622103 291.765389247156 291.708616641607 291.364312600314 291.342292346128 291.202094575872 291.38537298749
290.121203427976 290.233703274205 290.334697475473 290.233470857653 290.699716139818 290.747798466812 290.246620296903 290.237440548694 290.089639398793 290.224582429104
289.485486044696 289.459607091637 289.583736566852 289.699144523136 290.048105699069 289.955683477996 289.50735294166 289.63391887164 289.463111212454 289.753005766173
289.190483185338 289.248716994655 289.63599733631 289.495051067041 289.924885645205 290.009084076226 289.670511293655 289.677528275354 289.395021301208 289.740075276677
289.737274931455 290.093655341055 289.940557245471 290.299505478585 290.555749721779 290.590364309261 289.978078892629 290.289848767639 290.001988746316 290.1783218475
290.747380738646 290.701818366227 290.711421053144 290.970997171865 291.667086688789 291.595367846316 290.910447070329 290.94762203404 290.787888416571 291.010832794854
291.631069813723 291.412799772762 291.510695025944 291.713403561655 291.905759816266 292.100858515529 291.869047919905 291.716974146195 291.478758955658 291.751775865563
292.140918681628 292.048616346116 292.22453983364 292.159622974701 292.592056382488 292.506785309199 292.292755343506 292.387225357809 291.970584521825 292.241155211212
292.862508036315 292.63575648888 292.752024707213 292.909716465861 293.111835490567 293.010757474812 292.82702653792 292.991140408943 292.795282391076 292.842972838637
293.261185681012 293.159758302227 293.248623757122 293.221209422196 293.424374635347 293.199378582015 293.276659195552 293.345061985344 293.137131689554 293.364775839372
293.133207876016 293.105651169569 293.156661041443 293.066220761129 293.230295986834 293.048773159986 293.237023222089 293.163028117817 293.031231233533 293.262349646975
292.374874611953 292.446290167551 292.362791724904 292.272631102485 292.536190754278 292.351939355479 292.546627272213 292.461610821225 292.404521123727 292.638455912481
291.446913525644 291.276790279443 291.365023321969 291.186782864131 291.35594143677 291.285015142846 291.344996857673 291.406713827259 291.430231427982 291.474760923575
290.344200185746 290.129441122751 290.307450318322 290.021845844902 290.210049935398 290.038831886201 290.19981827881 290.310640309231 290.277659641964 290.444175937326
289.56104181783 289.546460896362 289.480320726298 289.271099068631 289.679261418822 289.501999510334 289.741676868146 289.641628613443 289.661114339969 289.908373656715
289.567654669077 289.461587371072 289.504316359448 289.590127272508 289.604588000532 289.260043952789 289.770134777834 289.593041848539 289.422052330591 289.565309540542
290.047322435889 289.999925403092 290.177932043286 289.914462451261 290.19733625097 290.039784782782 290.411559138015 290.258585687858 290.209321510979 290.320780747425
290.807718406359 290.840694474934 291.014757494902 290.627111123874 290.861679731982 290.865535145177 290.950684993376 291.037181484419 291.076413707591 291.223291020328
291.666259888553 291.661203829953 291.570280174273 291.342668877733 291.591006373977 291.539428202299 291.80209188236 291.774564884289 291.497299872894 291.984414632024
292.139032046803 292.215441014034 292.081207729292 291.931535584325 292.149661910148 292.180626434665 292.407527267001 292.46425489547 292.368458093256 292.539339310448
292.800103576054 292.77766671414 292.766561774491 292.585363327826 292.865894509512 292.711213744916 293.047456377183 292.977092245792 292.99206201734 293.083917062743
293.145166638963 293.331515876228 293.250286068092 292.992527267221 293.348854596696 293.176214041108 293.366600594053 293.334635614556 293.352632576639 293.383003365174
293.024606427853 293.315948734179 293.071179001349 292.830001841886 293.209383402491 293.121265472669 293.359109734071 293.246834938828 293.162354561947 293.23319157599
292.270266930506 292.588022572519 292.324450044228 292.134018834206 292.547739064615 292.505490943951 292.631376317708 292.638507847528 292.532953548956 292.456868572064
291.123990994555 291.596344948435 291.409524319118 291.159083193458 291.482126498156 291.325965529779 291.49490610491 291.513013753004 291.529647620941 291.473637079906
290.253133329735 290.337453730103 290.353281281467 290.084476608445 290.373576834992 290.156386135174 290.449868959317 290.495975219345 290.397585000541 290.447078570837
289.474116162862 289.866362033966 289.674619097501 289.456501610491 289.713615527184 289.484439322338 289.900613090967 289.756569561928 289.671361175479 289.57469142427
289.501704520988 289.943737230892 289.489157915435 289.385663761006 289.406249007506 289.761989270433 289.915264411658 289.881041806705 289.848061923849 289.425277152073
290.284760217743 290.545032801562 290.271792070655 290.068498780213 290.137856824521 290.043802107275 290.404379817231 290.499575386199 290.50952977854 290.148577788448
290.82195201782 291.555690609746 290.858127998043 290.842297723365 290.977248767217 290.991420171155 291.236392990092 291.432957811245 291.433028445793 290.786387149255
291.405261438364 292.115422535117 291.659432157549 291.429158544456 291.725842107577 291.558716006106 291.986233353459 291.982952256216 291.923961687522 291.618295141347
292.076605760275 292.528598161538 292.385945507758 292.088046960334 292.404437722174 292.130502210616 292.571971768775 292.678231796825 292.482122231211 292.332182293271
292.641345299633 293.201756810265 292.942875523252 292.826076685454 292.872224508867 292.636856613275 293.31000437933 293.24924388879 293.137957336446 292.910051667897
293.126366190555 293.534039317119 293.508261152257 293.285653902618 293.355947033434 293.007425658388 293.761269704958 293.503096398438 293.491153534826 293.141938326448
292.919011323836 293.492721641418 293.359587082106 293.263476602236 293.261517654959 293.008002567781 293.605726606631 293.340843960087 293.522373030631 293.184667728472
292.22546370695 292.712783208115 292.671412394529 292.59645533464 292.617376131029 292.202558575892 292.855634848702 292.613225089338 292.858014519381 292.481558265555
291.24291828709 291.626998719168 291.704723147068 291.51172491498 291.490185280504 291.177775793526 291.814167565938 291.482335091835 291.773851565834 291.508298331038
290.219186884648 290.402290616142 290.604078508695 290.54437023692 290.406444569678 290.127719533922 290.746036049947 290.209780203295 290.780539972681 290.379534635452
289.508404675085 289.784648293804 289.886154027412 289.974219020176 289.760237333621 289.466845643668 290.121564756546 289.228038535834 289.925753378395 289.647099357991
289.497725077776 289.775757459885 289.970340563103 289.566080545764 289.879972702522 289.285005590312 289.853162464162 289.518217277693 290.048269081062 289.490699608368
290.035146585737 290.278050299321 290.39726923601 290.487948769429 290.213875978674 290.023033639853 290.650948605222 290.078810169107 290.65822384431 290.274954359627
290.748037204591 291.025328861385 291.324940150253 291.084425934884 291.052078581026 290.742933096679 291.300056125736 290.990101938791 291.256049635604 291.09236399244
291.643743294379 291.738110208053 292.102014066823 291.721543405302 291.846648605791 291.534936119473 291.901545374531 291.669896603723 292.016268255027 291.899323575062
292.208610555223 292.351650481108 292.700427903042 292.452683314978 292.359345658745 292.176961534999 292.618230490548 292.096874242841 292.682692662963 292.443459070934
292.858057137072 292.76760820706 293.297919178101 293.006790139184 293.119733169266 292.886328308571 293.135430268154 292.68034118337 293.195671032498 292.940616425259
293.115410238625 293.205822974192 293.496772986136 293.293008436474 293.518237471434 293.378455725448 293.457918777135 293.060142973676 293.486835829346 293.342790225868
293.031810627434 293.128020449205 293.383897607246 293.263614279463 293.375423090977 293.335885606061 293.334832636622 293.101098043322 293.271826622984 293.138286883712
292.33880893088 292.502868410741 292.599806837631 292.543049518976 292.691403763522 292.665919253958 292.639105223614 292.376391431658 292.575752434291 292.422190904028
291.256754707887 291.540072991998 291.535868110362 291.533170292196 291.795726971974 291.571243217445 291.534991948825 291.332669141527 291.472356455164 291.364019411782
290.222916087592 290.263024739087 290.310148527373 290.52429260867 290.479129081956 290.500599549944 290.397320000429 290.364333675249 290.262553559307 290.18263742052
289.855670822917 289.65815268861 289.687511121368 289.556568169356 289.774719541874 289.811389302001 289.621097721742 289.398978421219 289.593540941863 289.583744893488
