289.888407268924 289.79334122628 289.865330323052 289.737545836652 289.755731142862 289.767225382319 289.650576871052 289.871210669332 289.665504200618 289.725878575137
290.495093647113 290.430826835539 290.065860098058 290.178417956381 290.508231826576 290.44942719663 290.395634934345 290.571500980521 290.074085124869 290.478373756947
291.25484599608 291.382111103587 291.097682736414 290.824573506 291.277446916077 291.183096086017 291.245866202187 290.986629267307 291.028838687936 291.058433648799
291.970042407101 292.03091443826 291.802068447589 291.628722261876 291.78887412633 292.011450341733 291.856931732493 291.908775522323 291.753298698492 291.858193851812
292.586752958253 292.479878622558 292.429654196237 292.284797249384 292.437938749208 292.505222394182 292.412648359708 292.386648918226 292.288505374758 292.328642625453
293.114347877113 293.091348251006 292.935973514751 292.837825211215 293.011419404888 293.012754328391 293.044983091351 292.926149393253 292.918413918584 293.001067295795
293.42115989048 293.356188689195 293.241092077161 293.261969073121 293.268852020402 293.430923795233 293.39530441735 293.404072471668 293.171488188659 293.197103878969
293.269649489392 293.120670748127 293.087578799726 293.072272786157 293.086369283127 293.261214444141 293.215423288402 293.224713610512 292.996552158188 292.987063817797
292.5637549072 292.414482316487 292.246581343035 292.472137703139 292.275247505158 292.487200244304 292.56622872262 292.615702761858 292.30389478861 292.326428548173
291.481056827515 291.262415153563 291.246798758395 291.373853658889 291.481668475103 291.352890648082 291.359155721407 291.54294960221 291.186002723967 291.179733725633
290.245680609247 290.173211580719 290.034636756151 290.294270401055 290.255470455042 290.158710638226 290.319733449415 290.387793822641 290.093829891247 290.044229662023
289.558110177485 289.214642460473 289.428419253511 289.455929983108 289.544937217031 289.495504395402 289.519048840179 289.663698786323 289.36304090984 289.574018140709
289.305157831624 289.196701865003 289.218574195912 289.431512774962 289.705220966156 289.490007824111 289.40617876296 289.525128347308 289.356983485653 289.52601327567
289.794801669544 289.848750934674 289.817473347911 289.911110994809 289.781843348072 289.868946212553 289.824789023173 290.129548573262 289.973845525828 289.962074697905
290.681417590534 290.515643284884 290.714717809364 290.693844746183 290.890010489594 290.797511755454 290.485364976564 291.072718423109 290.758485522738 290.72981817323
291.227981416753 291.358770930937 291.267093025406 291.446145469749 291.522362309566 291.457917586977 291.4197723583 291.725306201857 291.445132798604 291.368058471906
292.04964916786 291.86196234995 292.055791582338 292.037336243339 292.157172344657 291.987727301736 291.979939556677 292.423510422838 292.060876798975 291.988781151464
292.543684248335 292.479049080131 292.652390088828 292.526535886463 292.523206778607 292.423195140927 292.584903304648 292.920507078124 292.816649178139 292.467004500632
292.935159196632 292.844513755093 292.962231614501 292.967570319024 292.822807063771 292.919217773423 292.776274770302 293.048238813602 293.181086089922 292.808057031507
292.885901852803 292.784170986099 292.793348183788 292.860467553492 292.861594671465 292.910758023089 292.754487631155 292.774125963521 293.081462156617 292.946744457863
292.075673354188 292.206538626046 292.085670611339 292.125316496201 292.232103318604 292.194420485221 292.143787822853 292.008225108192 292.320974311883 292.195632977673
291.075566546624 291.074851740935 291.063895152399 291.089951336526 291.122608095201 291.133397064496 291.050185849242 290.959812242793 291.292955892454 291.160698153362
289.997867592781 289.886429766416 290.098259930831 290.094744311345 290.013091702655 289.920726679395 289.989762240825 289.910307311099 290.105446530892 290.074901856852
289.289877573497 288.94658982504 289.204754948906 289.331067469287 289.199945389971 289.019041223065 289.310521100681 288.9617680573 289.467163789776 289.353186182342
289.009270114491 289.140120792596 289.026737180517 289.321668234614 289.048356115869 289.173827458965 289.028499993589 289.002147034854 289.349383325566 289.326396081314
289.83854781096 289.631599741101 289.899693683137 289.944360712009 289.465110815163 289.496394869716 289.613779247283 289.654960272698 289.814060612474 289.655866379938
290.559456107804 290.383410090488 290.598649864796 290.694214174523 290.446722340406 290.335899642621 290.401376007274 290.546310197561 290.487603853307 290.570816459149
291.206034489504 291.135418654404 291.364027625773 291.312217420968 291.364078189338 291.001358734014 291.162418263305 291.22250604842 291.294831527116 291.168734804589
291.859067284062 291.758356490577 291.836141392768 291.868824220333 291.93060010701 291.637930354957 291.870219103788 291.793986235205 291.867256194012 291.809583377678
292.403623981985 292.253474680232 292.269966966195 292.577620965777 292.442459741235 292.251452732287 292.376934674483 292.258117466837 292.478267215395 292.301002310142
292.705736850457 292.563292486034 292.688228795921 292.755266618915 292.694915329338 292.60299754504 292.6691546859 292.624007313648 292.739191644335 292.57307804763
292.567669856339 292.543702274847 292.645274111535 292.69158818596 292.743105851851 292.511345565063 292.614627576651 292.524551257239 292.5525331336 292.461325541187
291.869950074592 291.847642697138 291.896210432774 292.023517267805 291.919864604018 291.78454255717 291.872595209048 291.628704536099 291.907351215488 291.802170847793
290.785090910438 290.684193070892 290.640718287956 290.888646565303 290.822936946973 290.698796872231 290.803800877355 290.614741316649 290.76087636625 290.664926577756
289.63119706036 289.510387083722 289.699905570266 289.870498773207 289.604870651857 289.481929669221 289.742323809544 289.667743972479 289.661996850348 289.648234690661
289.222635712326 288.767933003011 289.052668526454 289.075636803376 288.959453712836 288.747452865906 288.764371321881 288.876694062854 288.794852536666 288.94821332164
289.051489031705 288.740370329646 288.944338365722 289.189641180673 288.902504492432 288.726051277501 288.842259730596 288.711568775598 288.773132334214 288.795041105882
289.520648691671 289.303222512035 289.453899968816 289.631664678308 289.458058390577 289.355437128197 289.406512446183 289.1460283612 289.314464815396 289.265976121659
290.388972290409 290.17182627869 289.968531235187 290.316751523977 290.195651393436 290.028184356238 290.02149477149 290.156610399369 290.177212084726 290.130291814064
291.245389271211 290.741097266907 290.853024293649 291.03540932588 290.974895479832 290.891018287392 290.91355619999 290.703915567184 290.840818919645 290.978389751345
291.707410056942 291.379362355317 291.350910103936 291.596718567583 291.430034295966 291.43369427196 291.495502689715 291.261287751087 291.349022311013 291.400967295247
292.17394271858 292.069014838477 291.955514919007 292.229120747427 292.19047516642 292.046586590424 292.040195224045 291.888778959319 291.939618167371 291.987582513681
292.534026349826 292.370835089611 292.290417027082 292.444547594616 292.593252845543 292.425029625037 292.382928845719 292.176448798016 292.36248414206 292.342147016057
292.502984911091 292.217534834356 292.130210682028 292.351756883176 292.335282928191 292.24267389642 292.411259191065 292.107544579234 292.237046025471 292.185385155408
291.835771173037 291.476211467506 291.437728982619 291.468866845055 291.702066820463 291.484097589402 291.579556533986 291.619166631978 291.555194170505 291.555218488998
290.775407295862 290.512686759758 290.482227535583 290.44733554225 290.650089372953 290.526663944653 290.624278886352 290.565352255194 290.536930817006 290.395210789331
289.713873476362 289.296970262576 289.210666086161 289.444088393121 289.579646108323 289.367606592294 289.555164573962 289.322534037621 289.348272953624 289.311760531026
288.816154634069 288.86431748576 288.72581762576 288.668800178585 288.989563716634 288.582195205911 288.831704378752 288.780754091784 288.516642159179 288.567608816029
288.939560271269 288.383155656774 288.716694156683 288.782343730739 288.978356612039 288.657132751037 288.973265366286 288.428786215224 288.741413813292 288.487247263712
289.511517419483 289.223902531801 289.234913800485 289.432825503633 289.378310695879 288.977045918002 289.591342622042 289.191120405722 288.93090389305 289.141991945375
290.131643164698 289.942951919733 289.967927853875 290.036323545701 290.242952226743 289.814100608464 290.45433227073 290.111111070354 289.792399675358 289.927541425854
290.848753012544 290.653437144132 290.882173797493 290.885021484856 290.904755208759 290.728737110148 290.901262875937 290.802247562521 290.554288792903 290.854098085215
291.645780573366 291.251907957189 291.429333282742 291.604542660004 291.613649735551 291.435279290752 291.578513862055 291.190635814442 291.415600381683 291.351751641337
292.22099590296 291.928055668038 291.943566098096 292.128266183322 292.259458155067 291.954734877347 292.256851632443 291.797649541946 291.922585237997 292.003251332154
292.377150871064 292.37510836293 292.460789631533 292.458745704288 292.617463247023 292.304458109992 292.712113491885 292.208788792304 292.274600103856 292.464772259119
292.272236766331 292.240480655891 292.324618638406 292.22206509087 292.532741372378 292.147388293442 292.672479914557 292.075258380858 292.213773184584 292.391973433273
291.543277753837 291.54467158553 291.730276954537 291.556947673662 291.835421298144 291.518576897936 291.859805457395 291.526332201022 291.613312215828 291.750160786949
290.457461199094 290.512808011465 290.668629207921 290.538798693828 290.808531323138 290.378166318573 290.837206039534 290.388992109642 290.543744101309 290.699234483835
289.311735201579 289.451852197687 289.506735439559 289.458908391821 289.735453105014 289.315476056776 289.697493532068 289.383061686557 289.423179377063 289.47679870666
288.646315651167 288.852991581949 288.79299915809 288.646422975779 288.941283595234 288.549106267599 289.093904934616 288.554813455553 288.737987313037 288.603103989936
288.563857582641 288.869153080162 288.812758813014 288.545827636597 289.010334792275 288.569427212482 289.393398082104 288.607784095487 288.931407057109 288.654301581832
289.028637710745 289.20065201534 289.307292687745 289.360773089033 289.599620869768 288.972965105895 289.880068921916 289.179002999299 289.170998559769 289.246068620338
289.824649296195 290.118566969869 290.164204777966 290.082974529318 290.319828930659 289.96352643066 290.51763842443 290.112377271575 290.038412477331 290.064365065553
290.625620995362 290.824058819811 290.91350326204 290.881938424529 291.035117192274 290.831502718427 291.295814657457 290.707563678171 290.806547499955 290.907940167696
291.400217024191 291.484002376161 291.469722398524 291.390593200832 291.737792899999 291.352196965725 291.998433871179 291.478294379528 291.525229235447 291.61058780673
291.984164455068 292.117169309554 292.156699542504 292.079467158968 292.390700527352 292.003940156609 292.521055203183 291.952011319176 292.061441567077 292.198195098877
292.431990370213 292.500733597417 292.528560492726 292.384422836063 292.601931241574 292.479823366491 292.858226501726 292.531547014231 292.381494992534 292.655730730898
292.251975101961 292.348705944632 292.480241008705 292.372763979488 292.404751073575 292.289783509291 292.651189579612 292.496334700896 292.310816787226 292.578631736632
291.599786474089 291.630558366145 291.715918581425 291.79977630976 291.736158725316 291.667988380299 291.867298178287 291.799284602783 291.568490386727 291.839420981944
290.452005581885 290.636167270551 290.786274013874 290.790677414533 290.545525382379 290.67814219826 290.652141377334 290.780301865671 290.461173288707 290.709764653672
289.186068885629 289.512278952014 289.618127089755 289.657215031747 289.586387349812 289.559090034509 289.630321732482 289.793967210572 289.547808606575 289.70443655826
288.611147466386 288.766749591348 289.001052855582 288.704218518339 288.832007026294 288.985541547311 288.897115691479 288.983119048005 288.61015742444 289.134576952157
288.614689835705 288.912950122858 289.00895099661 288.627652230633 288.758016485902 289.112867103759 288.774755163956 288.85189283595 288.846212587237 288.939261527502
289.338071995254 289.125568097157 289.624073050241 289.36524961469 289.404142361941 289.208958258223 289.227511304531 289.591437724532 289.527919090596 289.782459752334
289.731920943938 289.968533684777 290.515780576523 290.216907073778 290.035907838079 290.098209498743 290.008828869086 290.370526211686 290.105739784713 290.405000197943
290.700105212292 290.870784521338 291.114644182184 290.97371341746 290.60258161077 290.911234883533 290.79749721798 291.098013430526 290.836173238142 291.070315152448
291.476261149363 291.450818200426 291.845155731991 291.636506964856 291.371661547512 291.682739898712 291.360360061379 291.655636760621 291.543049371991 291.797469288682
292.061396584264 292.007252917885 292.38880936344 292.330257221336 291.927040073991 292.318307171707 291.868836178553 292.253722001987 292.0635483172 292.421156089956
292.355953734116 292.534052389277 292.703072491654 292.720585636344 292.38497002916 292.602090752716 292.311898574575 292.720407640285 292.415200258035 292.814186282458
292.32908253705 292.445752163359 292.699268795689 292.560218437034 292.376513382833 292.530393125694 292.27167634667 292.504650363171 292.267780372367 292.804836780063
291.633219731102 291.696326044235 291.932071737609 291.886482364152 291.631979505734 291.803645284474 291.633752899201 291.661073522399 291.675301975401 292.101354437155
290.60736920413 290.70182293394 290.744872740394 290.704463806096 290.660511691609 290.879371464396 290.473347222518 290.528472461985 290.641874227015 291.003234162914
289.72558725788 289.636953348677 289.656386855917 289.456009359793 289.563410605632 289.82581559463 289.401164351406 289.298835161146 289.551257119342 289.895437247795
288.795679058581 288.85872456628 289.014979472682 288.826848208421 288.678879032241 289.028061971921 288.725483789494 288.438240287783 288.878840258461 289.14709340043
288.990248075758 288.832524079284 288.965845947817 289.116025145505 288.697245849996 288.990763517933 288.925346702961 288.571612986509 288.73325279519 289.383987705543
289.646868626868 289.609391108292 289.665437994487 289.710853598819 289.412817868694 289.732197067717 289.43885669577 289.146691889907 289.382999253335 289.785006040261
290.34803765426 290.126221390835 290.536252430673 290.396601801611 290.12022367367 290.495962656713 290.1068951626 290.162296064431 290.088475081181 290.363788625185
291.163578461577 290.937710929801 291.157757181554 291.431700464549 290.713780885528 291.17875708608 290.905994125208 290.866218957682 291.056483856526 291.273899181696
291.815599156119 291.51763637727 291.719846646761 291.807650393892 291.474153356071 291.976572462034 291.464350372139 291.658578851728 291.472846214701 291.844407325319
292.347062993831 291.995036435712 292.324845159622 292.311091941191 292.113457766885 292.594307583594 292.126859359522 292.163631975692 292.14960979085 292.546560745741
292.551991684083 292.490999733492 292.717595797643 292.685006131118 292.457981435476 292.772069007194 292.64440238179 292.574934411431 292.564884291356 292.713975829823
292.293595285109 292.275424340686 292.542572096647 292.495388970289 292.273069172932 292.547011046351 292.485816939152 292.377163154547 292.485583760077 292.501078326583
291.561238100106 291.599948351421 291.765746934628 291.603718941364 291.630281533311 291.829081094245 291.820601171486 291.605346171099 291.759303845592 291.723159311429
290.756030333332 290.551838418339 290.586380263544 290.518064802416 290.583611064284 290.704945762122 290.753617795011 290.587892605356 290.676364371156 290.756971320732
289.61536399094 289.387355767273 289.630490199832 289.551394175149 289.40883521113 289.46331643104 289.727742044374 289.45671523423 289.720956876525 289.463488814978
288.948811010015 288.453707126661 288.800073381247 288.733736752278 288.701025004892 288.575086187123 289.179693200341 288.764741939155 288.946426955458 288.953580979564
288.710706784971 288.697797921984 288.759035713068 288.646789277216 288.732573808676 288.746206053818 289.082026763083 289.036640916812 288.942454827912 288.749551366206
289.505053658264 289.244253477361 289.302608791419 289.424267197315 289.535266074069 289.247625369447 289.779296476395 289.247369310869 289.360712933655 289.205917397294
290.057741447429 290.066313606555 290.213432579533 290.098812212961 290.163755735273 289.907321754906 290.49199290379 290.082610202095 290.284459016531 290.077865794458
290.929035214819 290.919960452925 290.74975622615 290.764730247232 290.823588925653 290.640007871383 291.03914809377 290.986464140782 290.989154770366 290.754151888021
291.600150189161 291.551487459406 291.395986296841 291.500227406754 291.502235687475 291.211196884523 291.730948851229 291.680076621092 291.75265317705 291.429599295702
292.297475257884 292.217036138869 292.05954426588 292.091672334139 292.265315454899 291.944696228672 292.39208345081 292.179080959672 292.327583581173 292.038998062593
292.6875431515 292.509999942444 292.418261046011 292.423465465676 292.726248609031 292.308738111129 292.731327556899 292.51838856007 292.748403833148 292.461790969846
292.535707491164 292.50886819927 292.370277292909 292.362219388395 292.557140142677 292.268926650206 292.636050751743 292.533084147227 292.752101975856 292.381190892672
291.826550835456 291.745524978831 291.537531950364 291.721055138882 291.864975282089 291.61392578017 291.953604043228 291.876138803478 292.184669917567 291.62422947202
290.686945147573 290.785607096929 290.568832406624 290.565329922763 290.706984423312 290.541844791247 290.754380666307 290.879012889417 291.087575929165 290.620283233779
289.5884990895 289.73256383053 289.340203839528 289.308961697686 289.788800852504 289.476947638177 289.624215527398 289.856565937745 290.182239641222 289.46628873239
288.853731793986 289.060083791428 288.692322784033 288.569399140444 289.093695515485 288.861491219476 288.865497477881 289.060418573046 289.431724585803 288.997082122059
288.868922484403 288.772185026992 288.490030834051 288.673437234471 288.940754538969 288.411452063371 288.845878489679 289.096541200333 289.45944900232 288.773201674317
289.397177468973 289.674521482044 289.090450131065 289.225863365027 289.802157444626 289.090271841898 289.119535093382 289.555424115128 289.845229279376 289.36799700349
290.250949612593 290.422532526846 289.712082334851 289.913739416721 290.351712549661 289.824923525981 290.089020377183 290.529614852218 290.580358016695 290.180267581679
291.067166108779 291.042185379855 290.817423150811 290.757866868696 290.849126942795 290.888464702622 290.91772024186 291.198894187251 291.142517944907 290.798783427432
291.672818116492 291.594365945992 291.437789108448 291.498483956316 291.565626766283 291.437896317558 291.487209227836 291.745230863697 291.709758331306 291.381418082796
292.081201544398 292.105745680076 292.005357821906 291.97964869283 292.223662847589 292.193600585232 292.253921755064 292.330145053703 292.194921313907 292.170011929901
292.474306127599 292.592529993269 292.397381538133 292.281859750357 292.458534181343 292.504618205366 292.54152168421 292.683543619249 292.554816912493 292.554572965414
292.235696461318 292.569158494302 292.46885331889 292.269387022505 292.275494026212 292.338577480055 292.412489194891 292.507457583405 292.414288481596 292.483533745968
291.608870504505 291.771450115918 291.70504331967 291.650821797058 291.630074103001 291.614287362414 291.730002876439 291.747815796417 291.782202811139 291.857704199914
290.559405276477 290.839088015805 290.765524232597 290.645656065666 290.457233361332 290.677806010534 290.760387067198 290.650508140075 290.700113878088 290.835999725335
289.329242593149 289.690852682663 289.756064583211 289.540668923629 289.118809727843 289.407981249812 289.667722965543 289.740074115519 289.387372666773 289.875351588169
288.632069904718 289.009467409469 288.856898516226 288.802385141159 288.625552987583 288.646861473053 288.751259400812 288.659055461383 288.782075161385 289.00964306112
289.708103020954 290.02597664613 289.580633722014 289.673312586864 289.831146615051 289.634223325222 289.607803044394 289.759813775754 289.697184584478 289.827757079881
290.316610374457 290.228826175697 290.533601828802 290.324697532237 290.237168193886 290.26260630603 290.333272027251 290.291095258206 290.190632999644 290.341201874307
291.022772244145 291.06827790322 291.236855060932 291.116168591478 291.014542649786 291.086008246019 291.076141633706 291.235698747066 290.847894175424 290.967313557002
291.868517708635 291.880704114679 291.980198902336 291.742040196896 291.757956582684 291.751130145361 291.821410042055 291.854409063237 291.63105003006 291.646538837622
292.56030805699 292.563657994933 292.51513679237 292.414790597526 292.361120072987 292.486979632014 292.420473246252 292.489889772483 292.496453300429 292.286177869704
293.178159424454 293.222556007951 293.02605435501 293.02405415817 293.059879690782 293.09660667104 293.211015579224 293.10410054003 293.146723945108 292.998508163807
293.530728543238 293.503271852974 293.503174537042 293.488635611385 293.371384294004 293.639221665392 293.577607639798 293.446177807072 293.492509891605 293.399657687485
293.370775046401 293.3597051027 293.351662233883 293.412890291056 293.238369721885 293.372457610668 293.484227373549 293.453590594995 293.34101632556 293.346223672024
292.665343530543 292.681431502489 292.523613470388 292.77089633795 292.690252970236 292.730677217233 292.821281848041 292.724275254722 292.591430370383 292.655627079564
291.73477904041 291.659610439629 291.465987729847 291.803114071204 291.619383456817 291.688119295764 291.674601055214 291.706585274813 291.485515140784 291.450520302418
290.350405843087 290.566654752693 290.41318991858 290.513456190355 290.471350570124 290.577925587977 290.81037286641 290.46358317081 290.567581946952 290.382809391246
289.648121075867 289.63293449407 289.67335813797 290.034466636689 289.912231089701 290.062931631376 290.112004398159 289.876302659419 289.700942111575 289.673607685284
289.552474242681 289.587044408225 289.583882413199 290.213188238964 289.864395639113 289.778626282092 290.084708733411 289.805517030202 289.735578487531 289.622254362503
290.132831699404 290.050133872892 290.252898917726 290.706827948862 290.215031886011 290.419019850236 290.704020653616 290.308312930138 290.269048587645 289.996983252447
290.934945592602 291.113592493092 291.02305877276 291.511307262638 290.97387229459 291.262558709418 291.142195646735 291.063121374198 291.012047866206 290.982344913798
291.83184076895 291.67647038439 291.607487978396 291.931482333705 291.605705417857 291.908152423324 291.828905201056 291.847858281234 291.654749890322 291.701752870295
292.359681380089 292.426435185511 292.260309492007 292.566287190156 292.303533289454 292.403118807106 292.571944385366 292.394415296841 292.308081674668 292.19899711542
292.860017557081 292.972962735285 292.794176821048 293.145296660472 292.879752324305 292.941179602634 293.059243844816 293.008508155783 292.887821616901 292.813227311932
293.186780641894 293.216391884261 293.092815457474 293.477349711878 293.282531316848 293.192374944136 293.307999456589 293.429622512541 293.249736365588 292.909779186928
293.101700397121 293.041972502972 292.812083606478 293.146435794918 293.046651673937 293.095815516455 293.032155420403 293.253871701205 293.061886804802 292.961997593996
292.347381258905 292.227635898324 292.097426211746 292.392228835474 292.209331939257 292.361071712799 292.197132759648 292.65627953191 292.270243110782 292.268245440442
291.255955088456 291.047880113462 291.061386385659 291.258582104101 291.168246267737 291.185594107053 291.12108394998 291.448326813593 291.203372991787 291.075615808011
290.092945245544 289.860645635993 289.621559696902 289.651301674878 289.976169288534 289.934378659433 290.002871919824 290.265560609739 289.968704590105 289.907731416689
289.210819304829 289.080048606398 288.86900924642 289.064803500471 289.34186251135 289.06248406215 289.049715394305 289.407425639732 289.132798839732 289.032250857286
289.283747295393 288.936889167971 288.628045744534 288.991325637045 289.228300514046 289.103776292867 289.00277876843 289.348481817154 289.105648381037 289.075393764412
289.580677639687 289.575058288698 289.257565883885 289.506762218472 289.61365987928 289.508760618476 289.357204427385 289.76570767807 289.565384188217 289.57399042698
290.458574623135 290.411282043808 290.079572385694 290.361595155426 290.534894950845 290.266864164391 290.280769956962 290.595768545994 290.302176582377 290.036842722816
291.065526237903 290.964758410825 290.842487901714 290.919201200856 291.224903287181 290.844210718667 291.137728542326 291.337222162256 291.031078103011 290.973758666962
291.573792409829 291.606580148186 291.453310966694 291.409213590639 291.661909063451 291.279394580758 291.60705058504 291.830852474867 291.590813067077 291.563483006038
292.07044713014 292.243040698693 292.013134995191 292.038532447055 292.33571978565 291.941859700009 292.176080779549 292.386285787379 292.100357108119 292.080813711341
292.422622490721 292.465347380909 292.472195246409 292.479305654031 292.643156058477 292.355329959487 292.572938340671 292.707890394343 292.52614053716 292.466396784424
292.234105770284 292.397869340937 292.275537918436 292.407006020599 292.525659301431 292.349613697651 292.30323532848 292.472875329804 292.533407170438 292.239228430577
291.566286542136 291.712482154048 291.600317228039 291.676276294819 291.70016552302 291.680386391209 291.594464974289 291.745823575624 291.851344709419 291.484471237618
290.52239682619 290.571853795356 290.569593395228 290.603780402742 290.844286990904 290.737694667488 290.526927672439 290.583493706946 290.824883015201 290.532522509933
289.507786924968 289.405659259238 289.400797619179 289.553209158073 289.684771416302 289.54254036205 289.341986885116 289.548877972162 289.778758853788 289.327199220841
288.706694413026 288.536580803958 288.598188046043 288.935101822032 289.069411328985 288.719449533481 288.621236909527 288.851904565529 289.032627995792 288.609650101206
288.848807614459 288.627681693144 288.589124913827 289.02120259934 288.86055978902 288.903777805975 288.664490837396 288.763614581043 288.841036785898 288.667072800146
289.363600605147 289.178937406959 289.185991500051 289.470037903995 289.384219652231 289.451223908143 289.26961191448 289.440879169054 289.551431756769 289.18147486387
290.167917533996 290.116662593325 289.974087365116 290.172566995786 290.118373387985 290.235117864459 290.05922732543 290.197635290143 290.170176764924 290.147887523444
291.023045044591 290.932703000564 290.765776726162 291.033711402804 290.851590401484 290.813548233268 290.76644582447 290.662154509088 291.026998783531 290.832373081983
291.461927151042 291.574635554739 291.673387036098 291.585533742251 291.38169575172 291.655326344569 291.323431149556 291.284474158889 291.640817868877 291.491939658888
292.117749512016 292.068232336965 292.209230831181 292.285008390634 291.973513162432 292.223099392639 291.943109889605 291.943201797617 292.243196205382 292.198124964255
292.638022258298 292.549433894001 292.698296785415 292.764862921247 292.333399892315 292.669579251016 292.300130822474 292.340701105978 292.517518560815 292.639362148056
292.596238631795 292.390091909669 292.723208393528 292.579346733066 292.264621206447 292.591394219333 292.240651999893 292.138162237333 292.416921786778 292.6164612034
291.851875979841 291.882531243419 291.968621159305 291.960369991875 291.494335298634 291.785411840414 291.572548689104 291.445725158943 291.731843119537 291.757126336491
290.728380338159 290.776064773417 290.943610231152 291.01370992866 290.435522656366 290.763125059053 290.581144027007 290.548282836399 290.730012279756 290.875825939857
289.569093825839 289.527195584215 289.845764170558 289.898550918912 289.388506853247 289.682068301224 289.49331463867 289.397330148386 289.612977473114 289.687896553986
289.222469375397 288.651010055879 289.058347024035 289.257044887951 288.701612294771 288.731403969442 288.853315814043 288.717324816123 288.831529257795 288.94227123087
289.307279039817 288.887660540007 289.138678179403 289.448444779782 288.647509895043 288.858702375897 288.471826959784 288.614883123884 288.884067283572 288.934354384136
290.046606643542 289.433479351249 289.415352013498 289.978355151369 289.367786042517 289.231706605721 289.082494589381 288.98712217113 289.274991592147 289.609888325603
290.727586092384 290.23939500623 290.344078351765 290.717325844761 289.853612178718 290.002962381899 289.872829791693 290.057210820133 290.207790511302 290.242588214307
291.335421388465 291.032451001247 291.165570693803 291.503606105213 290.941244709991 290.800959423314 290.630847838849 290.695509548064 290.620996457252 291.219243867418
292.029560250736 291.494913027015 291.813238963652 292.160449050936 291.531991702936 291.498431587146 291.369073663831 291.467005420198 291.396772240586 291.832609819714
292.484974233276 292.162886830182 292.440983314678 292.646156188866 292.186912194913 292.056727694423 292.13074735755 292.126152522632 291.939663366217 292.436490112446
292.853252673624 292.619056243611 292.719141196178 292.925905362703 292.598260795734 292.579840367027 292.550570227695 292.623615334817 292.459870662178 292.757817054668
292.781205671218 292.311562221261 292.757635774988 292.74962428413 292.492328760603 292.482085602857 292.497502695001 292.487920453755 292.376746835318 292.536533648771
292.089043522795 291.760408536347 292.052558218713 292.063551014877 291.765419048095 291.820032181718 291.973882901352 291.824850115107 291.664752311752 291.806062501157
290.862709121587 290.701026875259 290.899500695844 290.758829345311 290.805012059926 290.683215467384 290.795348082206 290.575372434861 290.666569648293 290.788242907016
289.68286912755 289.612499197122 289.748661977129 289.636117701326 289.639947191383 289.571293208609 289.882710386219 289.438252735333 289.405027438256 289.678681012979
289.215845309784 288.801014609155 289.215565252146 288.933954513073 288.919113900209 288.784831756313 288.923675119815 288.721706312371 288.840400973483 289.13378750459
288.975955777882 288.841243598527 289.421348214073 288.789050885214 288.933171074762 288.759047563184 288.899474534351 288.610419745058 288.955550802063 289.123228718731
289.649272265358 289.48447166331 289.689299988872 289.306939532243 289.490614340368 289.460187464806 289.398859366408 289.437540386145 289.537986314468 289.56989770257
290.141289846607 290.119326820347 290.768965495288 290.255342860211 290.340656739457 290.199018643737 290.371292707278 290.192495632645 290.263140922583 290.456795388573
291.020153137915 291.086253897952 291.133454848464 290.863623037969 291.042258430702 290.985663691745 291.040773472544 290.826770099238 290.963637936661 290.943711992067
291.588125742639 291.685414037462 291.884352116606 291.44875756698 291.636781581717 291.624106097876 291.802559677709 291.475939184112 291.701390318095 291.602186813638
292.247428456386 292.273644616302 292.501369050489 292.085667670838 292.196062859715 292.35600950399 292.389480238679 292.193595552094 292.282314463382 292.281601197299
292.511618472822 292.631270039209 292.942945024057 292.440160175946 292.663943133283 292.700353462313 292.708604751452 292.517857348115 292.738693583524 292.564243498332
292.300789887057 292.582311623276 292.786842035446 292.31251887968 292.479443261735 292.758351852414 292.489074691515 292.480611073282 292.787407165096 292.504415368493
291.567068555094 291.933709899642 291.928816941823 291.647550000176 291.753377091453 291.93377571192 291.789546334587 291.828470977453 292.041695512732 291.795825776302
290.486259503586 290.821876083771 290.893998686463 290.71759258125 290.495580174977 290.871255110496 290.635281229682 290.789761284146 291.141169466523 290.701652829506
289.336512969982 289.689448209517 289.665900501959 289.481327044017 289.64894292227 289.4946871045 289.394167908264 289.562782767366 290.012872229497 289.809596885595
288.636530441871 289.004053350493 289.091815531308 288.779232223269 288.734477250629 289.182211314817 288.578393077438 288.916045122044 289.152998879391 288.957711574435
288.63564735523 288.776781822475 288.848711826659 288.78228077419 288.898618522042 288.990436338776 288.61370362411 288.763730931339 289.051122120204 288.7129528204
289.216583528165 289.198409158778 289.60681672125 289.272300221447 289.466924408687 289.518590841577 289.121119838317 289.521996472485 289.612774027787 289.121445187695
290.116649845112 290.037839361864 290.223082983694 290.053970760331 290.181520600365 290.52048114504 290.062094896926 290.334131444714 290.345026186337 290.216141338658
290.900880068358 290.929846776611 290.867503647504 290.90286669562 290.968500738545 291.128698265669 290.794130433189 290.837495550441 291.146402924708 290.941215376725
291.492519858982 291.777105156164 291.686600004324 291.614514438121 291.545731337232 291.777873737968 291.443084040356 291.576778073435 291.952183160113 291.684087371844
292.053646778292 292.306100152893 292.106982866749 292.262557426312 292.331603556229 292.291834009058 292.144551888436 292.266505584072 292.614233811871 292.220706044246
292.496030490481 292.62428276723 292.549907883709 292.585695003967 292.747163530956 292.521543486512 292.522073002914 292.691271584479 292.940257456806 292.533900902486
292.391070614852 292.579781162189 292.432052908153 292.536649809482 292.636406891744 292.37580469783 292.341032435898 292.600892626351 292.762465709038 292.432661167979
291.612405710446 291.847107515862 291.750639284306 291.893079971004 291.961072180252 291.646588017636 291.598765274233 292.021061434042 292.152901722849 291.74081852563
290.669113749055 290.833716865169 290.458630892106 290.843538005271 290.820619224599 290.509959980184 290.548081379387 290.935828128577 291.149786591412 290.705755985045
289.523188244042 289.61099091906 289.530911214741 289.727692740161 289.524839837537 289.437426620928 289.353704676647 289.800094499224 289.872584103957 289.660850213641
288.955942462274 288.961664679939 288.881375560367 288.984489787435 289.022356264236 288.656275375227 288.839230847276 288.975950752364 288.92196563959 288.812249357799
288.864707480463 288.863298556891 288.736111864546 288.854870789659 288.94564507084 288.360282026745 288.795518087123 289.209829386336 289.253574387536 288.736931371315
289.137048180957 289.526853031298 289.341797378632 289.397205812391 289.573955843448 289.363613423961 289.26570316135 289.477769617806 289.54232744506 289.322862274503
289.953258671648 290.325840641384 290.218583858906 290.315210488671 290.285817627227 290.123769891705 289.987294691608 290.417315381029 290.474217453107 289.93257626461
290.818176343137 291.013745039352 290.808278131568 291.119995193828 291.261259505808 290.847159423395 290.742702211405 291.176322907617 291.232006899128 290.871150509187
291.549007892967 291.657004153391 291.735219085383 291.804906009067 291.774067790579 291.570203150683 291.581503936474 291.841202908964 291.846791553451 291.644365714766
292.172183027079 292.256664236527 292.270775813735 292.406570997972 292.450683083762 292.211343229402 292.328577397744 292.482852938912 292.475838452885 292.063820690793
292.662088304921 292.686462856908 292.753975312065 292.732431743829 292.781069886171 292.663060120536 292.642307663205 292.732785231815 292.726206841576 292.541677392377
292.55177398439 292.652275764534 292.594361197354 292.730265995311 292.704379048287 292.551596606405 292.57566067018 292.573079741923 292.614861404385 292.520550843227
291.934883783736 291.934413524618 291.775123834825 291.962522099981 291.920458391298 291.935844223493 291.861008487656 291.797606789941 291.905818802477 291.724254473052
290.881751318209 290.905648643925 290.728750697425 290.891182838008 290.877979819707 290.751998276616 290.88066395877 290.767930876132 290.681349960346 290.804305207808
289.821210282796 289.853414655092 289.509185185599 289.825243808646 289.868552056229 289.586114799013 289.599138510476 289.817870889268 289.435766091646 289.579696251234
289.058752181756 288.812001594818 288.832122215693 288.927876579701 289.055100645117 288.999324096904 288.880968982557 288.948580317133 288.840974060577 288.923898356913
289.094005170982 288.993597088959 288.818828425025 288.821860543226 289.018254231549 288.888789316507 288.960021779415 289.090339096633 288.82965621652 288.829158632349
289.497715002114 289.528421400449 289.391231611206 289.62226081517 289.629968639979 289.378297740878 289.505674466715 289.365201012467 289.347737247615 289.387640083074
290.238497742051 290.375252531369 290.178193632945 290.449283031815 290.444352021358 290.082735345705 290.362893248682 290.220055085484 290.195597497956 290.181101284847
291.004751208727 291.305464211662 290.97313165588 291.081117244613 291.107278258442 290.97946197411 290.910095278168 290.987251254756 290.947943001933 291.151400969212
291.801845801894 291.91207107547 291.67129792151 291.608257411042 291.629090240799 291.709412348045 291.628661964129 291.693646883606 291.513076192095 291.744316955428
292.408510525775 292.528159867669 292.249645278373 292.313039425353 292.238900243783 292.233104482046 292.257907335273 292.196833772799 292.21650761157 292.330617326301
292.76450540871 292.846979414012 292.694789604593 292.629316541083 292.622061842253 292.670590294029 292.653660400806 292.605192454067 292.60843918916 292.811122690585
292.59135154179 292.795747471689 292.66743156732 292.627893050692 292.561818368609 292.511782945136 292.581491562915 292.387453541192 292.530529010038 292.714939429161
291.934668334058 292.17969074483 291.792238461418 291.982531999668 291.741142676977 291.903733695201 291.983589163744 291.673715394085 291.896372540153 291.893686057049
290.719243948463 290.994618113534 290.798147415331 290.997281526014 290.747867301834 290.82625222138 290.835943340958 290.387126762752 290.722579786256 290.930500222166
289.385443192324 289.954553287786 289.604348867381 289.733650276093 289.53578164106 289.650564902856 289.658168513564 289.357977742164 289.647366975327 289.702741556947
288.858370792467 289.198881226498 288.999881058877 289.004697023878 288.787553553994 288.926191516608 289.035547708729 288.662350502516 288.83860160684 289.124839785188
288.863020040179 289.084222180173 288.95260770322 288.988785293622 288.693236805196 288.835827268732 288.773305831738 288.478301798559 288.551856231588 288.992442888255
289.419506213084 289.639543940839 289.619192033411 289.36016214487 289.344499248049 289.672027366743 289.499400759303 288.921804228983 289.346872465967 289.490780980341
290.06051908027 290.415756051599 290.348205133046 290.25733551726 290.068109479651 290.34461654315 290.106160856934 289.856135835563 290.036331951014 290.331782072115
291.015678803674 291.0660892638 291.097112740422 291.06786873469 290.780419318368 291.075205833478 290.987417634109 290.900678092006 290.884412259964 290.897256956748
291.720574833984 291.891469403941 291.706697673055 291.801434410699 291.492492779828 291.80087104374 291.658946510161 291.395835417345 291.643154049261 291.646369006643
292.329802408536 292.382954442698 292.398351518219 292.350927111282 292.208414422929 292.404383597958 292.119653092852 292.039973901628 292.304115149461 292.324598790223
292.792819544813 292.592033806163 292.699475617731 292.680476317554 292.651877207357 292.76965425696 292.564288598343 292.652678493959 292.767734635502 292.614942842944
292.61977550615 292.594936912509 292.457804668682 292.575704321249 292.479721849035 292.595277356395 292.463554589664 292.595692625234 292.63450328915 292.408685116133
291.891521100816 291.939986591208 291.926897038486 292.071533155524 291.735001512931 291.919912585504 291.827506647891 291.916022017381 291.94273179018 291.757655128555
290.869550398278 290.741747584573 290.869984650639 291.007723580472 290.799394559571 290.727093483203 290.682520814114 290.841083935252 290.869905447283 290.563562779096
289.626016679403 289.584234936054 289.688090913757 290.004020102368 289.627409426862 289.760323061485 289.578949614448 289.811312380126 289.631604089543 289.671040154623
288.641180005277 288.772345768045 288.951441062639 289.085742177457 288.938320438568 288.999204153711 288.83644338067 289.107741489414 288.903276942455 288.927035703719
289.857914832957 289.851150466257 289.853259845767 289.810920297299 289.542621108188 289.571025961002 289.872717983757 289.652700830923 289.595776668061 289.702127388958
290.344665704024 290.204520896448 290.180177313404 290.613233967335 290.470122741758 290.598398444916 290.399944479441 290.3541782863 290.480592925805 290.40417688575
291.071499605336 291.030586707515 291.213799175824 291.259997054999 290.972210126351 290.991729917112 291.105961506981 290.991488475403 290.755585503687 290.980163487175
291.932545048606 291.881691856842 292.071852549449 291.979138325813 291.87729765907 291.683100403481 292.013772007117 291.858232441529 291.52543618972 291.791384120887
292.555011247309 292.376565345273 292.649616194835 292.55457160739 292.511181826209 292.395116515193 292.515985668237 292.399141495336 292.403334264527 292.47229126515
293.215914293142 293.022551154273 293.139229513991 293.282514371004 293.213705395772 293.054465074227 293.086678816514 293.058892691065 293.126943027147 293.050907576244
293.696571134761 293.562496213024 293.617415678663 293.709247624397 293.622003090262 293.545071803893 293.585371641419 293.477316488578 293.525614236393 293.588876022059
293.462476440522 293.498358102301 293.539265758818 293.549291422005 293.505658947951 293.416231723307 293.488953478367 293.432942163949 293.285672727649 293.392106651477
292.72530808832 292.853894433746 292.694084464313 292.758940486658 292.634301019637 292.683582617846 292.749060068076 292.782690812137 292.696241953208 292.782079211928
291.573847890021 291.767203149214 291.528146359277 291.790223501566 291.644124462056 291.608056988517 291.648135356566 291.747144083599 291.613066727064 291.810345440883
290.488313118514 290.606769765868 290.505756693207 290.565362746215 290.581994499418 290.401927748346 290.43152613187 290.619077537441 290.342525088491 290.404719666205
289.535827339561 289.927412526768 289.82467897964 289.791141950654 289.67050608164 289.479835656583 289.808834668623 289.853960056403 289.836022593267 289.723758287152
289.736426822204 289.796997262198 289.755640303584 289.638547992884 289.999025368631 289.883746968295 289.687856487608 289.829085442104 289.867066775928 289.832279868781
290.441740041337 290.276713428973 290.254066487272 290.358789967104 290.523466415362 290.437482051978 290.224591061093 290.335981248676 290.446853662882 290.278370755577
291.014293796296 291.16277796907 291.064565545042 291.162211175115 291.376009193979 291.058216864917 291.34670095682 291.038501271557 291.104606254123 291.051199479695
291.767128040239 291.930886081372 291.803616800531 291.925673691163 291.95191181601 291.779456091804 291.936359224605 291.954564045603 291.855822040584 291.849513479292
292.515480007818 292.540167701367 292.32797721477 292.47981882959 292.701444230808 292.390753245183 292.474978729333 292.373757758832 292.460026387702 292.50966288333
293.059133271089 293.091215088643 293.027835932502 293.054178375941 293.180571620275 292.882931977113 293.14106886819 293.076000144999 293.052544440635 293.101547568487
293.524869390652 293.484463685384 293.430267105625 293.436785748138 293.530849922835 293.198204078617 293.498662657128 293.488867793117 293.626201850315 293.463490437889
293.403665935267 293.350186029387 293.236564860772 293.389417363898 293.471995787444 293.143653015501 293.39716261481 293.372256245856 293.413292156657 293.294973982794
292.539367316594 292.669222083732 292.647651155049 292.566431232807 292.571039694173 292.582964126768 292.595800819145 292.558185312964 292.732703717728 292.61175024556
291.452576880148 291.765898951643 291.52083443224 291.536562535652 291.504614474393 291.27597524584 291.520559064798 291.702955287248 291.678683277732 291.409146740226
290.484738510872 290.650152273813 290.39039143587 290.325304046191 290.368992973918 290.281656799707 290.277727848952 290.643489601561 290.446009413164 290.408059442939
289.792009137523 289.870525658447 289.691205590262 289.749841648474 289.425663432045 289.532001803015 289.725398832135 289.742136444152 289.542268027519 289.551717636924
289.58392941401 289.598603842879 289.654061937836 289.818279002733 289.4498700042 289.761511352001 289.451451667824 289.888078184851 289.719295769902 289.651128964155
290.228028096586 290.143367267018 289.838273448785 290.208095362748 289.816624352196 290.288310484393 290.148669229369 290.372176128674 290.041421146369 290.188478019028
290.94436702332 290.83333629405 290.935546952015 291.126628281919 290.70208918254 290.965967482009 291.117550107596 291.040161975641 290.775211380097 290.97014409709
291.665183623781 291.583950456554 291.804495102899 291.673330939196 291.448491194361 291.563470546053 291.812167456531 291.962773026158 291.684773438852 291.622366648868
292.359516831272 292.268419965039 292.247568405863 292.443289391678 291.967355684697 292.239630944278 292.221246187972 292.51188485875 292.257865513784 292.265044309242
292.896699568998 292.864015600063 292.775054684905 293.0176201968 292.549380936056 293.056791985779 292.915269173394 293.123466364415 293.038729627831 292.784733525605
293.280514424029 293.270553138078 293.095219017185 293.34392314515 292.986389152494 293.478642404701 293.305167993698 293.530919103356 293.488730744929 293.070156346223
293.227808759543 293.169340947207 293.078922718129 293.332638302835 292.968730992953 293.239743465212 293.192131702743 293.540884180997 293.33508510239 293.025554814371
292.503403784984 292.364581824186 292.395877055167 292.515356692556 292.39737278662 292.415305212736 292.469565485208 292.751223667648 292.585324459081 292.445386272047
291.41527713225 291.299090007847 291.252365607031 291.530071075541 291.311495328445 291.348924266377 291.360230644281 291.626298184608 291.41532466596 291.349779991479
290.412668885908 290.340522619973 290.136632987871 290.33569666743 290.084759398947 290.22026243733 290.385397886661 290.446941599419 290.42322183812 290.014790080331
289.573502626268 289.492712150306 289.587922513949 289.752835001568 289.44775684168 289.539736369287 289.604131137642 289.692483013425 289.853248128475 289.289427935254
289.680757565212 289.469354339825 289.278999355697 290.001847084577 289.440747190385 289.537283834348 289.784728911117 289.622774938117 289.919040589197 289.436311879459
290.275310175127 289.864186944037 289.83203067265 290.365787168502 289.828135527313 289.943782654223 289.998696421756 290.111768315938 290.399426786927 290.086271760698
290.988364325373 290.720863483989 290.586372582317 290.906338595893 290.760845818409 290.89449565559 290.786322344377 290.947428027204 291.180414316855 290.855935906409
291.657100139542 291.608370948503 291.501918549607 291.98066759424 291.575845498948 291.504341029792 291.70410579356 291.662691345792 291.758119074327 291.545009273981
292.215852942157 292.144343174204 292.053884000381 292.593028619298 292.178259371922 292.159177756473 292.285900130171 292.419864975978 292.447639553788 292.100984734743
292.933339939271 292.709937835596 292.621497173464 293.23617347327 292.860380927634 292.706398162077 292.924834838257 292.922505791947 293.127989892899 292.627147115184
293.325493287171 293.186490511297 293.008143519763 293.377018950424 293.226162432938 293.254061813141 293.25206599066 293.213177310918 293.35247955461 293.111438633326
293.365037107655 293.210179420155 292.87584330677 293.274262774616 293.078242655926 293.189925807788 293.131122874129 293.171613519887 293.082010494125 293.105336129793
292.666321469922 292.632953798196 292.181877124602 292.489253110302 292.3170934463 292.464901696932 292.514335488809 292.498128400944 292.35815712447 292.446010131203
291.666722935232 291.692889251275 291.109832082675 291.457339395964 291.302508417402 291.32256682089 291.322834958773 291.42114204139 291.285574841834 291.388279544538
290.503837924491 290.526103319574 290.039447891161 290.299545126786 290.346963761745 290.363887303166 290.267573654641 290.123988333866 290.15312226975 290.304220264752
289.993646314598 289.821789590451 289.415542799709 289.532763440226 289.470298802348 289.797742184149 289.486604118636 289.311062170797 289.31666886346 289.610220502984
289.959226460728 289.976453744405 289.205897729232 289.569607136773 289.73429929178 289.952229666434 289.714531018584 289.321041403288 289.029220629482 289.630904233632
290.588685909522 290.35289780017 289.74484450298 290.180943209761 290.080922250759 290.11207475788 290.321421437676 289.931307702224 289.6591373542 290.106717414002
291.234910632769 291.157184928349 290.562848034849 290.807155841006 290.707031365202 290.980370267824 290.913070282562 290.544136324631 290.544818938928 290.927670269729
291.989132622765 291.847538160786 291.138361809004 291.40349109458 291.445524483745 291.737614222598 291.554382150665 291.397880405962 291.287613815146 291.804862232352
292.45780048349 292.539791221706 292.047809300803 291.959548803295 292.263935953159 292.346749202669 292.175382816722 292.132719523724 291.752506650902 292.315948825534
293.059535482172 293.019282331419 292.646312893635 292.484281062103 292.988144551313 292.867558104669 292.920998954533 292.733488446532 292.457604690881 293.002712327758
293.207734334076 293.299740378206 293.155532605145 292.971161053247 293.327798599164 293.229819366919 293.278958324721 293.225787742615 292.862674615421 293.382695721615
293.034293798077 293.240555245394 293.136167569911 292.833536774468 293.294184051319 293.041316006326 293.214141549368 293.111442726409 292.712599130426 293.114935196819
292.273727419617 292.565345600568 292.431926313598 292.210974199733 292.589925511467 292.198891834401 292.514261501959 292.216975790719 292.062827737304 292.410774884108
291.155257611775 291.373710952457 291.413435155542 291.059688477564 291.656141591914 291.020843194587 291.374877794683 291.178486446802 290.934521831477 291.233086234093
289.916649980078 290.207401239553 290.339116940937 289.984345073012 290.418083919749 289.935431120642 290.337225302025 290.052112878196 289.933038500775 290.250866439847
289.249184466224 289.277111253114 289.383497313075 289.158641613869 289.483825259114 289.180710368062 289.440393316676 289.363699159199 288.99661213951 289.156449587306
289.143760551599 289.225730150099 290.017443838461 289.185654131675 289.681658651061 289.161229301762 289.395488176354 289.459130809434 289.173147530218 289.239775837362
289.464518966589 289.87229815057 290.434042319852 289.643657308929 290.184202266098 289.703360758051 289.841066304212 289.798933990174 289.684319717856 289.841031916573
290.47694067327 290.596177426276 291.208041249637 290.53119377994 290.830924183685 290.580267884422 290.56270847894 290.481075488956 290.522409813861 290.547057968495
291.329390502039 291.370453639464 291.857642074175 291.309825551681 291.612223836261 291.27146300303 291.474970176192 291.316448049756 291.140902936929 291.54407381805
291.910677794613 291.953441141869 292.536006986957 291.949159123214 292.086361261546 291.886216730063 292.22392117456 291.89034414985 291.823582965276 292.128194997731
292.585000164017 292.540084668548 293.091830584792 292.594143799912 292.695886761537 292.307536297841 292.71414808261 292.42169852817 292.518828433244 292.645411998827
293.123729999628 293.039603117449 293.316439645964 293.060961908379 293.116312446087 292.804038272633 293.023865959996 292.86292478219 292.974324849799 293.005469445677
292.969506699452 292.974745623963 293.253777061614 292.958013063626 292.948984366548 292.880392447932 292.887392724216 292.778907226464 292.946326733492 292.981370682761
292.263661698683 292.216384538944 292.339556039773 292.166584294041 292.286879439349 292.266375213876 292.187980570822 292.160925814364 292.194226701837 292.32661101336
291.195133664446 291.230161370928 291.34493300619 291.130358926773 291.076711174769 291.075172812105 291.152910023016 291.005892492579 291.246374866557 291.272943555859
290.057749217206 290.15634301089 290.355490285804 289.927516906284 289.819506941705 290.083129083539 289.945025288787 289.77255736402 290.102528281294 290.351708431308
289.32377136589 289.426532095998 289.521204459175 289.435978180923 289.246733156845 289.371413048744 289.104561225035 289.220844451548 289.434138043202 289.589308130594
289.276797575565 289.344107414884 289.711514113217 289.182905175274 289.351085166928 289.271566764299 289.228442561741 289.099832224621 289.774007748349 289.668835013471
289.888188133075 290.137449474932 289.850606111514 289.816008599398 289.922657249842 289.581113373574 289.958060839206 289.690370089564 290.217564106009 289.974707166078
290.575008610429 290.974555895605 290.456647250243 290.602223142462 290.39959663977 290.518093048713 290.759075466529 290.364109196815 290.597380918964 290.708628919204
291.410528714325 291.456037975988 291.376829289611 291.347488340664 291.346072083448 291.242833580429 291.603210845712 291.204473080983 291.2979922582 291.515860629983
292.053851235105 292.089828714832 292.14215804531 291.926701004493 292.047021326684 291.869276466366 292.091397227279 291.864749894832 292.014680022503 292.194963057969
292.73454846457 292.699811272842 292.617623642698 292.53527854017 292.540132960311 292.52229115887 292.730336923141 292.595865081656 292.591964004039 292.820607381919
293.090982874691 292.987982169068 293.082027000435 293.032967141258 293.005055814805 292.8924809745 293.094700686885 292.954203908942 293.078411337951 293.168313175366
293.146520149001 292.89972399292 292.904355727042 292.91909643488 292.912104641503 293.021382696931 292.968527288695 292.951671154612 293.09580032409 293.019705293844
292.449817849793 292.337081942487 292.323339073463 292.226504274443 292.123368047591 292.300603029592 292.212586542404 292.171577712 292.408529845582 292.355783699336
291.410334565633 291.264050207646 291.161051628932 291.147445898007 291.214172900027 291.229724930438 291.234302258069 291.253609048436 291.218147061472 291.439196302466
290.377044134756 290.116256708222 290.118806803831 290.227983221222 290.029928909068 289.885340072103 290.107563534147 290.094287727022 290.213295519429 290.350824383468
289.75097513688 289.413566263602 289.277638374028 289.397980725935 289.293557622148 289.408357686123 289.417048370734 289.455706298837 289.406947092138 289.462625838203
289.602147484779 289.373671261808 289.318586762492 289.672141903564 289.132816768646 289.231428206568 289.255358871581 289.541039951162 289.37121313108 289.394843376257
289.798918317594 289.741905290432 289.85990273893 289.908092269751 289.910010436241 289.846202563791 289.809481402587 289.86241301077 289.792527628296 290.093389774968
290.774409936788 290.623677600847 290.623296086456 290.487055949345 290.878309112132 290.746398730928 290.765177982042 290.932604934854 290.718893556976 290.833696600401
291.452647180055 291.435274060246 291.403346760842 291.269330693687 291.401838141746 291.500113915116 291.477180518257 291.417205106774 291.345700639041 291.436224506025
292.183665843164 291.925235968287 292.148966428007 292.035099556517 292.10431946958 291.987160144885 292.05240451493 292.101263134297 292.123207649981 292.218985745253
292.780162816568 292.570999609083 292.799899504572 292.555745175649 292.633548794883 292.627469761117 292.811635655117 292.845807242483 292.646312084492 292.674870672927
292.977255112491 293.067051682393 293.255047146491 293.01773679302 293.078408751614 292.90573503437 293.155363953212 293.211960717801 293.072411019851 293.014324709138
292.733499103277 293.013031148255 293.196661536113 292.957943607498 293.038213535518 292.775136330588 293.187819204015 293.136319832291 293.035534889829 292.857642845767
292.122229131161 292.091139599966 292.479438810732 292.247240015109 292.360217668159 292.146330628039 292.546591408351 292.48246065951 292.328124868961 291.932127654229
291.100560847164 290.976735576635 291.429461282683 291.170902537932 291.336257805332 291.044737698036 291.394449874138 291.212619760683 291.220453122681 290.893804225775
289.872703945035 290.004379943369 290.411247181732 289.848937724428 290.206459346451 290.067681777175 290.193552952105 290.311411663155 290.126426853489 289.922065016636
289.175460240165 289.38052773236 289.456755964552 289.298667096398 289.446581240913 289.200029143783 289.640538238928 289.747268687516 289.199179912305 289.115599991914
289.181977602342 289.50561801598 289.649353972797 289.065653903507 289.62475338638 289.359442235438 289.938401539464 289.621428181994 289.303496473861 288.965215525956
289.715820606454 290.092596852931 290.058065184887 289.508889395204 290.143670612429 289.886942822111 290.37431062195 290.139002295182 289.74388003182 289.42422302598
290.408027712347 290.98675861824 290.786068412264 290.347412985295 290.744430238815 290.542528610448 291.039131236866 291.128988743088 290.516100739993 290.326146965434
291.369984540045 291.539375098583 291.493625293613 291.222486121454 291.717222442614 291.396092010932 291.888637098128 291.80703642163 291.097065376384 291.012980235927
291.91941938713 292.15470666914 292.053579377311 292.006695685396 292.179963462716 292.055131622202 292.436777726056 292.36566100706 291.935214250802 291.749214060143
292.593661212983 292.804119110056 292.712946941182 292.460891016796 292.881868343816 292.655210521218 292.850843932996 292.87293434315 292.558566077197 292.45119107495
292.995665527456 293.28408976129 293.018330901745 292.839816198266 293.24731935313 293.09411703078 293.229307445004 293.145418071768 292.902960221014 292.962795717466
292.822538166791 293.192105670199 292.797173332713 292.641635515482 293.158273746574 292.977685387343 293.224362572076 292.890811609714 292.729089669779 292.746530603626
292.05700079304 292.583273291795 291.982910823308 291.913868426917 292.333760325885 292.247615342681 292.405338149775 292.177197622666 292.07239073024 292.109146867727
291.063094473534 291.486307308851 290.974763674234 290.831657516961 291.374503946739 291.199318467834 291.251315633966 291.003943978886 290.931857610815 290.971211054107
290.02159074013 290.346581254667 289.978416641495 289.816313134039 290.36632079435 289.972826430443 290.163991753302 289.834350973804 289.809607732834 289.794675519203
289.180514456776 289.449170681105 289.229166755439 289.065660789811 289.63516556152 289.128685795057 289.261123597883 289.177506763034 289.187957788422 289.118335081328
289.198813187546 289.404431736191 289.352614495256 289.207243091966 289.781039733523 289.289172706779 289.212034441837 289.176166978457 289.105617126148 288.982012291715
289.448494303391 290.14242146417 289.876771510641 289.387040532295 290.206863416384 289.771064054373 289.779143163795 289.790454015286 289.577217237459 289.281888335083
290.448753837765 290.783521182108 290.743359333294 290.4323998456 290.942865357414 290.668658301666 290.390225492719 290.36294637726 290.39398019344 290.347588671754
291.293491752583 291.427523148453 291.291471661096 291.373606520598 291.716485207733 291.477389054436 291.290374263267 291.031516757156 291.272005180913 291.221996083345
291.994773576453 292.129833954957 291.962280654891 291.793603060024 292.3613812874 292.032909601275 291.881085398693 291.644187198389 291.836549302651 291.80378001834
292.59731502502 292.692877977865 292.517409604413 292.510131960649 292.983303012432 292.638819165311 292.469668280046 292.430583345362 292.467157662119 292.397471679498
292.977672797291 293.136267730563 293.039390200078 293.056837396127 293.16284025311 292.987329124048 292.843644578599 292.777429880865 292.774517332185 292.898147075883
293.135015516559 292.902895965545 292.840452182445 293.104941689628 293.061136706783 292.878663822431 292.750689102012 292.686519962731 292.710896824527 292.767942303507
292.371885323534 292.147738391768 292.09250678455 292.368387490417 292.252038816337 292.163617913194 292.045386005431 292.070923477866 291.979574308626 292.054234721288
291.300489063248 291.068457422054 291.070310065534 291.345116691742 291.138534860892 291.090331320278 291.027710886312 291.143465085049 290.910427509407 291.039514495816
290.314840425604 289.872602214229 290.064759331197 290.126378322761 290.275649819846 290.053519445485 289.903200185553 289.881166663033 289.864308515786 289.930624429749
289.656944090014 289.255462848947 289.142910523009 289.461120709866 289.280654382257 289.272455973418 289.424021683473 289.181829591415 289.183798933598 289.179759767353
