290.148846672409 290.091526681597 289.829503386496 290.182930121286 289.977419386955 290.001964538735 289.805022904741 289.918213813226 289.940847616348 290.114396217228
290.70589139831 290.648333992505 290.491694365018 290.79415964706 290.451988469485 290.807399563918 290.496964818727 290.655512275035 290.443727181888 290.521728711357
291.658491373833 291.573535626537 291.297203711173 291.45872641578 291.266419656091 291.532337551115 291.253313279104 291.310545096591 291.416125722258 291.48913611646
292.330356616303 292.233112113255 292.21982623402 292.179210214148 291.931706736156 292.151269538181 291.876357698146 291.975477761269 292.137166452158 292.187136559198
292.770159430442 292.765074679896 292.680334624729 292.856759681293 292.460916531059 292.722775798883 292.526056508262 292.582683309285 292.696335169426 292.69396633963
293.255890371118 293.152201829307 293.164416094142 293.217656009381 292.955555650715 293.338115170222 293.043855050228 293.032280067925 293.199288982207 293.033762704463
293.435666929686 293.434964536218 293.438070847975 293.369387386523 293.270956329464 293.665050895303 293.291256129459 293.410615251548 293.362387873712 293.422105440988
293.30084144271 293.439063991753 293.402970191199 293.355871786572 293.214343971705 293.540344051949 293.288000464716 293.361415939662 293.39083666457 293.363375107489
292.766296200055 292.842328520202 292.832673713946 292.767320788954 292.694245162528 292.858341029007 292.636671637508 292.708129857608 292.886068334456 292.776266769342
291.859247314962 291.845319351024 291.76349850027 291.767209489663 291.555633169813 291.783489537716 291.596227723967 291.729877749791 291.936529441313 291.875378373827
291.078476872909 291.009597457368 290.740544233978 290.801726468016 290.662232354845 290.883819346647 290.500614215635 290.702419073232 290.942200075323 290.894632572694
290.63573146351 290.188355576969 290.116768233406 290.279242926768 289.987727703021 290.141525657078 289.731384425149 289.914785600134 290.288364552464 290.257707382378
290.634358006337 290.0925804015 290.133757585673 290.19560530704 289.771366332363 290.287504886495 289.565166261513 290.03502664438 290.413231601785 290.127893839741
291.157757088231 290.701439076976 290.728065838492 290.836554190847 290.400378745736 290.899973765577 290.203334452267 290.396511226585 291.083494983628 290.634351043521
291.799012296627 291.489335702513 291.534007200806 291.61605833427 291.213853348781 291.667719777669 291.02407160013 291.347679245813 291.731209217939 291.436023201055
292.361753423936 292.34853955015 292.174095686402 292.317141566524 291.970591649687 292.312150627526 291.950921970343 292.036137649282 292.373981045648 292.083469711151
293.012348191071 292.869810037929 292.73574372473 292.928633711389 292.536109081123 292.766523383011 292.487412401566 292.64420350789 292.947513217881 292.734932335168
293.296452130637 293.190367534851 293.202185092147 293.290916305835 293.072186201298 293.290883009791 292.963465673375 292.982406583197 293.301136252269 293.15756628018
293.536418417098 293.401701308294 293.543662105489 293.579624720909 293.408144674684 293.414768921417 293.222475231347 293.329766191696 293.586038697104 293.571276686016
293.532226025244 293.431040893332 293.501183826261 293.613364186097 293.470488373648 293.514333419856 293.273896648231 293.306189130008 293.427779673098 293.538558325517
292.880415567259 292.803955714118 292.87455029893 292.956236912301 292.879863021934 292.889824247002 292.648677096965 292.766582406105 292.899518064055 292.873860232624
291.895682041248 291.8485596623 292.057380838459 292.017272565536 291.978411519035 291.87233370884 291.586327560159 291.772760826268 291.796386722178 291.830260151801
290.876298871074 290.823036705189 291.06673097412 291.012432934071 290.818076412485 290.855069373872 290.641459890166 290.703622463055 290.723119842727 290.973115191507
290.23642819038 290.102677067889 290.570612705382 290.382240249731 290.386277983564 290.16505897125 289.843663800971 290.016399528233 290.0409248765 290.350239620643
290.322254524693 290.261010438855 290.747425227453 290.311703972778 290.240895390135 290.025800381841 289.79501330069 289.919884371105 289.822745915633 290.179218719203
290.751388434439 290.700571932216 291.090585504039 290.928809407687 290.56597363832 290.622790980299 290.388755260466 290.507372180323 290.590594479882 290.64420208784
291.557692537744 291.567235405454 291.512648274205 291.67931927418 291.504936886765 291.22804699077 291.271932454098 291.330250850747 291.39666549352 291.397392302366
292.22072620118 292.288317727323 292.230194635482 292.407444994712 292.243789031329 291.904523511836 292.030492423108 291.997802600899 292.073721001447 292.248345034897
292.723410605517 292.769654739332 292.885213797639 292.991028318216 292.803920494777 292.545455517256 292.711090940429 292.55800675238 292.613210418463 292.724759353249
293.181910345223 293.188638733161 293.345160588255 293.333313704364 293.227351322645 293.148642745719 293.015945764573 293.023951751867 293.141248103164 293.159693334464
293.486248961204 293.546383749895 293.614833825802 293.593013169909 293.543361909616 293.482739934367 293.303828284616 293.297802966003 293.383703849862 293.449285313773
293.358437798316 293.516356802973 293.584453747311 293.567176967751 293.371319083985 293.326089256543 293.282410441351 293.248719841736 293.338750073649 293.339562885751
292.846492795905 292.951738544907 292.937986369768 293.032982330423 292.824479327492 292.819467810405 292.702443676393 292.698798107001 292.705140763331 292.838510507172
291.812415619101 291.895389872927 291.998232893232 291.956846842801 291.700801259841 291.812892644766 291.653063385667 291.651374174558 291.700842206575 291.847856187926
290.830460732819 290.925099128467 290.982591647573 291.047692369819 290.813674198732 290.884027957446 290.640196403334 290.621598302524 290.665230132865 290.894425196226
290.047428205674 290.138549387416 290.163661326265 290.191364510123 289.989662191581 290.122066685947 289.981767223053 290.131812605059 290.048335985337 290.244912231735
289.938225383608 290.250089878521 290.101673449204 290.176706388678 290.050576939309 290.120497798446 289.982801332865 289.988823583492 289.990574219597 290.138087862467
290.643859435671 290.865092415406 290.623316229575 290.910479586765 290.447978160589 290.55389346568 290.449536540473 290.492565625301 290.547809120327 290.51559803557
291.353889363281 291.560086671816 291.541236249609 291.842873968507 291.241819296349 291.28855930194 291.323278552856 291.465133133804 291.478716999753 291.440729943185
292.007559292036 292.306882613601 292.222290364552 292.340488252947 292.050393796578 291.952282970519 291.861063563842 292.098835688618 292.22319234708 292.308243422355
292.628424800148 292.727924453496 292.723760515152 292.824165783312 292.547786766804 292.502537772627 292.486254869738 292.724719438392 292.855943850173 292.816875989511
293.063309415845 293.034576726296 293.12681355012 293.306002731479 293.072126542024 292.94041176463 292.938584420329 293.286985208092 293.221652195827 293.299107270999
293.395878961822 293.422176156013 293.527798771865 293.567670591996 293.330161542422 293.256800819313 293.333873644358 293.574335964857 293.518883041213 293.630164566557
293.392649363801 293.31629250609 293.483832581526 293.490531340699 293.307896821592 293.200059291581 293.312278456819 293.545225229966 293.515465092169 293.556526620812
292.797303650601 292.717526586453 292.874582893162 292.818378568231 292.647666364755 292.54934947689 292.644386934294 292.876066552492 292.83833296855 292.948196666881
291.895812668121 291.756225354343 291.819601731088 291.858620193498 291.598993118061 291.622985029331 291.579277503833 292.030287090202 291.837140722332 291.92127889907
290.857810627524 290.744074029463 290.896157265568 290.790401727959 290.629876584397 290.535491352266 290.715933129838 290.971963003274 290.799730896242 290.935693531045
290.207039656453 290.173594283964 290.198102861845 290.148217465135 289.845621316839 289.924941489122 290.033827622395 290.358369307314 290.195418409168 290.092859867773
290.060142038169 290.04355196036 289.946200835659 290.064985774358 289.784467085215 289.801834581252 289.950667901441 290.17785797093 289.856207077946 290.039406440432
290.516602584077 290.615449424108 290.344664644219 290.60520468777 290.452854389419 290.41480869379 290.503028155685 290.730777531345 290.679668238109 290.594447507308
291.40559383938 291.429471618278 291.630089032807 291.464298505541 291.19908574685 291.194853259939 291.360415079842 291.576822311864 291.359803691192 291.313775506521
292.166627050047 292.122210467398 292.194308338462 292.250376926363 291.922942611934 291.906229310625 292.045602669846 292.142126354958 292.197241043965 292.085732534724
292.636677160779 292.721871396889 292.578980083578 292.759006998472 292.51426675312 292.578380087089 292.627148969768 292.820064038307 292.621039230312 292.642535643254
293.081722226423 293.155658106707 293.122143581315 293.149092947005 292.955671968637 292.892448714166 293.103843907827 293.291118345769 293.138486767844 293.09863519226
293.392132282856 293.575279624877 293.366302160239 293.540916163379 293.298195590686 293.133759624432 293.468152166306 293.48505394578 293.538741025773 293.404883031219
293.367576796162 293.47589836033 293.406707292931 293.480300790987 293.306078064468 293.116019041694 293.429289426351 293.347273333135 293.416689224073 293.349865603364
292.812275494756 292.959387383281 292.680285879239 292.879163559621 292.69014600121 292.585876409205 292.764582409054 292.693616950691 292.76108180421 292.801306980642
291.734992240499 292.018348260891 291.578438957407 291.871893173636 291.727643925384 291.759444340615 291.805986559716 291.731395102932 291.845525611209 291.748368433854
290.88335030368 290.991120820275 290.705147878986 291.000494375306 290.65567196249 290.480757570131 290.919251496088 290.880823236495 290.800248734146 290.814751230336
290.318230997616 290.217568608042 289.99133518725 290.243414692908 290.006483694815 289.749542666212 290.185117640406 290.004358155054 290.164886407404 290.15549142717
290.326682373048 290.065035352321 289.84949486252 290.149625448879 289.980150085201 289.792535615943 290.256373188053 289.87662878945 290.141407496843 289.9172498656
290.56801111926 290.640487315889 290.42541009866 290.723712625384 290.473738195729 290.310894914611 290.834759673964 290.432411426782 290.628753755425 290.460279229586
291.51383407158 291.483006903265 291.28788644948 291.547795291084 291.307830128632 291.197021527347 291.531571605682 291.295569463292 291.419437964192 291.457590056605
292.288586165504 292.265648854641 292.149273462162 292.191986154678 291.909018171546 291.812625494952 292.154737823628 291.994484679892 292.129625033558 292.236646382456
292.775538721249 292.797468269955 292.733904774888 292.852406156505 292.452736572974 292.404485155972 292.751097029455 292.586472349216 292.648779566145 292.62023572264
293.216278238181 293.276406762488 293.149591567349 293.278097533258 293.037284530992 292.752310717922 293.176404587087 293.056626951853 293.114722788639 293.099021387754
293.536535110835 293.603560285893 293.586873731943 293.543770801231 293.273895066944 293.151578883808 293.434950314003 293.428540730691 293.463949618877 293.347605796539
293.41988827134 293.547706625265 293.514061102068 293.573739558233 293.266930773577 293.132906580583 293.378285607374 293.32824199732 293.347447293489 293.331611271245
292.783864837956 292.820292173694 292.881607897826 292.959339537364 292.735081455299 292.527998784211 292.718593903159 292.731316629186 292.63917811094 292.738335897429
291.801167161954 291.852733827641 291.88214373331 292.042721318056 291.748240225115 291.509698272816 291.689015808803 291.69048436953 291.791490476413 291.601508853967
290.740936592332 290.833661896848 290.953795098223 291.080328040273 290.665110715789 290.567147336158 290.826061929459 290.613686768341 290.794787991633 290.620116535134
290.013252154183 290.27995212996 290.147200618014 290.347628524354 290.071872754292 289.800378533045 290.034259488925 289.858009275647 290.060661763765 289.717270298734
290.003227899889 290.059489834094 290.22825661221 290.150328911329 290.093992218128 289.690267458645 289.921161505434 289.838708803967 290.131044672789 289.746494083101
290.384487672365 290.597290053767 290.734652375442 290.782297275452 290.590078204694 290.046337064128 290.786133154323 290.511904176136 290.675585997843 290.373217393573
291.283070145813 291.567680800182 291.513556053579 291.799458112264 291.424338093753 291.206423913589 291.497467759302 291.237133611979 291.602046803963 291.380307405516
292.014860184806 292.19311696814 292.321618055333 292.356163703072 292.154159415425 291.97409187305 292.128270800004 291.896421892894 292.234558347114 292.009850728514
292.679734065401 292.774399165846 292.823863676788 292.897095843938 292.770476003652 292.602168863582 292.812501786092 292.472367675478 292.799847407695 292.587630892788
293.089510850166 293.292538397049 293.206983986514 293.309113266687 293.119384727223 293.008838955709 293.054348740794 292.978981249321 293.192642950126 292.965896162011
293.411015899576 293.535977497909 293.519429186613 293.509792256348 293.428822744041 293.289877423126 293.504516496735 293.354170903093 293.554182393176 293.382799292632
293.302992154718 293.529074401345 293.454635122558 293.469240310746 293.423782272913 293.310913419049 293.563580787297 293.351895751199 293.554979380818 293.287789602806
292.751564529942 292.842294055642 292.833227778266 292.822071362462 292.871274983192 292.664194387377 292.934626649512 292.758535919862 292.93987831904 292.770439420673
291.702016382125 291.848608798391 291.784674138825 291.737892151145 291.991027661236 291.800327053399 292.026661934582 291.871749057201 292.008667025486 291.791922685624
290.825139200497 290.855748596915 290.872777495185 290.795930571181 290.966055624552 290.822586924018 290.918824342802 290.74972107374 291.102605081875 290.633442279252
289.978938467829 290.080504486464 290.211513978792 290.156994985295 290.392772407793 290.143177347283 289.947454959507 290.050126554586 290.375609900484 289.997566067361
290.021603619525 290.258142084892 290.119460660628 290.173791333339 290.247741121385 289.886362235055 290.220210930755 290.032046115019 290.48693655783 290.067377976535
290.667040703533 290.682318096683 290.846817855508 290.662110223947 290.645998795617 290.505260117773 290.702097670296 290.707707489625 291.011682937209 290.430833666366
291.27023311246 291.468962619397 291.499640529849 291.401773807633 291.670278717261 291.424190284612 291.592745351125 291.414107390536 291.706963851426 291.328931363958
292.095184777399 292.180946880211 292.174031276548 292.379857703442 292.223957824262 292.1647252031 292.335649694924 292.058403656863 292.418618961041 292.14679886853
292.614145265627 292.72886230191 292.691335380393 292.862531739864 292.877270860004 292.790081231419 292.814000398962 292.671488441921 293.048312504341 292.666660766278
293.15296442185 293.186432628303 293.296071277626 293.127266687883 293.157990152928 293.110775986572 293.266350999355 293.092818527948 293.431994002217 293.182106136568
293.308274140737 293.493360000115 293.619195067285 293.551830469365 293.378246932615 293.448674575187 293.570217968412 293.441765695521 293.626049862479 293.459277620857
293.337948220413 293.455080256095 293.635347833577 293.492755104694 293.238085869589 293.387991619759 293.513808229655 293.335825301241 293.499441992715 293.410476893826
292.832117063258 292.817885464537 293.081697144617 292.941845155647 292.63536294638 292.7865315304 292.987467116259 292.836481341253 292.882911042351 292.817759369544
291.904143653108 291.843613660197 292.031951150222 292.030896019623 291.535195294783 291.636474539655 292.01326459732 291.908265897581 291.941576924584 291.778510427002
290.929306974129 290.908631539103 291.009113191212 290.928163576849 290.664931242232 290.646111905199 290.854378841471 290.903483468882 290.703212047212 290.972347122012
290.381752383794 290.198928754735 290.291108520007 290.152237547085 289.835929568381 289.954861509228 290.375646612763 290.259050621852 290.060202553556 290.118585927048
290.215685457209 290.055156136434 290.416289582207 290.373342880513 289.680742094936 290.079803076812 290.464118296018 290.358436726532 290.090658071902 290.417658452093
290.714333926626 290.620924922888 290.865239106023 290.696221545038 290.385948432358 290.770854563213 290.98549891817 290.7138864152 290.699959918218 290.696751756412
291.435652500198 291.431889179998 291.576132496739 291.574685564959 291.335724388621 291.416232654491 291.812746844326 291.417395808942 291.429184256753 291.593093866508
292.412447091406 292.096962968717 292.373748410337 292.36041309177 292.039025941488 292.030305931989 292.471365522787 292.20360119645 292.11747668487 292.359095491213
292.966837913583 292.649806635979 292.973356184527 292.941671969885 292.562686062433 292.56525709812 293.009640974907 292.696456199681 292.730538501339 292.919446435036
293.197853457817 293.142379533089 293.376006313022 293.34830857763 292.975873235951 293.017211837483 293.419259158977 293.19220834565 292.993766301247 293.230788578674
293.477780612603 293.376240124733 293.678919488599 293.658378226542 293.34547600668 293.440476720818 293.664611363341 293.446408564753 293.406031010198 293.666040040706
293.467147724339 293.408016019345 293.586371458674 293.530936877632 293.369878571366 293.498480974686 293.605835580117 293.450344006067 293.356886359674 293.605953872063
292.926472124822 292.764764446838 293.013371820803 292.913338139905 292.718974382091 292.834013790077 292.936159832879 292.727712529058 292.780760074473 292.937052150033
291.914343225995 291.788642296564 291.91452818514 291.979838561131 291.673610784841 291.968787476025 292.006926558759 291.664314541254 291.752600163296 292.029132282256
290.776011231232 290.715526176937 291.017210546115 290.92788919209 290.649276892261 290.994843339561 291.025339252094 290.793111800194 290.730323506285 291.085844674206
290.032630007121 289.941247312869 290.392223401608 290.237049732351 290.036704818948 290.283303375629 290.349845440191 290.08702605753 289.875441938095 290.359819377983
290.121836239885 290.023397545965 290.251139306021 290.130596644359 289.934304615648 290.164762566657 290.40499628651 289.943931304483 289.940138220268 290.407669878768
290.76307465515 290.56778143243 290.937304485521 290.635830656159 290.457321385684 290.638867079655 290.921281364896 290.475959739211 290.584831281162 290.932826478898
291.558060602714 291.23906810258 291.702418418478 291.466100963131 291.303246642894 291.357174857254 291.694515228568 291.380712783252 291.472989378476 291.402335468558
292.266419203172 292.155065356035 292.437257255272 292.18993900994 292.034395653511 292.135478442873 292.418402373807 291.969088356399 292.091395162539 292.28164503096
292.728331610229 292.667646628596 292.93340550912 292.751620391236 292.646096662823 292.804133138896 292.989241396716 292.494431799996 292.669875627418 292.871526844343
293.168436257031 293.078501072889 293.398752168245 293.188768787426 293.15671348823 293.197042528657 293.356176220735 292.940481781768 293.021242816796 293.205742685918
293.466430661843 293.348052270373 293.696996981232 293.465292785323 293.3934105537 293.449118094582 293.535978938469 293.223129667951 293.457953639925 293.525097306642
293.467104692614 293.22634616537 293.642632922056 293.432020694337 293.41743778358 293.411529672435 293.358535491863 293.139580174571 293.429477600484 293.423348708241
292.916997569274 292.707843037175 292.902012373385 292.885802742494 292.716893233609 292.854545320131 292.683104756991 292.585486117834 292.838234766658 292.892568934028
291.858225904911 291.820997669051 291.819624090047 291.735066603285 291.668320945991 291.825230863068 291.67072727582 291.461414491986 291.765634538476 291.871551725949
290.905352348487 290.911214353065 290.722469397005 290.654478539981 290.703813354515 290.813447448335 290.759708041053 290.491595969648 290.670832095408 290.901209409775
290.208608797189 290.103240881903 290.241606871092 289.932208040226 290.026426386714 290.146713643548 289.949375784983 289.859383235062 290.092078442909 290.117459756693
290.046911815024 290.172051277531 290.109271322712 289.785415953627 289.870532247601 290.133724359253 289.818410715197 289.856058919949 289.817210677865 289.918830108981
290.639181048157 290.473340451213 290.791794999932 290.36873768629 290.497002581198 290.567675955189 290.590155314144 290.291934826954 290.325409392852 290.633849680332
291.492048246148 291.472244848397 291.527174703638 291.392382610736 291.347093097115 291.497071975336 291.279414105953 291.015070356369 291.143540502727 291.499394423862
292.196513441252 292.144592688424 292.303129987909 292.068324732092 292.051706618841 292.155975941047 291.905588359262 291.885452059857 291.976486532603 292.197381663932
292.722907250343 292.727477499623 292.744447567412 292.523428527728 292.51994696776 292.694621358015 292.535938061008 292.463649190369 292.55732502211 292.73163686586
293.146894148645 293.209945386132 293.13278335954 293.118012297164 292.967634788908 293.047345391642 292.986483850562 292.845661793058 293.007722762384 293.167319753613
293.474188005497 293.478468631159 293.567854291325 293.518883502393 293.291969811336 293.369286162867 293.399576284008 293.306554570684 293.352481921825 293.478802815114
293.339151894297 293.379646365804 293.500035929819 293.441272870977 293.290642318811 293.39771393752 293.360661370817 293.275110828607 293.212753630087 293.376167240793
292.744477594235 292.721064624537 292.917625969054 292.856747582857 292.704512325897 292.64319345019 292.647371259623 292.672966178313 292.632279488188 292.810777331251
291.750647433566 291.803519288837 291.962242004073 291.805739899494 291.771679552115 291.687377748364 291.600870448595 291.583249951387 291.60546535922 291.785052862537
290.667712639184 290.942688055197 290.910155783577 290.810965836624 290.697014772223 290.591884798357 290.653102614202 290.671527709977 290.663956776541 290.889928825206
290.090181340193 290.424390265715 290.182996930499 290.235308095657 290.022007177363 289.79654706916 289.907812635359 290.115891243866 290.02393191766 290.248900043789
290.04663472279 290.370281297014 290.330974841324 290.063405307338 290.103222010034 289.720308143047 289.996557406683 289.975670292944 289.935293241609 290.239601287313
290.598108658604 290.774193664793 291.056509553779 290.604978603592 290.62013514188 290.55239793325 290.558807068822 290.631848462061 290.525118300507 290.919993991152
291.484253693545 291.866140988881 291.686809221756 291.405040859936 291.341645230824 291.24907100996 291.448901150671 291.310238832793 291.202107670706 291.684190653168
292.116388521453 292.50200428135 292.261257726839 292.170581071359 291.997940740175 292.111057908995 292.063395536023 292.215138704618 292.046900607124 292.337374812968
292.66999066629 293.078927741785 292.877987137479 292.862938848146 292.625398216996 292.464497006899 292.6520330844 292.707740670758 292.624547764372 292.692667283895
293.111519574295 293.364144416896 293.278243164394 293.216526479304 293.104937980798 292.93167302474 293.119267414414 293.159420798275 293.03198251304 293.262451286447
293.439370255561 293.550150759014 293.477201015253 293.527455227587 293.41524698909 293.31117752159 293.411672004114 293.491175590303 293.364742419889 293.559159877762
293.505084768229 293.511885487758 293.514039677384 293.575020884397 293.285813126391 293.194160273517 293.401713113652 293.400836715009 293.383495951532 293.50534849964
292.848925742663 292.846817534106 292.892894789317 292.957151841631 292.659282977398 292.529348439468 292.689069400954 292.72185280217 292.797451129574 292.82627796202
291.972470950707 291.844063384409 291.979366263803 291.961964479011 291.629740954941 291.555674192755 291.761988765807 291.834922902354 291.714551609353 292.008366056464
290.954828093708 290.822523154797 290.957589378224 291.02386600879 290.643347342102 290.599048948108 290.635847718172 290.814668488912 290.711714790978 291.05389191977
290.363133420783 290.060239985767 290.323334185242 290.374284235239 289.937043336866 289.894399176504 290.050376861416 290.069588554096 290.038411070143 290.231027940663
290.129536383654 290.047114147143 290.301165334856 290.432710498213 289.799719912563 289.738979775791 290.070780865975 290.022923564398 290.013538144227 290.213435707218
290.901192169159 290.685484121377 290.716853801936 290.887024123488 290.346646370253 290.429351657344 290.735932491879 290.296900212101 290.595992300266 290.818992080662
291.616503642386 291.456077587157 291.481129033911 291.690253404103 291.328709225946 291.148694475963 291.506133855878 291.16275623012 291.293895601278 291.400912224024
292.323466347635 292.197623828574 292.174087281749 292.501744633273 291.985475897855 291.859731361215 292.289606600741 291.903267622109 291.952610438736 292.187623245402
292.866320154663 292.842598455205 292.819936014264 292.94806843363 292.479386990355 292.493661868221 292.669026272348 292.569467692303 292.554483352421 292.723848175247
293.173150833425 293.244248036234 293.167103537921 293.395098227047 292.978272969505 292.859243950672 293.057400317325 293.15389229346 293.102795459059 293.251076240028
293.421607618166 293.522864240014 293.604569113358 293.567507122435 293.28627463592 293.275339131663 293.417029911896 293.441453686083 293.351930033425 293.511437277574
293.383088709338 293.468258037668 293.540749316046 293.508645566331 293.226694515583 293.288039115184 293.348707511364 293.317718130934 293.210320159767 293.299815574147
292.771726053322 292.73906212005 292.891761289249 292.928786400142 292.636266565405 292.613276808116 292.733680366132 292.75301221592 292.589750257803 292.758656957696
291.720790766225 291.779662190404 291.847838120662 291.890884713021 291.678814822188 291.579982635133 291.71441392356 291.74060344625 291.538717080587 291.797155782447
290.700046035691 290.692248555138 290.843090089846 290.934747299346 290.60357487847 290.614780942153 290.837610280569 290.754075455247 290.677829943343 290.790239982074
290.107620967821 289.954331842582 290.158392958356 290.107146116936 289.925120942199 289.91827429795 290.025603358897 289.988937879376 289.921606364614 290.008688062084
289.965144466346 290.019942193278 290.153720303266 289.993992958157 289.963982434466 289.744738908961 290.007608048111 289.960356025698 290.056669064086 289.972956390496
290.473807720103 290.645135370153 290.810976787579 290.719761267124 290.450566638724 290.31574768972 290.642777692566 290.367377956435 290.563104578244 290.624526430637
291.575546754971 291.39329067295 291.504930080579 291.52975707318 291.327703347868 291.319910156817 291.386226870089 291.408108426853 291.289181747389 291.335845430345
292.195920706912 292.07883973391 292.197294139262 292.143135271567 292.023938243034 292.053419784568 292.180649668471 292.008454186909 292.052278107325 292.119390741816
292.613712407751 292.734816291074 292.746551445841 292.788100602675 292.599433684136 292.568315870923 292.700974362081 292.611502091212 292.590130110678 292.654308813706
293.06814452692 293.082851088702 293.24097311447 293.218773901535 293.084090877571 292.976036456945 293.095277316573 292.996805451022 292.907010293742 293.015011002738
293.38622327485 293.408704731527 293.58317055322 293.402172363382 293.403782560154 293.312428778728 293.339378600647 293.301600800492 293.221111336772 293.415465574046
293.34794197601 293.474320596095 293.626888308519 293.459479814213 293.383819370632 293.269709626076 293.400721647242 293.304904593847 293.216971650641 293.400532816386
292.780175789283 292.907746669795 293.028662247334 292.754796309578 292.697541334454 292.640137647546 292.81235536646 292.700749561698 292.648137479593 292.807784123255
291.889333295552 291.94999739359 291.975677480613 291.816362565301 291.731199048799 291.553917099443 291.79840737952 291.660016488756 291.688793231206 291.754691560062
291.015935601624 291.004914066034 290.859813598373 290.700687886329 290.827984253178 290.706564986958 290.833992724323 290.762466815928 290.627252650541 290.759683057433
290.371319775385 290.313112179901 290.074204860797 290.091593862241 290.203780512924 289.886093812914 290.06300920385 290.085032842256 289.986334355292 290.16150816312
290.428997818793 290.349132451018 290.235409294218 290.197925932434 290.095192315786 289.914482409039 290.169336954255 289.971166791098 290.088588961841 289.946751081732
290.911884154206 291.05198690935 290.852359486218 290.816190874752 290.434604188622 290.499992094165 290.68399359215 290.578986547349 290.542698071945 290.638804753208
291.690033028276 291.609323830343 291.627163011688 291.501879168638 291.336989407406 291.079034945322 291.463830741678 291.409366850285 291.501727730912 291.364830833892
292.483927184821 292.44207030256 292.211374318026 292.324328634896 292.074439869182 292.029690951078 292.189361758613 291.961917068225 292.214465917612 291.980277067607
293.01680775553 292.799151708766 292.8674814464 292.870973625611 292.745258358579 292.684627544793 292.735765469455 292.573920280195 292.795756855662 292.6283813299
293.296646716372 293.285420476598 293.283378777769 293.277516769352 293.227392280896 293.026968210782 293.268311646352 293.110177854415 293.112245110238 292.990140746408
293.665062083838 293.5466073354 293.581191776008 293.527445916762 293.458891018554 293.344798460669 293.487012405856 293.372407693673 293.510432844204 293.336807555869
293.633211956002 293.513712229539 293.516809388769 293.493460838848 293.254880997634 293.232161032087 293.492456988052 293.314695397857 293.409784256446 293.32505503917
292.926336817384 292.8693202436 292.856010614283 292.794430326985 292.619977808007 292.669514790402 292.773608163614 292.75703142671 292.733700892613 292.74092323557
291.885723023821 291.963552119962 291.921845900342 291.822076848318 291.733259710402 291.676992676048 291.833766200898 291.810311711514 291.75576971215 291.579737359987
290.912733303388 290.978801873782 290.975484792633 290.890111065403 290.795709610826 290.753092138985 290.901141871003 290.87152160071 290.644975492819 290.544181142119
290.214009903239 290.20027698493 290.171775745746 290.057483752326 289.939433632918 290.000286843486 290.175154971375 289.995735308908 289.951272654983 289.715652630775
290.392387142262 290.123316867677 290.184682895636 290.053357846414 289.880713536696 289.948042087433 290.319974918119 290.094483006114 289.955209795117 289.823754163723
290.740480298559 290.847560100253 290.722640363864 290.625550186636 290.43191777791 290.555944958437 290.869153386913 290.583071744733 290.286219072666 290.378919969057
291.514173171481 291.639516028215 291.508002113523 291.450240098558 291.194804344332 291.294182827272 291.525108440112 291.422965803151 291.29318789849 291.321206976649
292.199827428324 292.255847132464 292.158226153337 292.20990108765 291.967293467858 292.05653756146 292.195282746526 292.1660590362 291.987587555727 292.06662716056
292.802737456811 292.841806116246 292.823676659136 292.712863620809 292.552291937463 292.659487799887 292.688626238255 292.661280443342 292.661165574105 292.78736542602
293.260656778339 293.308170877213 293.269119018536 293.202596193714 292.999232455364 292.97031358574 293.127240248481 293.142688575875 293.183314500691 293.201397036815
293.607719912658 293.521109516085 293.585651042782 293.549796590583 293.352632093666 293.350747424405 293.483657408895 293.38644156735 293.552239812119 293.578690118505
293.628129415106 293.477926592153 293.585609480495 293.465550600976 293.298073420585 293.29377417891 293.401570628381 293.35404320029 293.553178026269 293.457942150099
292.957481470742 292.740199861973 292.986947358707 292.810833405336 292.69009394019 292.675058810091 292.819281075667 292.657517533717 292.834586471417 292.841588176862
291.957282826884 291.911254602831 291.954608315639 291.853030868317 291.682337791078 291.800072398684 291.699433647064 291.595346748147 291.839681588024 291.858982898196
290.837818263725 290.92117881384 290.882476667314 290.732973663756 290.861018255644 290.887589036564 290.65514691992 290.56611942791 290.816704536585 290.877200586539
290.174112199049 290.257667267624 290.020837073483 290.24780476289 290.069970504024 290.236307035706 290.044651978773 290.098917123521 290.116174391489 290.114438558053
290.144667332551 290.290268492865 290.143492699813 290.012836953718 289.906211014998 290.042875297507 290.087886422167 289.946278098077 290.054591818453 290.055009615853
290.695923111634 290.872481042825 290.626817858838 290.429140526485 290.556484598685 290.62548038292 290.650434190996 290.712789881978 290.674611108379 290.945425951998
291.353524638404 291.618839532272 291.441372967204 291.352993364489 291.364541002481 291.380372430991 291.260211628018 291.16831629471 291.382451994016 291.617722896779
292.216112925928 292.292770092204 292.103975266612 292.060921241 292.106850868675 292.096094688622 292.034585681168 292.037440812119 292.059065245144 292.459117594609
292.728853746615 292.854700250497 292.741747680468 292.749875621495 292.568477955348 292.705393819917 292.627382727761 292.624212892106 292.603093495236 293.006194306115
293.188853062576 293.375490364081 293.254677775704 293.197816942114 292.934793185652 293.012431159932 292.977434547188 293.132358802625 293.215419374405 293.33009055416
293.65222543543 293.64690714061 293.567416201128 293.46868314838 293.324072757047 293.28086265709 293.427844681168 293.492623135641 293.525155441058 293.59057972808
293.710017326704 293.506503356472 293.570006593928 293.440670082862 293.170787913257 293.337220535754 293.368236966429 293.452548752873 293.493700023656 293.448040410484
293.084465287921 292.938092762023 293.052346520009 292.816518015993 292.383882517437 292.713333653796 292.863734216314 292.886507852474 292.83026732683 292.843870041437
292.108853599816 291.940850852883 292.093083619181 291.911231450128 291.546359784965 291.677594126372 291.983319518015 291.860213820691 291.712048034453 291.865633145612
291.113110801295 290.959814492401 291.064062952562 290.863185769663 290.497358785744 290.743272069557 290.930196453651 290.76203455164 290.644160300269 290.748905903195
290.327882311691 290.303304278969 290.342354990325 290.202934295682 289.826534130552 289.836625548738 290.073506102229 290.21066328661 290.049209421461 290.11405071631
290.236859231186 290.281832693028 290.106380741061 290.131270409009 289.871342132954 290.156725541336 290.19098577375 290.137070777566 290.166030621881 290.223193843829
290.680117498392 290.886932989793 290.753833791683 290.782107681025 290.37498729256 290.586948940778 290.789861088322 290.591804103664 290.602182970376 290.695234636122
291.646829635659 291.710016229089 291.645927443707 291.443441299426 291.090282714165 291.356948486465 291.533527225846 291.541134019697 291.302037632422 291.533860924715
292.359930662252 292.345631851636 292.239819737637 292.14497216361 291.771390453629 292.052596485887 292.266690314185 292.235588073055 292.038566068108 292.175199858074
292.8679517443 292.795791048076 292.927486369176 292.799366349626 292.47101637629 292.693257778801 292.963599406375 292.80909492424 292.727957927271 292.832224962485
293.212183808753 293.396951056158 293.301928096686 293.104892714863 292.874872045622 293.141004088687 293.357741125279 293.169411254301 293.176130991115 293.279349217522
293.530512511141 293.606502300277 293.664084346513 293.458798131247 293.237647988466 293.522323064268 293.615568553324 293.501597507259 293.44348027151 293.498288360395
293.477962433 293.490078095698 293.58194231436 293.363446730551 293.226319721913 293.343309970773 293.585609181913 293.460973410996 293.36633651258 293.450249246227
292.843727202352 292.733287686729 292.972074931014 292.806081166859 292.632170766385 292.78673132167 292.957912481365 292.792551175904 292.77892856525 292.969407546844
291.987123707673 291.831229838928 291.998679471382 291.921527880642 291.649712400035 291.887224254856 291.958929179221 291.780700872568 291.939494242608 291.932966850169
290.96055519676 290.782841273532 290.936328648805 290.782483728041 290.627761136708 290.769665125063 291.090227004152 290.84432581291 290.877699400071 290.889113682581
290.143257692359 290.02645833311 290.162939817307 290.130803636071 289.944929515631 290.136352332181 290.393324945429 290.173955131486 290.060970507063 290.294071189772
290.059321599 289.884110745075 290.0836999505 290.197499353307 289.713505587728 290.01547746331 290.772170729108 290.223038876684 290.052769563587 290.351714562211
290.57478301986 290.64689194592 290.774024977821 290.803670488385 290.246997228585 290.568885463421 291.108937472258 290.683469771057 290.682977487471 290.867012407138
291.450983376847 291.350080154919 291.666435097678 291.627127856421 291.109755081085 291.293399253396 291.836443858636 291.424297480455 291.401211145596 291.64138768503
292.2573478338 292.150373538844 292.319052204879 292.146912102365 291.967005575793 292.142246984872 292.557485278276 292.07025485561 292.136368013327 292.14801566012
292.780497710772 292.731092855384 292.884497752053 292.699363429763 292.588597719436 292.732496936146 293.123888358839 292.854430479632 292.850364248481 292.819985291667
293.221349577801 293.120914415886 293.39860137134 293.281106765338 292.963733230202 293.138406241204 293.456148495978 293.159517668113 293.166625543962 293.240928042574
293.590532691494 293.433772902419 293.699053497106 293.527762557078 293.294888744674 293.428418112655 293.634598158158 293.501368483743 293.369648634053 293.679289464687
293.546534237128 293.433354494343 293.587516477562 293.430130337896 293.315370298474 293.375252492887 293.617487219734 293.387030861538 293.330089526542 293.662596812781
292.944420894617 292.76599186684 292.924570198892 292.723331107685 292.767487257956 292.667599554962 292.929777869593 292.679108265022 292.660592176881 292.95938308159
291.987432729025 291.935605033818 291.991416709682 291.838938610253 291.787346754422 291.641112940934 291.882543810719 291.733397476311 291.662319152488 292.074434141016
291.001727596524 290.915892906924 291.024050249496 290.909860585501 290.572602034719 290.559840138622 290.923402220248 290.826832405627 290.706808104288 290.999570266163
290.298719336643 290.362861012933 290.423825477013 290.232868038289 289.973610626926 289.89488884378 290.111677110174 290.043603610814 290.174006163422 290.268928129697
290.302900613311 290.32632673995 290.317242699296 290.158397823705 290.075066972271 289.933179804334 290.106991497049 290.194532451798 289.959608284903 290.21825505586
290.654094798104 290.734539485084 290.803333933127 290.725349935907 290.628806693264 290.509527474903 290.75751641059 290.577151268161 290.525582652653 290.83684128701
291.62029951014 291.676002564131 291.590565443998 291.659624054075 291.26038105189 291.137899065643 291.586242797361 291.612443272949 291.469660019139 291.658234477084
292.290742756524 292.293580860204 292.40182984235 292.333153307587 292.086282387779 291.949175168393 292.172091160351 292.19658918566 292.123853182403 292.278210612984
292.728500729565 292.922958338235 292.907973865193 292.736397483426 292.667157425925 292.600384697552 292.748562394237 292.674443352172 292.694153526029 292.827488220522
293.222528303056 293.378577579379 293.282890733912 293.180227015837 293.066153737204 292.872505577125 293.178688325483 293.212553879234 293.176105814257 293.264085439185
293.613718073448 293.567386276351 293.585123804927 293.514590954134 293.37918739777 293.331630631624 293.507253876781 293.580588419427 293.464354516293 293.522245136747
293.573715379513 293.495195474374 293.478842769676 293.530369318459 293.357666876752 293.263870457481 293.488858059858 293.564973234614 293.399676013488 293.489921236604
293.037501550776 292.934225615124 292.868007521522 292.834416649036 292.644291777579 292.641645698099 292.751216370976 292.887333920437 292.837170210729 292.934522957291
292.104747214958 291.862340001899 291.940292557104 291.884510694599 291.726333035336 291.671468568293 291.642769125283 291.944154956122 291.760628043433 292.007003474894
290.982164494332 290.878655847971 290.998175321717 290.887010618527 290.659707057573 290.699402766859 290.673330247241 290.932224333038 290.829046230282 290.881460866979
290.260776331804 290.314894717249 290.269834304858 290.18402742059 289.859242807182 290.095164182227 289.869267359545 290.325550706735 290.109436682738 290.212892170686
290.32852095018 290.221991890794 290.147859187265 290.210753549851 289.926594525411 289.949895810383 289.902829916477 290.402917051448 290.238380314678 290.230037833071
290.832478741691 290.580092159929 290.593068032051 290.710349689355 290.447863689164 290.450970494761 290.465601824146 290.932448729975 290.604606886172 290.679970946474
291.677772431814 291.411291070409 291.516409641275 291.444149593172 291.375692187798 291.49252855451 291.345036882115 291.633501349164 291.677985178051 291.614649981523
292.54713031944 292.118195898888 292.371673292967 292.097728219693 292.066715841109 292.144725406211 292.145047937132 292.332327536233 292.314947373979 292.155539118356
293.074348203935 292.639176747705 292.912301663991 292.698577768307 292.589174417811 292.654580917852 292.630945492018 292.809150433908 292.983971770521 292.706135826895
293.473770205862 293.097619973979 293.344151047499 293.084152249539 293.0692148334 293.181645012768 293.209849093929 293.163407254416 293.315615557496 293.161219261792
293.664343983599 293.350466465476 293.605167953598 293.434220007791 293.383696849769 293.368344340617 293.521202114926 293.416490810315 293.614725746306 293.485106165931
293.452380136357 293.383579832022 293.485016842597 293.390546169156 293.227125094328 293.316896216879 293.452064428892 293.370044668652 293.507135508679 293.361117020369
292.852716690213 292.698306367433 292.961965322279 292.887929882584 292.675960677946 292.661885478827 292.908211613754 292.707466308796 292.866672646778 292.92857894498
291.744649313103 291.716933174959 291.99215166965 291.860314640438 291.732552843559 291.729015402182 292.095426201413 291.813496815934 291.979912690923 291.926975922466
290.93416960524 290.714997828835 290.987001479186 290.891861337054 290.704934872181 290.835789639621 291.011400904587 290.875266799459 291.079773419062 291.028134955763
290.136694479226 289.872296140807 290.19775260382 290.264186915566 290.0936346174 290.194307635927 290.25779095841 290.102183660117 290.231950575646 290.114361514943
290.346326717196 289.959798828923 290.132315266716 290.323889896165 289.798154214748 290.067045707571 290.498136911672 290.006939544784 290.195693171448 290.119042238723
290.678448920023 290.393764058046 290.732354263271 290.868727914728 290.186127109652 290.538640152465 291.064166300268 290.628963986395 290.808137671884 290.731518311997
291.468355309292 291.338472612346 291.492958732551 291.5823423526 291.239297065998 291.36767192011 291.700271133393 291.376320973014 291.545490251485 291.505453018607
292.031131048372 292.147497795565 292.165321516875 292.24887529298 292.051246797651 292.01591705402 292.339919456835 292.22144758723 292.399626106533 292.133343781216
292.600299296576 292.698815069163 292.658888349152 292.905817018282 292.636536597774 292.515427232526 292.929740815591 292.722082664087 292.901249465816 292.852179709545
293.072540037446 293.045657938123 293.253450054737 293.272487375462 293.008922047597 293.022212270241 293.302807384059 293.126065944102 293.154352404597 293.201190420924
293.528390767421 293.468940907381 293.475028362457 293.610115822116 293.276464146903 293.377694621264 293.610730010648 293.425992384576 293.446558892565 293.537244770515
293.41044116717 293.346212746858 293.494251629138 293.448298954375 293.206199632167 293.298108656267 293.472664971999 293.410307078006 293.445349237293 293.444981713475
292.823350568909 292.849225278132 292.728739051627 292.836809005187 292.533190457748 292.589378369761 292.785322691167 292.78200111653 292.883536337937 292.900828868756
291.891480563355 291.803636905485 291.81225616055 291.89429187979 291.448460284662 291.582035213408 291.846168536992 291.79940475893 291.83021019023 291.804600644426
290.886068768129 290.95681594679 290.919895553462 290.855839986155 290.489994293207 290.723974777562 290.890314851738 290.797475905637 290.774798592245 290.78915109703
290.246235505931 290.209577210808 290.224009289305 290.177520557445 289.922313806641 290.00335906988 290.057037147953 290.298658418602 290.089423693938 290.131112849588
290.101542658833 290.399192329357 290.176809620624 290.333612767579 289.856847796285 289.822448141514 290.047059435759 290.470678358973 290.074267721969 290.073565124932
290.540302059848 290.676330334338 290.799483847945 290.8581635468 290.531556624661 290.447676883378 290.564830032593 290.981412774037 290.684086149271 290.558816398818
291.403382130827 291.39907989271 291.697489296821 291.771719773958 291.269605653297 291.363608645254 291.371552060019 291.580385200983 291.37905762293 291.398303650108
292.176846156814 292.207873704973 292.501854791067 292.254602369596 292.031674902168 291.985308937425 292.13859614928 292.360105231249 292.164658381576 292.119714567901
292.860451829328 292.838511908434 293.103591635641 292.764996147409 292.602230979477 292.604623135579 292.654116546282 292.909098546259 292.782285485409 292.66850748386
293.306775808177 293.176061640435 293.494441955997 293.349977135084 293.191584822222 293.10149779648 293.125239128312 293.254122801073 293.117742599184 293.091158423239
293.5620716428 293.548790523021 293.726357378735 293.688328137163 293.356464715761 293.370469862714 293.436860525095 293.664589057835 293.43715005336 293.403127300425
293.445379118073 293.509396563904 293.553900153277 293.681165870646 293.239327976247 293.334164505571 293.461452229149 293.632108964316 293.415098307779 293.255751212424
292.880394663138 292.910127918272 292.926965341049 293.023135726991 292.643242246204 292.695365145919 292.770390660691 292.941903967855 292.68928640978 292.718773789688
291.80915682443 291.887768149019 291.946361411325 292.008148947835 291.735036460782 291.871795194249 291.79447811556 291.95148526659 291.746470440958 291.701837433284
290.650255557767 290.874928813825 290.917792544702 291.006165023662 290.788390051382 290.793443087535 290.877390592659 291.030503273229 290.703941829063 290.634602428845
290.004879870564 290.224683136889 290.249916151924 290.318969917692 289.962023060583 290.145503781778 290.116121521957 290.429105204963 290.093340922356 289.758382933319
289.974515630604 290.094521468218 290.26346097402 290.199942698072 290.237607622545 290.110577087186 290.059450515759 290.623165256566 289.776541724309 289.796870366326
290.51102296293 290.727871049908 290.608438745397 290.461594253852 290.671537572538 290.70304416074 290.541838603524 291.103241450529 290.624544063793 290.440763306607
291.223937288846 291.470518173375 291.550959021978 291.531724263804 291.486338548565 291.412164775862 291.423884845848 291.787559618036 291.334070857027 291.16033036465
292.083546219365 292.380196459214 292.486950536214 292.253989608458 292.300818639545 292.314750343716 292.085218234225 292.510111907126 292.069880831037 292.052833371321
292.55115226621 292.761848660229 292.841538725729 292.733230360466 292.90181372688 292.828856135952 292.591680969557 293.022499525753 292.628300569773 292.695454023733
292.97234552336 293.255540098138 293.234211792064 293.121516070856 293.388898195396 293.128606086272 293.146613580938 293.271559046208 293.058813760604 293.10771057925
293.343359024017 293.488989640193 293.535080593008 293.518704270894 293.413652104371 293.501442323252 293.476323133543 293.390137396996 293.327994173102 293.487274027538
293.361907092271 293.436063683517 293.499202545189 293.512501358822 293.405363733989 293.343617069676 293.419768488905 293.300761194888 293.406025935501 293.492156048411
292.722388356238 292.804793864833 292.745108600847 292.770512389785 292.80637198796 292.548836387349 292.675641300468 292.74292494811 292.925192359478 292.762208393847
291.683349813009 291.858944661104 291.651208686699 291.865392957877 291.826120569884 291.744450800338 291.786495122746 291.64366293515 291.905624092506 291.874688930734
290.793584819634 290.755769272812 290.724599930702 290.911564988037 290.747823006249 290.799071166045 290.68485558987 290.548672146033 291.009167280864 290.790186301555
290.169291319453 290.099566194469 290.068147940281 290.139802364613 290.29576910285 290.001552980335 289.997239329195 289.8835635065 290.375727418016 290.198617595858
290.194995896732 290.007378682129 290.088325890341 290.147385767927 290.357657228557 290.079060650412 289.920121719355 289.640244286147 290.30071159496 290.121989205155
290.762484442863 290.499395353081 290.712630152588 290.765548196374 290.710657286979 290.381151359586 290.413232401481 290.301502967879 290.851229312989 290.849432651563
291.469774860784 291.355526047955 291.575467867302 291.510439964028 291.547949792845 291.246996991495 291.311692141314 291.273714329872 291.722647790585 291.578583185327
292.116064651732 292.292361582885 292.150111377642 292.060287617569 292.327913739278 291.891087187266 292.097254857159 292.065338262214 292.372954226369 292.383541993438
292.688921429629 292.855710018057 292.669770152502 292.67788329389 292.937197138634 292.582151406152 292.742923302969 292.454935623556 292.923897334247 292.834750316092
293.145352545314 293.227481854027 293.132516111224 293.241244272752 293.216904348078 293.056942885072 293.211192403907 292.934986968381 293.296519250198 293.220042647856
293.502251853031 293.505217705043 293.492214291162 293.436211041555 293.60796592481 293.341073008178 293.42757066694 293.209401163006 293.47904157305 293.349838441186
293.486051797152 293.436539325389 293.531384449499 293.371133854037 293.564978174552 293.249561046726 293.337551251139 293.243065703208 293.404722786897 293.389842696964
292.950860179751 292.834805832155 292.847152761178 292.712619609899 292.956703555508 292.589641393689 292.777382700963 292.661556297565 292.816254564613 292.7260698375
292.047499050008 291.859291519629 291.849739181226 291.663130681632 291.971131392756 291.783987722511 291.772814855732 291.505819167045 291.861690928161 291.810973940473
291.005887297175 290.967165384183 291.023241649586 290.634939481201 290.898710831006 290.698703395335 290.911389834324 290.541721930456 290.802322375299 290.529843215649
290.265893313834 290.138503624928 290.436721452335 289.981738619211 290.125187097905 290.032645730414 290.238993451233 289.967346834909 290.180051720074 289.935374372956
290.417288514895 290.011026672263 290.383014109037 289.791432166128 290.166812463357 290.056264322463 290.004838279285 289.891293452063 290.148524059281 289.814981302143
291.155506987335 290.623916024341 290.920665037759 290.225742187763 290.735716588645 290.58789588118 290.49856662027 290.381225604426 290.826035190825 290.3506347157
291.803548372392 291.392213768748 291.533413753916 291.156634604653 291.520199985174 291.333023224265 291.471371133884 291.319432053078 291.46363126802 291.212935715475
292.507852074819 292.240441416876 292.265764374921 291.882715660353 292.365232611811 292.00477328574 292.183545099811 292.054430365228 292.113428158531 291.960429867734
293.042764370684 292.889731955244 292.782841185754 292.492432351947 292.926306106798 292.490020198872 292.763320598827 292.461213266619 292.660430439324 292.50372796994
293.560768296409 293.250258609173 293.357776248615 292.912949314085 293.293704210317 293.04516280578 293.253987143358 293.00041493569 293.171485455875 293.030454892351
293.834551432659 293.527065220913 293.684727517978 293.302587867941 293.631983603936 293.252228785264 293.448579256173 293.33176350896 293.549404846048 293.339762780701
293.780279613698 293.416112192874 293.62770431267 293.245335378863 293.574563033131 293.225672948282 293.499044461378 293.3929478591 293.466420228348 293.324859108343
293.036758128481 292.878360878493 293.046643957488 292.576933337957 292.983777097064 292.595626156548 292.862482116934 292.843254987719 292.819023230693 292.645540451719
292.049827644684 291.976419494 292.138846767628 291.677640650234 291.927235836673 291.770908286703 291.81766611151 291.892605619245 291.782290818834 291.659321557764
291.111850202376 290.912670719703 291.019084637461 290.629149079962 290.929050607047 290.736318413829 290.874240426792 290.937497650222 290.886144592231 290.717711151871
290.574963409084 290.300820111589 290.295789531333 290.112943829925 290.146137157994 290.104650392683 290.107577064345 290.146851577315 290.129554234349 290.117485548559
290.544429766362 290.445654662001 290.332482519957 290.131717637463 290.210719914345 289.956667261186 290.040580235171 290.330846289324 290.045274607024 290.106902871795
291.256945257335 290.95030875352 290.861798074892 290.77064311907 290.663655697239 290.635175547022 290.394004588785 290.662880923693 290.607872665619 290.687977832778
292.079410287285 291.547261043327 291.610373763356 291.657546292538 291.475400945059 291.365140528824 291.249571012289 291.61582556883 291.597042838947 291.523682552608
292.399025389012 292.407279833411 292.261760806437 292.3630136482 292.166973107426 292.105642609035 292.033681519478 292.371139638062 292.042256927653 292.381500620926
293.028700040947 292.806662086317 292.724072570746 292.829915124971 292.651695329932 292.562254918632 292.738389106943 292.870730963275 292.634997576889 292.883134596849
293.351464133021 293.224270027354 293.278665160736 293.308515610085 293.164112489693 292.983934836687 293.116903883305 293.329996729647 293.160602682691 293.264255635392
293.559884015587 293.426732991831 293.572351023364 293.464389888219 293.414670227331 293.286498046084 293.449810110986 293.591400609968 293.431519282035 293.483907215631
293.479936570498 293.420933339569 293.621460023921 293.432416315704 293.394555722441 293.256542835656 293.440392773177 293.532696865161 293.53912641777 293.464556628387
292.815972726512 292.894053100215 292.932346967472 292.843071969458 292.830230199397 292.555815418503 292.838188607856 292.963317747606 292.867712524465 292.91875731124
291.819434354172 291.803557322916 291.97855314266 292.048670293633 291.76045603881 291.633143456769 291.846294289779 292.020912604725 291.84920963252 291.977833196167
290.751701947754 290.716730153704 290.98894971197 291.056654421807 290.754492151034 290.779613323439 290.917185915641 290.952457551066 290.981337771268 291.0849924927
289.995020551026 290.031614239569 290.238766413982 290.331937474445 290.053846021625 290.059751377021 290.31603306454 290.095922654851 290.285092403209 290.356577592264
290.16397258069 290.058948121674 290.352948726821 290.466191793165 290.04883178526 290.087087247859 290.212297044179 290.234279857633 290.191334432968 290.381702654335
290.29202982925 290.71846037546 290.853018309795 290.996099758871 290.658751684319 290.573745323144 290.854212503923 290.668022228512 290.680411534482 290.947501117705
291.365037680333 291.478987960148 291.656950673346 291.754154268057 291.273886366561 291.361098043414 291.59642858423 291.581613908826 291.277440563575 291.641260724378
292.050098097729 292.163507703596 292.250125263589 292.43777129605 292.137609913793 291.983923140107 292.192058417805 292.233285494366 292.164543612775 292.318017140825
292.611028057877 292.748698041146 292.869005128984 292.908702089576 292.782864688421 292.607263869193 292.729985523647 292.646549914826 292.704381844137 292.85572245571
293.122221242935 293.144561601616 293.428203029231 293.271929188053 293.132149296999 293.0313972101 293.195034051731 293.190064314321 293.270396779004 293.113458661726
293.438273728361 293.423868575672 293.665529579521 293.423463342363 293.500349904598 293.389950810288 293.416459891115 293.497914514225 293.495599755604 293.373153752751
293.426003155954 293.447817636167 293.561155612433 293.379000191489 293.340965765332 293.333688756513 293.367904139376 293.428505291655 293.488895474862 293.288308963543
292.817318354394 292.883890572902 292.689229617185 292.813809833811 292.832094570425 292.621619260196 292.789970016086 292.910174071717 292.850937897658 292.637354587529
291.778229076087 291.776932781822 291.85346374902 291.707111587229 291.838847951266 291.687323624321 291.727649633895 291.910152070289 291.857552978999 291.614855409045
290.846881882327 290.767865004725 290.82601439133 290.734910117843 290.606042872172 290.740479796196 290.738580066734 290.830649354568 290.92032004578 290.690153806302
290.12014021457 290.028412399057 290.111567143593 289.990633332112 290.013192218287 290.01229944109 290.126182124353 290.074926570538 290.178058640458 289.987332834971
289.914315467485 289.951849727565 290.399667957834 289.933770071976 289.941510885109 289.89925131373 290.071506243384 290.124354201635 290.11417538352 290.063413100406
290.567588840048 290.563037158226 290.872340479176 290.360583789539 290.649050471396 290.570955831683 290.684733109737 290.868376758692 290.718885231633 290.759894188624
291.414133227036 291.539512055933 291.533306131465 291.287406799389 291.568225555161 291.361536596561 291.59011536147 291.610888995446 291.491602372876 291.413644698608
292.047159208908 292.081169617823 292.281408343895 292.159915583406 292.172151469006 292.045849970433 292.149020970541 292.300282619937 292.223818595941 292.200566624042
292.589474612535 292.723903405354 292.793500638753 292.720259901817 292.761136692033 292.599319039106 292.764739001083 292.789670565438 292.806483389046 292.631771703609
293.095789019718 293.180424363561 293.30798922185 293.054067065695 293.124522414683 293.07752545767 293.175161512745 293.236122997779 293.305947923222 293.063270574712
293.481416388079 293.518883869181 293.584069436413 293.430930041282 293.456746976579 293.380490426936 293.416368548925 293.578244065989 293.610106865235 293.45281633538
293.493866575955 293.430407359453 293.516901533395 293.406861610196 293.49389331064 293.372929988832 293.375477462724 293.494022382262 293.495226659928 293.453094494521
292.799505991881 292.873405305435 292.885953148165 292.807147695145 292.805527995045 292.755645713089 292.790798750351 292.882958759107 292.955479407144 292.773336952103
291.849749924077 291.910131426119 291.929578424938 291.790813551066 291.884553966379 291.766484157205 291.739390374368 291.910806841909 292.003134207365 291.88112492463
290.814053129366 290.917105705406 290.853303223257 290.872171898828 290.869449241036 290.811933504571 290.750233919269 290.894256508962 291.030833497216 290.875097022948
289.944129304168 290.20864080665 290.185364983391 290.160804996903 290.005900249591 289.973875914492 290.146670960211 290.058096406669 290.202025691531 290.1267480846
289.959523083068 290.037034936558 290.085437314692 289.94160148249 289.915979857963 290.068217996241 290.167551029631 290.051306451911 290.090118950812 290.247971681432
290.642638737434 290.589234028564 290.62278049423 290.188982461511 290.552121257504 290.554543318228 290.737872097915 290.773244421065 290.80945812993 290.708497976304
291.48197173428 291.445471957541 291.530874376778 291.271054605386 291.399719457972 291.443142385887 291.492321659437 291.395614595051 291.407492243568 291.558465474825
292.111834904631 292.006672097028 292.247024615391 292.147886920555 292.119288462749 292.055487205161 292.184072339042 292.207444903135 292.261619004011 292.300752980277
292.636854377773 292.674784839239 292.710858373179 292.602296933562 292.584619517018 292.771454825377 292.769477586575 292.932030444285 292.861233544573 292.961212111482
292.998255304524 293.14468764762 293.116427249507 292.976476213658 293.131560252791 293.202483000621 293.079650178542 293.264692400603 293.28541082479 293.317138797637
293.422008969534 293.500278581984 293.535273914517 293.381955747502 293.438058669478 293.500772821135 293.404956776145 293.501589814658 293.589455140951 293.533150312744
293.396817492457 293.336963888473 293.569815623791 293.287364112362 293.455481444846 293.439472551928 293.398950034638 293.520701770808 293.534898696016 293.473959658493
292.749987962603 292.774179658108 292.945085623631 292.755337086646 292.882556347116 292.914175937715 292.763113566112 292.880321792812 292.875676295742 292.866321831578
291.81468369315 291.754630282913 291.858849378515 291.782807036198 291.77193786287 291.891855617494 291.69049096985 291.846794218885 291.790006987219 291.857941293371
290.90286290312 290.790386954555 290.792025589571 290.720740686105 290.869052301653 290.687019965309 290.806443585831 290.740689126295 290.859467352927 290.808711291892
290.218920006059 290.077996703126 290.125385117436 290.010131426776 290.103669650257 290.010939701274 290.125832797687 290.063120607027 290.251437232827 290.190271232924
