298.624691824784 298.676416109597 298.776924187178 298.608890132682 298.446143395247 298.668581795792 298.614309244764 298.694229623251 298.681946692461 298.732214541457
298.900334015723 299.07114885759 299.05152609655 298.948839668015 298.777581793527 299.021008256069 298.921031612215 298.948749050013 299.001282722434 299.006533850855
299.401037851485 299.563628355226 299.485258624433 299.320582339774 299.321095103853 299.322587581841 299.548955353524 299.259421345528 299.36001141235 299.356859497693
299.725946880129 299.83011255757 299.78095487306 299.47426642563 299.611470131462 299.799175638427 299.787186523078 299.647882322136 299.652342342787 299.637828977807
299.742216490504 299.626690583905 299.672437898947 299.398472658777 299.476875189148 299.509273616174 299.619271063543 299.557877053132 299.364274688268 299.538542664705
299.438648307681 299.303788223274 299.166922695688 298.846364371111 299.222648866964 299.239740124224 299.239535463075 299.239010795232 299.036175841132 299.196744332402
299.048823972418 298.831774200884 298.844464729573 298.663480638883 298.785612731295 298.903356716418 298.850563312949 299.221653730599 298.676204093748 298.745983265444
299.009451270277 298.710107424195 298.680700007295 298.581521062639 298.711977004029 298.832779426168 298.840637548499 299.184098869393 298.626897140562 298.627355502718
299.188947239932 298.812939760425 298.664406373025 298.861099558848 298.94585271182 299.035712087647 299.028535273196 299.403366698295 298.826012400967 298.806271293232
299.183595854474 298.639150819387 298.723979887244 299.007791637801 299.022182843484 298.984880118363 299.001616127484 299.293994773683 298.833727265072 298.754618615922
298.890606392201 298.18099226638 298.216667584123 298.684204012989 298.796248805595 298.640313901863 298.633857084552 299.032716600421 298.571754776735 298.500226274463
298.33120055237 297.88303472362 297.931985981439 298.230696891742 298.412886034034 298.209253503218 298.170424114902 298.674217909171 298.345973198642 298.132782320623
298.130683500418 297.694005717873 297.676046878869 298.075764440329 298.291348296376 298.038192566295 297.988653833445 298.686701097984 298.203075988095 298.05271279845
298.37094799795 298.093875594109 298.191993142021 298.50482689478 298.538765507362 298.390599514555 298.267098229739 299.131083054423 298.485463606948 298.438331986152
298.782751120246 298.564348368578 298.626801947654 298.846758742328 298.996830381828 298.778379879996 298.784556445328 299.728790937662 298.993479377542 298.923830585217
298.953892170307 298.769710795512 298.974346294161 299.151224164491 299.22876958601 299.111569224894 299.099276760391 300.065013964208 299.437638976301 299.194285684726
298.89804398597 298.585129000484 298.982179021887 298.927426160175 299.017770827387 298.831517524545 298.859366528617 299.996986118576 299.212480316582 299.091039796596
298.564782420651 298.172137192042 298.633421816062 298.464783343361 298.458002279164 298.233990669112 298.384412893979 299.271965895752 299.021473241491 298.625944719389
298.362822365052 297.892993488406 298.312555351405 298.299967576052 298.109945368449 298.159830243532 298.067164693013 298.578904539065 298.730633680572 298.421430365454
298.330282239549 297.978958609466 298.302372572712 298.298049820725 298.274064980203 298.196514941186 298.171429274663 298.459255774917 298.717425916634 298.69258308286
298.591601572571 298.283986682994 298.546380539936 298.555545135311 298.522955249514 298.460164413837 298.462359986042 298.463261317097 298.919810153808 298.812792531177
298.708224759136 298.51412827683 298.618457316005 298.812669556298 298.642823129558 298.608764563434 298.658412695361 298.43707586195 298.926841921661 298.950617076904
298.330594041268 298.246426768661 298.3256488638 298.56885372534 298.416377341658 298.285653474369 298.303712981749 298.109607806708 298.721351485003 298.662423157648
297.926641113383 297.72782115563 298.030534194831 298.170396725533 297.893024968438 297.992625331736 297.833093386044 297.636474607394 298.268740619101 298.249341696587
297.901331202969 297.662630760535 297.893879936928 297.981181161148 297.694290643977 297.765283101481 297.845197229355 297.420674272575 298.273874454518 298.191272470991
298.247949061279 297.924493123675 298.338578783474 298.400083090206 297.977206874773 298.11045080155 298.158950986712 297.918337056326 298.528769112144 298.50344841218
298.705306994334 298.350397686554 298.808539076839 298.914794332449 298.625613703753 298.529565448655 298.58053545231 298.326358186054 298.973337922828 299.043406485325
298.978388531167 298.648074526205 299.035179509361 299.245464487344 298.853487164444 298.705607309644 298.799330582171 298.661268053621 299.19163019513 299.097485016871
298.911587763158 298.440385398718 298.793753140844 298.998250959887 298.764458727842 298.508055378031 298.774120374538 298.558427188399 299.051414505276 298.811302265413
298.46162268209 298.007657433305 298.29118118268 298.563900701236 298.323128198082 298.347213529717 298.396002988139 298.174566577158 298.648766632747 298.264997290563
298.367573024568 297.81414951682 298.116292202527 298.371288592303 297.889988351946 298.075585177875 298.084517032676 297.873207449967 298.326009589398 298.04947995466
298.267647755614 297.793037464008 297.994327284323 298.438350537883 298.044393558606 298.145060337966 298.072502095251 297.941510942813 298.110958032262 298.095599723188
298.322848385823 298.08175180056 298.235780288686 298.741756430136 298.281096979954 298.343503851634 298.187653558405 298.085665695442 298.273498862558 298.289309743887
298.347308738506 298.189222702204 298.363057123275 298.615066908967 298.241728707431 298.328656214275 298.479972170384 298.30786790205 298.229941002998 298.305153225067
298.203617216808 297.982793760811 298.008648380385 298.415800930588 298.095313330154 297.967222749866 298.077164554911 298.082076454535 298.034314691247 298.062102089048
297.950693747546 297.639343036343 297.408405672185 298.05145524736 297.590880621531 297.674766216315 297.633487029348 297.750451425293 297.454977052665 297.585221288594
298.076011738805 297.774175213924 297.405549763407 298.098847037859 297.474779443201 297.763056075311 297.792930467926 297.469836219569 297.509681312234 297.474533228949
298.519020795196 298.043477095759 297.85679510454 298.314079011577 297.895046438473 298.051375334012 297.907291522123 297.745833914916 297.838967392 297.9063601404
299.025151397438 298.574306795099 298.20879292806 298.776325113764 298.251985996197 298.508494593994 298.20979493944 298.158149577206 298.308792970112 298.327138099673
299.398502356741 298.635715822616 298.529156636488 298.987057784203 298.348588610193 298.717593737913 298.602125282614 298.294132506481 298.555342305135 298.711689263314
299.138707520752 298.560935665368 298.281551605368 298.737902925807 298.243944290555 298.540705661363 298.508492275921 298.052418870163 298.274103006782 298.386859025053
298.648801033872 298.170638318076 297.868287047962 298.370327340911 298.155917388772 298.137329092197 297.942467028897 297.785565263277 297.87998349939 297.951257625997
298.425167823575 297.805062556291 297.746009395438 298.060674427332 297.994433382863 298.072900270421 297.785781347079 297.46824977009 297.693958296403 297.819582690891
298.561036998318 297.751645883932 297.759323902904 298.127099760466 298.029282714952 298.03323607061 297.941671452094 297.650236760705 297.725583571885 297.730258393985
298.675323050631 298.030694718662 297.870888328194 298.112575506005 298.264669776173 298.334438194203 298.011751891266 298.020316683437 297.930434560868 297.994680229686
298.653196551883 298.141573266603 298.038330888168 298.12179081707 298.351807128543 298.160482411379 298.171057345533 298.181584827906 298.036959865396 298.110033093017
298.483289431002 297.818104906487 297.683454893734 297.951062855753 298.22110891023 297.941505229611 297.976456608241 298.042161839005 297.709846626876 297.73108900244
297.957846343769 297.424138762218 297.414909511645 297.572036302172 297.98152897944 297.654629844429 297.676615583104 297.812792299217 297.308744137363 297.433097755613
298.021019868466 297.171916790082 297.419970597251 297.646193655952 297.809497974488 297.655930057351 297.733580478475 297.566242025285 297.280924703871 297.361090472526
298.325145978531 297.677772356714 297.840149555719 297.942557844517 298.015251844197 297.826654753753 297.989116573434 297.826441916725 297.550871847246 297.665687496135
298.759570565816 298.176890165176 298.245388733724 298.294224251708 298.606654451729 298.320874407185 298.531389909941 298.223115632684 297.92323547069 298.213197116308
298.943528789372 298.475145190802 298.468080262179 298.621752863907 298.762923014251 298.50362592448 298.765577986806 298.396780948657 298.145409626918 298.492608728055
298.934211044079 298.246967409629 298.126913371671 298.471381489846 298.778349285932 298.323890285498 298.684323618561 297.992357163536 298.214732675044 298.256741773738
298.494700684881 297.904927054573 297.686277813577 298.062388994011 298.513407146457 297.877172497257 298.509513780191 297.693505503666 297.826841799478 298.006755302347
298.02866085516 297.820669428916 297.673841726661 297.888810626502 298.380050248718 297.629554742482 298.449253429886 297.492206415066 297.714283480096 298.035333272637
297.957552486933 297.778370075352 297.747434601743 297.742087309621 298.501737375262 297.514161184997 298.674974606839 297.647698838511 297.742396871569 298.02308970624
298.094395866152 298.084165729147 298.171034062114 297.861356291681 298.682104835655 297.769109860074 298.708953676771 297.992145762874 297.985635555249 298.323650389149
298.080754610159 298.101600239127 298.204286262637 297.971534612461 298.765134579674 297.835300130839 298.743780942914 298.078688514583 298.189649922367 298.278383321467
297.693107840365 297.962997253568 297.848663265373 297.837502710135 298.695711863437 297.691359491977 298.761519355376 297.843400133754 298.020674974719 297.741387841639
297.291269975392 297.559164825099 297.43068226622 297.4016905546 298.303409286125 297.224116423497 298.504461530329 297.641249442069 297.738790472722 297.47956972525
297.222177666699 297.622033010411 297.637113108628 297.427380845009 298.201850959067 297.081282783743 298.410721093413 297.503791543615 297.657699555918 297.6222071116
297.616709996766 297.897459202421 297.978764407886 297.851597975684 298.639211129172 297.480401357196 298.662363990865 297.82372999321 297.944647036235 297.918462847064
298.128575922861 298.386728812709 298.351187132415 298.237874588269 299.042591262574 297.921747045314 299.182464676198 298.243763835004 298.336528042332 298.517866601386
298.486740205102 298.53606424579 298.720149198759 298.459989105417 299.169102671477 298.208672562452 299.364039655186 298.442174762576 298.629348562651 298.797012825604
298.38193424406 298.385687011383 298.60098138162 298.223047170495 299.031962857545 298.065617179754 299.097226436439 298.392547239766 298.435126004296 298.7388233749
297.949725748408 298.079211382625 298.20453840635 297.940592764449 298.697385404826 297.793557480314 298.713903488628 298.035936636817 298.059309964227 298.229423660309
297.776957915534 297.924696564323 298.104042815348 297.786758210174 298.186257520018 297.758797371331 298.435360707229 297.990220342694 297.828369935225 298.24268749758
297.683401455689 297.82245630835 298.208175511603 297.946188955202 298.06647851501 297.771505289896 298.191775351383 298.146054286627 297.734919356291 298.247576607618
297.987205900678 297.996487181274 298.439432358934 298.289817251766 298.219747275479 298.142527990166 298.318992551133 298.448665536504 298.033095681618 298.363905890977
298.015711018062 298.102582851092 298.508115490136 298.436807943256 298.317562499889 298.347032701855 298.304871786376 298.548124583069 298.099609400996 298.312558392049
297.841706217109 297.862145071776 298.403528650888 298.045505742173 297.999712636297 298.1249985709 297.989821029921 298.304535668815 298.023950754022 298.214795910589
297.438715152783 297.552138991447 298.122368126036 297.603281302117 297.534354565612 297.866121122094 297.43245537819 297.912929602983 297.578398545248 297.881005242231
297.338114801365 297.466316783095 298.264968274197 297.58132419492 297.224024839912 297.739051106749 297.277672138373 297.893151286143 297.614877448453 297.868795644388
297.781742667439 297.826448552166 298.538933533824 298.067778479007 297.621090225955 298.078503379454 297.589680980463 298.462921671737 297.849172887358 298.338678454316
298.174077515924 298.301002007763 298.871893643199 298.550067358261 298.103910404657 298.490512184011 297.943399777075 298.820354418373 298.394593593261 298.705727615746
298.486839664656 298.739459643059 299.040927708066 298.828658716414 298.284928754061 298.858162924215 298.191848725575 299.004998670232 298.740404741484 299.015510666097
298.371233516583 298.48832664289 298.884456440919 298.782446322321 298.201255691929 298.697491410331 298.014116500169 298.809363855769 298.54504286858 299.052890499598
297.952219109551 298.118324917999 298.683549530911 298.494931360142 297.850228244572 298.536239290502 297.586894511909 298.508332035566 298.103862357568 298.627673046771
297.806140210745 298.084712870325 298.460291663421 298.253012136207 297.671880650052 298.30379994253 297.451191753524 298.256969470879 297.984370755367 298.468009626166
297.993416895119 298.111945522538 298.461979759326 298.312363467551 297.846247144207 298.38113487041 297.62543520089 298.071121973073 298.045062941255 298.74157337595
298.202692337823 298.263387870306 298.615373523925 298.55083271272 298.040796901996 298.531419144323 297.98366046889 298.016875425543 298.281898166157 298.907481811197
298.24626553524 298.30139355978 298.659539784212 298.372550778239 298.091565020873 298.630574440547 298.125311844005 298.055383489973 298.232600688197 298.902389650718
298.381160693768 298.165769057797 298.544254808749 298.14171674662 297.855804984402 298.55889582941 297.948328886869 297.699139318629 298.106518286389 298.807093184455
298.162642522481 297.664295823853 298.173972131316 297.845828902567 297.478584017012 298.044157308124 297.589311663446 297.17713681985 297.733785087551 298.487630436868
298.105786834032 297.507159317323 298.113024390634 297.933201555446 297.388136310887 298.020104356765 297.560068141949 297.289074751933 297.652064783255 298.50931279467
298.587738355898 297.880482722314 298.463678014194 298.365863638234 297.802225870471 298.53130139847 297.877576779597 297.832199662573 297.842687594367 298.989342238592
299.098693367743 298.371330152472 299.111212785482 299.033487112016 298.270255624704 299.122562001609 298.330393540006 298.300157822242 298.358418409615 299.230482740695
299.358331421817 298.613364885182 299.114110728835 299.377002342454 298.430594448812 299.417234494833 298.569189068319 298.523576778651 298.792953126093 299.476336733117
299.146496536344 298.496595670513 298.904941351329 299.108623528127 298.34677348798 299.486239546035 298.4692467865 298.667473736884 298.483421809918 299.318295875744
298.678428189221 298.150486292047 298.525062727409 298.687073566768 298.007831790185 299.039859932591 298.27592466937 298.284847076105 298.202321676213 298.88454857917
298.257193467869 297.946032072904 298.402919879236 298.39655089639 297.761713260229 298.307037239357 298.002507789815 297.947294240331 298.039296442323 298.203073524136
298.133842415973 297.824034093372 298.385303042448 298.231557304101 297.751523875183 298.171892563141 298.090569890223 297.829705061211 298.066334342502 298.085094502114
298.343769485136 297.938257452869 298.358385072163 298.219359698716 298.019770283408 298.361030712845 298.261330022028 298.09793719259 298.245148162398 298.170651255505
298.385461357444 298.121744258901 298.405711675462 298.032449534203 298.088715754871 298.31215448408 298.451779287408 298.129944136425 298.25242490761 298.333714718556
298.015927695905 297.87792898361 298.197531006413 297.92815814472 297.920291658906 297.858924206794 298.364316112183 297.934555662256 298.216635584579 297.886097467898
297.57355896759 297.317163660986 297.668190228808 297.353052776949 297.715752240463 297.284491173754 298.00193675888 297.532800064949 297.83593127851 297.621850540397
297.612162436189 297.335604202943 297.561703879596 297.287981636394 297.675475319772 297.294730921594 297.99856584787 297.605302561741 297.746461124734 297.428248952819
297.962190860255 297.593618662191 297.806167312565 297.657381739169 297.919912791852 297.590141477963 298.412845802982 297.98405613175 298.148726304749 297.901634580559
298.486458480612 298.265936709015 298.330625210722 298.25454682501 298.460432936077 298.009618695562 298.844507782585 298.430393809374 298.652934251076 298.362212634394
298.844751323926 298.500827927826 298.460710122455 298.469590118966 298.571386350319 298.220829768077 299.17150051338 298.786254626301 298.992814072259 298.614682772564
298.78563074348 298.476225004308 298.295160703613 298.376974974169 298.554459726409 298.097162789573 299.027437655961 298.655989913151 298.852977285832 298.368474250075
298.5218020663 298.349679145547 297.778615388617 297.895429996501 298.295876885085 297.621837799342 298.69413328925 298.391548746258 298.69552166373 298.002227754512
298.422149890319 298.07570055612 297.557844766738 297.619744115591 298.289168395121 297.506010903103 298.411636977279 298.244776535352 298.663724107771 297.830217268766
298.380284327122 298.218165259799 297.639483664258 297.753143189168 298.426372324021 297.711509918377 298.330349925451 298.307168611113 299.015395345954 298.027547818228
298.657280147575 298.301345912229 297.919412201683 298.086481266599 298.617417157014 298.112577612705 298.495460949125 298.587614936031 299.395587886144 298.288543147955
298.52658242648 298.529489605528 298.061015124059 298.173210071999 298.624139100935 298.226440088289 298.522553680076 298.585329204386 299.492148371373 298.263380585334
298.597187221369 298.499329648149 297.643203681718 297.857529314132 298.510238031556 297.752288423458 298.283387055183 298.474635677516 299.454305404529 298.024170143845
298.054918989541 298.193218435634 297.161261773445 297.540452447238 298.065228413907 297.335356890702 297.822210773865 298.145992398677 299.035070765406 297.704540353549
298.0348753655 297.987006631611 297.213317183394 297.482909677469 297.96413956945 297.26449265866 297.749854824193 298.197286119335 298.887171509107 297.528823729704
298.358067168949 298.419798377546 297.540574387014 297.73521913976 298.490842469539 297.712288316896 298.052027612656 298.523599977535 299.084375614371 297.814552124648
298.782050525531 298.854029849317 298.162811211381 298.03704362138 298.920408946077 298.120193344905 298.47646370073 298.857048373815 299.290320768056 298.337891650481
298.99799462879 298.9815774315 298.511546104914 298.297934397651 299.052862015466 298.62491406162 298.799829423969 299.03807151821 299.255357426735 298.580798839562
298.818926572089 298.73667254768 298.547555014618 298.284847976425 298.849012591119 298.567621294689 298.671665211438 298.927059781654 298.847517524481 298.422410242178
298.109894392234 298.318902057213 298.229002061212 297.92186541757 298.433557607366 298.305150560224 298.471514853358 298.455614915107 298.258696797931 298.158579199217
297.706397155553 298.037799101222 298.067581964022 297.677724375833 297.853376264089 298.028710528662 298.157195231338 298.265721781068 297.894423262941 297.98460604996
297.599967491886 298.095206451574 298.280774852373 297.829001593622 297.723000492593 298.040490567935 298.071477126364 298.030332282787 297.842144318504 298.028094352919
297.927608621873 298.352512914332 298.438800724169 298.211224848893 298.061216920865 298.102442414901 298.332026450989 298.136497350844 298.100585602231 298.352032887963
297.999561851581 298.519533033965 298.505003062246 298.393744757724 298.135705361634 298.233533926999 298.419027663661 298.270443907944 298.163061881733 298.53189432061
297.573141683956 298.146914768315 298.362025848765 298.341917822653 297.813681945191 298.048704320429 298.235424277814 298.085625244642 297.807649512819 298.327907382941
297.113124753725 297.83362260182 298.074718939793 297.951542651671 297.361381087151 297.511860881828 297.861676970642 297.732056275154 297.176518023927 297.934691434207
298.454835337631 298.472960453578 298.330509899087 298.437343637594 298.43249545612 298.3721609625 298.442279179536 298.412812486559 298.458776111048 298.49034073211
298.673987313556 298.789232623129 298.818305703363 298.847346904274 298.743298415561 298.736276695774 298.754404936613 298.728287981727 298.845286464586 298.742007329133
299.241566246932 299.461449489096 299.348437091783 299.158766971733 299.340921196678 299.395077901596 299.302037837944 299.29880982688 299.193223265336 299.190265918315
299.647408213973 299.722794371199 299.607647002085 299.518463597662 299.579442869815 299.659133734939 299.662003157347 299.56748876659 299.550864377776 299.513521032532
299.595770385177 299.724322794647 299.480054893216 299.595347915142 299.67566586663 299.648971473009 299.554094537964 299.530541400217 299.544640111031 299.362121400794
299.382623148465 299.499286500034 299.112504764885 299.262907139654 299.395559391471 299.297150908878 299.470014749105 299.261287929055 299.323255830282 299.199691444439
299.044149475146 299.091118327781 298.866238418872 299.292733124345 299.089887945456 299.08166207346 299.227381157422 299.084377779948 299.073818306776 298.984872707228
298.97854552728 299.076795378623 298.838007439322 299.307034983201 299.115824295871 299.104034365481 299.181334969892 299.106305363702 299.005810186466 299.020582105709
299.227556320696 299.257199612296 299.073563770941 299.651547620072 299.366950513312 299.44876240382 299.40333115515 299.396905648334 299.150996526603 299.346218782264
299.348605478442 299.298117371457 299.198216080758 299.65554288959 299.242892724545 299.574261190888 299.486499160023 299.425212864724 299.153947592686 299.375734093471
298.820493283458 299.029352211433 298.927565565123 299.598880407759 298.983155278467 299.409785064521 299.569573156876 299.139046723779 298.794825317046 299.028645638809
298.471786691691 298.561734740467 298.711926909787 299.431289306766 298.671424036857 299.128396208003 299.3507756385 298.791997895482 298.446872226887 298.725717359045
298.267599198756 298.298491332428 298.480086156754 299.401390439659 298.441114514428 298.978596548866 299.091292103202 298.672245896706 298.350059032854 298.616218673505
298.605629358134 298.639901236371 298.73401400241 299.775705676486 298.650317012577 299.226368900273 299.478139093421 299.098661210884 298.582774195323 298.946009165244
299.032965471001 299.123076649495 299.358273503189 300.122074087649 299.197553456651 299.598630156011 299.778542599944 299.572739891673 299.02950848359 299.339061687571
299.303652182242 299.347466650234 299.430801995209 300.293990984827 299.415302390267 299.929856054538 299.974136819452 299.940284151945 299.312380302031 299.466089216683
299.185128438336 299.227059122532 299.341062600491 299.990509972903 299.355648029544 299.556703647778 299.939196631707 299.675043367261 299.244407400754 299.303154828781
298.831529358693 298.958108936916 298.782564506518 299.562672561329 299.087423959625 298.921559696397 299.545752165021 299.354010417903 298.866347594813 298.82495609726
298.438762832952 298.531678846618 298.397023821681 299.018651455467 298.890744391326 298.336069554504 299.112131892047 299.084720709719 298.600001904042 298.363045190321
298.471138033582 298.347918086049 298.212631871778 298.616449876569 298.652110571415 298.381327730707 298.772076358516 298.92366145802 298.556797990563 298.412391314654
298.618225089141 298.321431874192 298.332042604131 298.615362207204 298.527408632766 298.436080781882 298.698382943163 299.104059710839 298.621000304837 298.564740057286
298.649459200176 298.255371464018 298.238337093011 298.501008472757 298.657211362775 298.38232610366 298.659636594179 299.0185886933 298.605123566668 298.530684455055
298.295627885787 297.775499460348 297.803947331801 297.957100009469 298.394819186007 297.939509805555 298.462633488107 298.798037087029 298.175992855211 298.135030665992
297.887066955457 297.293262462686 297.328619792277 297.303351848614 297.913985737178 297.360414176816 298.025017553647 298.378984229052 297.711441012836 297.548965115012
297.76569761731 297.281372014163 297.130508095318 297.034592381926 298.01163146847 297.212411395448 297.806980801293 298.271710155292 297.551922561506 297.546932550019
298.195106754145 297.576334692517 297.45072279362 297.520496212223 298.40224157902 297.624399850413 298.151438792177 298.55634755313 298.039896397525 297.753246228713
298.567733748852 298.043540912321 298.066996549953 297.973480354346 298.789251834409 298.197489628661 298.6694153397 299.023810268146 298.43726571678 298.229145831693
298.794797682456 298.216442241375 298.192230555653 298.138728794658 299.011640741389 298.364599852135 298.928452482273 299.291084720544 298.660723335134 298.49344137196
298.449443001967 298.16021170756 298.036422115123 298.027558377728 298.787640350607 298.056146585512 298.683887061362 299.016801070067 298.468387339296 298.234386911493
297.95019838961 297.877049955476 297.645762832925 297.672852850636 298.610627903333 297.744942452546 298.198996359005 298.66371016588 298.037789256186 297.940081494882
297.709312311023 297.699759145249 297.633641707165 297.647149027221 298.398300588639 297.657737848367 297.993470080209 298.393630917966 298.090161560917 297.688811215037
297.57799349785 297.79045449611 297.711118523164 297.862459147095 298.403645290795 297.824329664233 297.75742433883 298.229529005046 298.182845127703 297.654579430887
297.804389203697 298.170684926544 297.931743699436 298.213497464349 298.402698490241 298.156889712277 297.912838150156 298.278663666045 298.461858699326 297.898025111856
297.931996142408 298.150310999981 298.082562051632 298.28846860855 298.420227687895 298.240686868519 297.975903090035 298.257885687465 298.421897650158 298.046235786842
297.623434277921 297.774474454178 297.774546650694 297.991761469739 298.133185818159 298.067915286625 297.747192567148 297.804869143823 298.323024036593 297.702527915913
297.305142807826 297.495599783565 297.499266432606 297.6883007267 297.793866401298 297.665137112679 297.394125637701 297.350636613923 297.954607825909 297.455634597324
297.338487808449 297.52203608081 297.403292704504 297.724487328524 297.584720525471 297.482332003842 297.380789344836 297.291900913393 297.888086852433 297.394807294088
297.791692663652 297.93477735824 297.878475689852 298.068075197073 297.999744563879 297.913432556991 297.676340834902 297.702506526433 298.21911748058 297.645419196456
298.2335475018 298.3711560052 298.313048828464 298.527684725906 298.413133331218 298.439825000102 298.130442938072 298.076432001763 298.600833729411 298.198943502358
298.613776187599 298.653087233801 298.640855066056 298.788839332854 298.537515967543 298.532990932418 298.426876586363 298.234844554853 298.844441631227 298.455661951472
298.541156983122 298.591656677946 298.686210366067 298.747760037743 298.255387435518 298.501233043795 298.209541133703 297.977190009021 298.663684181642 298.390793864462
298.276918292659 298.093173674738 298.449251065608 298.584769396213 297.851781356762 298.16405262894 297.85985074761 297.503861585351 298.20656297999 298.288975263212
298.182915889007 297.989074828825 298.29912377059 298.345916838758 297.455481003917 298.007340718591 297.662611440307 297.465135890578 297.960234255881 298.077370894856
298.362996519666 297.967922345061 298.494711461894 298.464233829781 297.421966745775 297.957989241229 297.726564287269 297.446943861868 297.895548865277 298.173848286445
298.637398322855 298.366216900167 298.756386634164 298.568599685607 297.755824239932 298.146942780531 298.048182929043 297.777462653109 298.078640260749 298.392085985924
298.780050880358 298.477938364781 298.747082476921 298.629378274841 297.863892356553 298.129282775222 298.236597105208 297.96142212612 298.090985520519 298.499099079349
298.6792178053 298.124340523935 298.661676613738 298.532236260392 297.662216848777 297.752764319201 297.947735573663 297.64422054766 297.842767322834 298.354047835486
298.456098105719 297.931694727621 298.138965196175 298.172274959459 297.305115274223 297.502478539759 297.375256751498 297.096075653021 297.418444631823 297.990053292198
298.527560988294 297.738452411172 298.219217005844 298.351705488752 297.22640398124 297.652867095299 297.311058599145 297.176815140958 297.266875931631 298.055282250496
298.944754062319 298.136514554936 298.648534862531 298.706141225768 297.619159971213 297.903944543724 297.788655426209 297.594534851985 297.695430585494 298.396469351998
299.425143012001 298.507632326383 299.01591796158 299.439257638022 298.10053997582 298.351425888983 298.153793481883 298.225613452103 298.207681558282 298.925882986811
299.579723927649 298.693923698787 299.360407650071 299.707272544085 298.385614398198 298.482641496889 298.369579622888 298.318990393631 298.331259103786 299.215700645344
299.443144517365 298.350155353727 299.183759312008 299.669945418705 298.445704410831 298.368444207671 298.307448946124 298.388484302299 298.264073551219 298.999630747311
298.918135367257 298.032703966968 298.885345703391 299.120409900908 298.216433822138 298.112102929434 298.200872363533 298.081445354166 297.712454539403 298.580682555748
298.613202082835 297.851345387675 298.527871184142 298.804211578579 297.980917456676 297.880608722045 298.001453653367 298.040449424521 297.640301154826 298.291814891093
298.760701791869 297.69819986983 298.629393747109 298.591114039356 298.057390100775 297.903503605291 298.157148018835 298.063976007601 297.639576870707 298.192720154078
298.999296553882 297.997276960824 298.77304541533 298.634658561203 298.210724435165 298.161782729656 298.658566445491 298.292606368835 298.091922979187 298.402640413235
298.896845402006 298.102647793035 298.787245913632 298.625646230996 298.290860734853 298.194049225437 298.739272822414 298.249786244882 298.052352910484 298.489700405844
298.437199350514 297.727985263138 298.563430945235 298.15077745066 298.134864547585 297.843127981415 298.651167357273 297.983325561402 297.723565637933 298.261481332138
298.070848277208 297.542966108204 298.24751857138 297.568156042127 297.711367307028 297.503869835046 298.48522498905 297.639339232999 297.638752571456 298.056784375042
298.070868989527 297.369974195052 298.242131017691 297.451065154206 297.632488310629 297.572257577539 298.400736935249 297.370372207207 297.545653228564 297.848459657112
298.166041790271 297.863950943753 298.551194189774 297.763552828303 298.08950072291 297.862927685867 298.767057797026 297.850976563373 297.925486847388 298.098790881905
298.487148663645 298.355632815922 299.010563026852 298.2215751337 298.396147418036 298.464950072967 299.14222215433 298.256751371741 298.384770205217 298.66461593815
298.643840029176 298.657806681403 299.316334829621 298.424944275596 298.518496760526 298.785012088266 299.319867976482 298.472446719043 298.614402400107 299.00207833455
298.331259825188 298.568258693268 299.091879373846 298.202808102554 298.397249190634 298.757484404925 299.08783268805 298.274844817729 298.533242228293 298.86010430956
298.017652497035 298.393432866894 298.724892873444 297.860210533355 297.988318444307 298.430138082711 298.72593718224 298.056043144025 298.35411877451 298.509320904587
297.499498404657 298.165436765095 298.529346412178 297.532643692507 297.787215372075 298.189918244353 298.367421440558 297.795120747817 298.309960203242 298.093830138027
297.32672610202 298.103574734597 298.381580432792 297.653481041253 297.716137853295 298.372378874049 298.067170586269 297.844554543491 298.495779256484 298.046346938255
297.581747724514 298.449526125771 298.368296713715 297.885673875139 297.848326957285 298.557431127123 298.225289295213 298.0989423394 298.682060370249 298.275707968923
297.774526638006 298.444128545214 298.549445426279 298.019347625978 298.005161814786 298.642353777596 298.224425557179 298.302482476184 298.848303536569 298.303520723075
297.391926844714 298.224297584206 298.317842356166 297.949174164143 297.647075474797 298.54405592853 297.792283578534 297.982958357162 298.674594225822 298.096024198293
297.066846642259 297.851492370342 297.811599976129 297.409129412033 297.150928102253 298.232561811023 297.314676321939 297.522668936497 298.326030324885 297.536254907045
296.97009615554 297.847323806234 297.73110693803 297.323298805665 297.213649649851 298.057101977895 297.282922337605 297.481927174755 298.277977317769 297.539860123706
297.472056803852 298.101383569898 298.021759016619 297.803792830822 297.656336714879 298.418012230971 297.515541337895 297.931577276965 298.490148797398 297.870696233302
297.934059763378 298.626139384959 298.492835157624 298.130678974171 298.30512617293 298.86762254476 298.086951291541 298.395908533819 298.882171265039 298.3590325442
298.293980010366 298.852430102423 298.690839914705 298.435367119664 298.664798636812 298.964034622884 298.317849126481 298.614992893415 299.226249186332 298.692481339934
298.1421421785 298.736358727663 298.700080528878 298.515376344467 298.504514809139 298.650810356041 298.216106506861 298.578523570405 299.25784001461 298.568598561461
297.879299769936 298.361750303861 298.071514428092 298.239718994095 298.321990188998 298.220586874086 298.005670508014 298.354451179453 298.863756280065 298.175266232073
297.727063641107 297.9863157782 297.70836466887 297.885721033592 298.202345791594 297.792813815728 297.741370993505 298.186334149031 298.672712134841 297.867246961477
297.756828026522 298.099729725986 297.790611347008 297.993399537411 298.246273052763 297.58537282004 297.720405426896 298.261303902826 298.617712932662 297.838023994647
298.068579680944 298.372573633539 297.945586711072 298.313535624389 298.544099969495 297.992864889545 298.038103732118 298.42652018736 298.854188718307 298.169855784547
298.213184188291 298.444797264098 297.997429403457 298.254253803517 298.485886975831 298.171611207004 298.296594676577 298.522253694909 298.9478520286 298.195957306356
297.815970214717 298.120291615222 297.891755696119 297.975095651754 298.301379831554 297.777506960314 298.034397639065 298.322182323171 298.553492585902 297.983960947012
297.48763176593 297.988399972398 297.599070797657 297.750509754207 297.963597596217 297.364047776794 297.622707221417 297.994482926788 298.284285958594 297.685126104007
297.42815414157 297.917679430099 297.417706151309 297.562345036936 298.084465504525 297.381978774577 297.607653728714 297.86175905791 298.043581357452 297.608981106976
297.766175897509 298.274625426958 297.788997068441 298.050888914318 298.553505276976 297.782923994272 297.99905564245 298.232741340356 298.290572063036 297.91802717486
298.360519644505 298.728730382092 298.217407567734 298.458113590468 299.067944836394 298.248528340499 298.427524056662 298.720533134935 298.957717294596 298.476190966631
298.463662017171 298.937441307546 298.539206390564 298.745145015492 299.177414787972 298.510148194613 298.710031469778 299.001704757799 299.173304222205 298.770610908854
298.41286067587 298.831870090679 298.479046310001 298.671368669836 299.003942271676 298.310190312314 298.674628363919 298.940911221695 298.999010235836 298.624657997271
298.118498109189 298.569186530888 298.201119592528 298.350698885298 298.641701878438 298.03555402259 298.429504771394 298.627978326724 298.508975292394 298.078191537179
298.053235494414 298.292062458555 297.942303154044 298.115474182059 298.336648080176 298.052766398454 298.179829036383 298.446297747218 298.017151415224 298.044651948885
298.230811586903 298.328308512561 297.940590719286 298.086915239054 298.293196251271 298.047328340452 298.353876665827 298.410089084251 297.90976131375 298.195470038909
298.57922939396 298.535474822606 298.20096035766 298.16944028811 298.476163537847 298.445083294676 298.614831971864 298.480473737613 298.137744932701 298.4422708917
298.762157231021 298.511332649053 298.360456474176 298.351653166328 298.56565403932 298.60957141778 298.713034003693 298.590542666983 298.232857321627 298.523496737689
298.60888711442 298.421050695921 297.983187567591 298.08062416794 298.422282576701 298.154037497657 298.302361142777 298.241002720958 297.759300178493 298.180181031687
298.180548897288 297.903015146349 297.613204399385 297.688988457405 297.850347281133 297.69922414582 297.784923145397 297.630921272402 297.373763862617 297.841179676976
298.111841019014 297.951233877352 297.61355182908 297.714590008014 297.879842951016 297.809367547101 297.871470474579 297.739396469519 297.287524956275 297.855472407473
298.608241800526 298.342430732448 297.884004571796 298.034013165872 298.282560634458 298.33191282163 298.09495099732 298.079261019759 297.811464967648 298.164949223366
298.966103806669 298.946604500887 298.270655164978 298.398897190569 298.636372842699 298.654439528722 298.655569837165 298.664208278989 298.241752080224 298.754121880434
299.208423004761 299.363329121943 298.595354806102 298.766092381215 298.75356840107 298.872467098402 298.799424582648 298.673346102466 298.305776234594 299.132872994106
299.153320463451 299.176609791997 298.507266422869 298.504011009661 298.619310872829 298.908370479395 298.806444882999 298.619399786482 298.213270563802 298.850086226794
298.644050803152 298.733431579844 298.206873263038 298.370142487231 298.220095518158 298.388950787963 298.61157721079 298.198020170905 298.039248081428 298.635166471571
298.330714516666 298.508779645039 297.983620340078 298.207839670298 298.017858684132 298.191684991012 298.401527906086 297.889647364908 297.804861601046 298.530093472886
298.201678820452 298.609111746176 297.983881796046 298.233216620422 297.981297320014 298.282189200006 298.313954008966 297.696589844751 297.872200277078 298.54535766926
298.282298678634 298.806744492511 298.230315417637 298.549380949746 298.157113061185 298.489894193726 298.574708383632 297.880713927663 298.120311466734 298.567454127432
298.319076926582 298.729673863133 298.259976439266 298.651216980118 298.308933780507 298.466609731549 298.644025958319 298.037605575815 298.197838345316 298.576383603618
298.080531960932 298.594471363201 298.214465905207 298.474486101248 298.095525142351 298.30521819795 298.32313604468 297.66566590996 298.065718956526 298.36949673122
297.682088640656 298.10364075559 297.819444501767 297.971295222193 297.610250865326 298.13092049354 297.859855167343 297.157450121309 297.672538009268 298.092053735883
297.655594445289 298.075939512965 297.795971855275 297.749511009988 297.559580241925 298.047782749253 297.771766419928 297.287361355803 297.581121722146 298.050029735368
298.125544031007 298.39884587684 298.385251795447 298.21795393715 297.81387395257 298.396598507876 298.154750355765 297.551222595591 297.865923031898 298.235679033443
298.472798904901 299.00659322015 298.679442780592 298.685367775762 298.479235853815 298.832819081051 298.672277332822 297.977770312722 298.377403207394 298.683991172516
298.893522447424 299.252243280707 298.798012669862 298.880884373089 298.683162673735 299.01538725257 298.966080909144 298.217315112885 298.625491934716 298.789251537937
298.833425923311 299.097078482196 298.686997988749 298.846368800856 298.535782466017 299.019070533789 298.878810391736 298.175121737034 298.620230043527 298.79396186082
298.639580727227 298.687693786877 298.477910467834 298.483986932971 298.262865187616 298.372333541087 298.305600772413 297.842237958832 298.378376476336 298.279584048043
298.256495794578 298.066021761881 298.146408348883 298.27112848511 298.094418502325 298.130285656621 297.997279249673 297.801143906246 298.352346246347 297.830755737673
298.174516658786 298.032374709479 298.039718237642 298.335730509522 298.029003911227 297.943841012665 297.89782583605 298.044181997837 298.247070322552 297.837644201845
298.274899494126 298.252485099038 298.337635659641 298.632451979875 298.343897128017 298.133074389862 298.128709663168 298.438532385128 298.472242010596 298.165320797768
298.472138231671 298.217387192265 298.3019237886 298.73385111473 298.504600266842 298.131780426933 298.187576465188 298.559910294635 298.446957070827 298.232460513914
298.205300412108 297.77763201696 298.016276059048 298.635684388763 298.130721446911 297.991166317564 297.789321411247 298.192144018745 298.092307434115 297.916934610609
297.66703155624 297.405282478388 297.691652008583 298.075754797215 297.850118939536 297.659773161067 297.410314290412 297.903791495371 297.678261612319 297.498828689575
298.273036142146 298.384227341271 298.331768951962 298.262309521472 298.390106621356 298.396947746867 298.301781587755 298.388310468731 298.421932094856 298.317785896261
298.648939239696 298.611134113949 298.689121705319 298.604504096617 298.763572442537 298.763230393686 298.631716620055 298.684963579639 298.647600542685 298.645252263274
299.043621115363 298.918562197039 299.166477792766 299.113461951144 299.215130301279 299.051211166379 299.008887972109 299.091392851768 299.044618461306 299.127541613569
299.400255346763 299.390334309615 299.464373820002 299.426353627798 299.586400786528 299.360023309801 299.383719699647 299.36810995801 299.302411014166 299.459819467892
299.367275139232 299.251482883149 299.351735216891 299.340164461419 299.371789455304 299.290057486893 299.381706711085 299.171819799118 299.245241037488 299.391577025359
299.115639156973 299.022570845501 299.075440606645 299.082310803407 299.157496449698 298.974347522572 299.07637650452 298.880464831494 299.068503640764 298.931464317214
299.004391611324 298.979773255365 298.799205901055 298.999151728087 299.014230420353 298.850371843642 298.771421513657 298.700348390843 298.795177152939 298.863303364989
298.940827137675 299.056983279164 298.808156939824 298.868476988641 299.061227638196 299.001467687683 298.751868714482 298.903115498058 298.867587687991 298.910290089647
299.095885290817 299.414316577947 299.065079201709 299.145182115528 299.26581557834 299.163962389698 299.090150175816 299.199165088928 299.108140422142 299.275263085654
299.209587793116 299.506745958558 299.110900651543 299.302453237989 299.292070978054 299.230342210318 299.331095056847 299.432832812118 299.277241836872 299.374816897998
298.861791369917 299.298591560273 298.785918002794 299.072451430729 299.06338441691 298.950000247372 298.951135269426 299.082798016605 298.996269919469 298.975227618191
298.43703591882 298.911849390057 298.466270657801 298.507186754925 298.603140143237 298.466646374037 298.516551953131 298.561816202125 298.422315546581 298.455744676363
298.502482194516 298.772766759866 298.279973646405 298.530322273979 298.719772207943 298.639759639825 298.453622840499 298.59823033418 298.706969614731 298.493668131996
298.792337264891 299.191149292852 298.668738473408 298.927896844247 299.094547395906 298.979545665773 298.991732621038 299.055751740784 298.857735028741 298.714540585631
299.335011497601 299.753784680248 299.109557082844 299.416673452383 299.66467354412 299.379086267081 299.432064441602 299.368319851938 299.411586692455 299.229221560109
299.611920984104 299.864124985203 299.299953500854 299.726089749045 299.791391135211 299.638249905033 299.745457144083 299.723427316774 299.777923574763 299.495832343817
299.495337380048 299.714022557636 299.13638277011 299.562859629638 299.700251990218 299.373529006726 299.426292121055 299.483500999716 299.61571143888 299.481512385057
299.122390732611 299.29144797943 298.818529325952 299.180798074053 299.253869345653 298.84120427818 299.198346872855 299.13388849536 299.163339809273 299.190815509352
298.931898002386 299.046111604805 298.604907400099 299.024395425727 298.922000329027 298.395270269514 298.988434910127 298.927908390107 298.992703207051 298.871611156777
298.828255297899 298.927164875439 298.566383855541 299.004272565192 298.746375633121 298.455989247399 298.954271327326 298.873020206554 298.87276781329 298.754987248655
299.049765210146 299.16952712524 298.960050000201 299.132584636951 298.891576117351 298.80923886735 299.154073553643 299.015792280398 299.20570638882 298.964660312945
299.064949177301 299.285208238028 299.129722120481 299.126352202054 298.866652908575 298.938572951331 299.1224799652 299.178693552613 299.131063176913 298.907996986111
298.728758155535 299.007406672633 298.856153866791 298.638486463872 298.553752756614 298.693232197009 298.838125028802 298.974775151125 298.868560745638 298.707822566067
298.366133457803 298.699169903923 298.407599670234 298.359748646392 298.065780616214 298.164353634115 298.283226294598 298.58817284012 298.505967991962 298.271880047619
298.29344072224 298.359986307881 298.530603072004 298.313678280612 298.122207672853 298.2360872661 298.0890408317 298.53568893694 298.370608609893 298.136509169745
298.856872789134 298.548403849545 298.825170940293 298.779836169643 298.402315753966 298.603516459381 298.525775944615 298.935656047813 298.582292900767 298.513544146779
299.283326055012 298.897250605449 299.45453655945 299.214143699633 298.877544452773 298.997590360993 299.085681715214 299.502060947069 299.177985070841 298.993503837213
299.434385725589 299.3214239086 299.662108030886 299.630465520736 299.129140976446 299.19190368101 299.288036108289 299.871587322378 299.647594036067 299.234525708091
299.278546197074 299.2547838156 299.447022851244 299.630243072911 298.875626811634 299.193400715551 299.183342785768 299.817155130781 299.507566541167 299.305647746993
298.812522046454 298.776690483875 298.967890638194 299.284397964616 298.469361811059 298.886556293093 299.051166185922 299.394825231286 299.346916310803 298.853083401298
298.565163449049 298.496147866287 298.612571960957 299.008526682214 298.271717580056 298.637629091724 298.763823638236 299.252635479811 299.098295746827 298.552649119842
298.72699438718 298.551771484151 298.599959352382 299.153734621447 298.419309269257 298.559508027545 298.602926323727 299.327197582148 299.065145677074 298.538458268358
298.918718844137 298.667128637539 298.820098031463 299.237864851497 298.737242090172 298.620455482591 298.612897175061 299.328352905065 299.194829959308 298.806333863399
299.093189433179 298.846832960119 298.878082203845 299.269722137137 298.744166640963 298.693244347131 298.829095886724 299.252337315389 299.136083290747 298.797715286596
298.937262369514 298.607791780176 298.435472672943 299.307566185603 298.497510727863 298.436301240947 298.708102358646 298.951569186846 299.136397392741 298.354376919093
298.423394585623 298.301395670137 298.048909004508 299.041408158626 298.018487009378 298.051727575902 298.088276059993 298.590874639143 298.957970822062 298.01736988852
298.509161844476 298.206079329785 297.973739399541 299.184803004505 298.073434916908 298.020034443156 298.241875871204 298.463991007457 298.892521278691 298.170260192772
298.709671650697 298.525475321727 298.382884978488 299.526553475544 298.447689295633 298.404587344815 298.506387415865 298.89641449319 299.456666587865 298.67913357096
299.296254847812 298.923209917718 298.803966880049 300.033945347855 298.950595876867 298.964930630582 299.093746567976 299.345088688838 299.898532682097 299.025596844944
299.673401317297 299.364074750993 299.089691308262 300.5175044817 299.237793212269 299.295255050548 299.425283590892 299.551572573849 300.197518410117 299.267142358316
299.512470200858 299.219558428441 298.898350196345 300.289422101255 299.125301824869 299.316265239626 299.374047642536 299.708721980173 300.088840579969 299.041070950543
299.266934464067 298.926620918468 298.520138978106 299.931576642818 298.741275534832 298.873862631126 298.985459059791 299.224717407842 299.799774350398 298.626763946013
299.174392137232 298.734078247983 298.288313389618 299.378214338503 298.599301708911 298.777209481737 298.603004804602 298.698320495476 299.137945187465 298.546037131344
299.449391824946 298.924573552145 298.374372805751 299.086954754138 298.640351133668 298.957306281263 298.592913376787 298.710562591208 298.85093320348 298.612419158077
299.581234278952 299.184402122115 298.600870012807 299.205854168159 298.875846056297 299.116030986362 298.853789655632 298.986555946933 298.899147787756 298.896859085332
299.714284713779 299.302561936991 298.593101947031 299.163868702006 298.968097468316 299.106618062841 298.667504071489 298.97375294215 298.843284535544 299.037743733167
299.528837570808 299.293894875487 298.242375731485 298.806902977704 298.766451569337 299.009821777272 298.620459821044 298.681470724388 298.481108141332 298.966186550643
299.344551409736 298.899323377094 297.861412752264 298.18894935355 298.365775553329 298.676009507353 298.199813911489 298.212446487557 297.824333863173 298.810498190587
299.223909669281 299.012927308312 297.919002520816 297.998941552266 298.312546943608 298.563262921036 298.22301772727 298.195233289592 297.475765829467 298.790533825905
299.785837641809 299.484537719386 298.266180503055 298.298197962321 298.632795352085 298.942391539713 298.652293059089 298.430648627129 297.939261484181 299.033994949082
300.070321914568 300.021658732631 298.773264616809 298.861552420912 299.147567520611 299.701867733277 299.05856467607 298.879076850595 298.381820799742 299.543089802435
300.37726538409 300.176555893154 298.968129185068 298.911005187715 299.531927245405 299.836148469584 299.386925869176 299.291416559773 298.608670659414 299.768430652317
299.925875762836 299.99098134956 299.008093918555 298.757626707186 299.445079266887 299.708948711196 299.199079934775 299.181781941021 298.34768543035 299.544745404269
299.414421966541 299.338458350739 298.617548653076 298.379637877654 299.180783654404 299.287491815567 298.977984691094 298.82283966895 298.095799958228 299.189109548513
298.790210131554 298.813470555537 298.58687634315 298.119098264556 299.086713087302 298.848095810482 298.86828027436 298.623741347243 297.901165737274 298.905372525304
298.560481765854 298.784094226397 298.806000052524 298.085172227475 299.12352725547 298.598065609787 298.846295228979 298.590319012705 297.892946999083 298.585496305128
298.705512595843 298.965122042786 299.074471302347 298.45200312362 299.403322398315 298.678902926051 299.102925349157 298.737277910034 298.277466142485 298.741203493894
298.639150796589 298.87336606023 299.22037598634 298.572977676184 299.402114847859 298.648078947588 298.976821588191 298.805145971619 298.363422599015 298.619178021373
298.214040194906 298.393538093685 299.110138658749 298.208749301321 299.142396213827 298.251782372177 298.77750302975 298.443433679531 298.164127391614 298.505295175103
297.689955056343 297.839296742669 298.758312958968 297.720752487139 298.848598385542 297.678259116286 298.40322159698 298.069064040584 297.72417381498 297.936411786075
297.583864988742 297.730831625515 299.089353235334 297.699052848981 298.795099871415 297.617157513988 298.465209282643 298.057379794916 297.681373115238 297.956525976217
298.027169107373 298.054980664478 299.368982667472 298.066522526472 298.880398487279 297.931202875916 298.78752961892 298.280446937584 298.135861981779 298.379442552861
298.490432438737 298.587041221452 299.830658155348 298.474998936615 299.297150804711 298.304162633452 299.102655254506 298.474659324354 298.55412624908 298.820535023875
298.827228629184 298.884680280251 300.241952752358 298.865424774978 299.421733714613 298.568600539675 299.348628294327 298.734570349474 298.826370288284 299.152540884822
298.660684112392 298.663236349312 299.986797430137 298.786391032195 299.096030768712 298.585993498192 299.214197547444 298.499417328667 298.668466647348 298.909519414033
298.323863736269 298.334866740322 299.516012564106 298.486185325028 298.669040520996 297.998826912833 298.677999224369 298.059464686832 298.474996059501 298.656197912904
298.334934156465 298.247698926564 299.005755132224 298.416900361157 298.298859967374 297.894201560935 298.363418300615 297.874990795268 298.334429164147 298.432482338477
298.40193771906 298.342872344513 299.001318221595 298.341548117582 298.273426453058 298.146338433382 298.267587642073 298.001923949141 298.422867249681 298.568688473834
298.596220645015 298.623147601315 299.04213881575 298.652118991533 298.463191560132 298.45711437822 298.516404591481 298.241039115772 298.806838297491 298.788445745074
298.63107834013 298.816694070903 299.073914126505 298.775095290527 298.614313339192 298.596847468087 298.61220211182 298.468256718869 298.996903934322 298.981746564602
298.30520994476 298.694704519462 298.799971688646 298.640731296827 298.371090104716 298.445244291358 298.275472529846 298.192625457272 298.843303350144 298.892594792134
297.773454792858 298.386719445976 298.447293986441 298.256988145361 297.801115527284 297.961014233787 297.891609189181 297.88996062057 298.55607098723 298.491185046443
297.778331598306 298.267799559968 298.441973463721 297.975493246235 297.857540492747 298.011844816789 297.730782054127 297.617063324743 298.469500596437 298.495274155861
298.024308119083 298.855279786863 298.699199246662 298.402333473637 298.273543578295 298.266707728195 298.188591200983 298.089829804118 298.869295223075 298.977658160398
298.691148961587 299.2124247761 299.165510990797 298.838226594465 298.664028953236 298.728464548375 298.825992589814 298.55174147529 299.152212216466 299.549052182862
299.050080823593 299.320438390372 299.298203787725 299.217914434567 298.939379000056 299.039398262004 299.237389131117 298.897660362745 299.30220419436 299.859975850692
298.956722595807 299.127598058548 299.20287086654 298.999384602626 298.836242111992 298.87748326055 298.945699048592 298.846798140907 299.048383933895 299.667184808229
298.762896482882 298.819021856025 298.634576654299 298.760921937344 298.431203397035 298.532001195072 298.561559457587 298.61449784692 298.727821405919 299.24989727192
298.637449993227 298.551755679257 298.290798673381 298.683521001268 298.29150427848 298.31817569504 298.267790316608 298.526346248493 298.546198814471 299.006633499429
298.993612886011 298.525561672221 298.10821852689 298.734803374258 298.327882976957 298.558042681829 298.278831482455 298.698799486252 298.602998887918 298.970971845323
299.185013906318 298.860232924991 298.416844037469 298.859886746329 298.619402091185 298.757043446439 298.505125580624 298.867444135905 298.857951902323 299.044653243319
299.215859517433 298.906652748529 298.476780050084 298.989770665999 298.791215849188 298.808267576547 298.686351822951 298.959073728796 298.784163933814 299.04719359107
299.306619684265 298.619397647535 298.327532154529 298.93864293834 298.469356824372 298.401371447868 298.530894024524 298.79617194918 298.686398509473 298.886771487695
298.941926317785 298.253585967022 297.840223059808 298.565305934892 298.063373514943 297.924101262042 298.09764171345 298.492075675225 298.292014104051 298.339356152565
298.928728413211 298.171707258312 297.783748955954 298.396906816982 297.938130668639 297.807068352665 298.133068129293 298.52970795791 298.094602505296 298.299978648866
299.031539965806 298.579948049517 298.170133118974 298.806557369521 298.485919336491 298.36855859473 298.556133967795 298.911417001162 298.41845424088 298.583237320839
299.489212760758 298.911083951704 298.73753221549 299.11745591186 298.980932736144 298.802600854652 298.998132728578 299.371987100294 298.891738666342 299.053025305079
299.587124020547 299.279727954458 299.049509658029 299.311279577007 299.250001159359 299.028738051354 299.3880300545 299.596659819057 299.072562418501 299.406585571815
299.357837410278 299.041281054487 299.211892761956 299.236045075308 299.248576976814 298.860661209027 299.284044593243 299.576070723609 299.143442465765 299.387141042768
298.87068961563 298.591832299918 298.976164462261 298.768726460742 298.82515646485 298.523544195141 299.045317017367 299.25209755875 298.706746867582 298.842341831346
298.460723041328 298.515921084294 298.834846829353 298.53961267421 298.619597752426 298.187429513674 298.858433831837 299.132169490238 298.589093636151 298.273169444036
298.204485080185 298.50659508401 298.892624233618 298.428003459711 298.516638300527 298.156245774938 299.034462311054 299.262323721268 298.65737297253 298.09870407835
298.465402952708 298.586757543143 299.198515115718 298.596272669128 298.762202911812 298.508118318305 299.222342288582 299.28358267246 298.830672047584 298.208432318622
298.655433970482 298.634844726524 299.220724994669 298.693226973417 298.934740855249 298.571070122078 299.341715643651 299.265966760819 298.898807777047 298.147907961393
298.403181203781 298.326670107836 299.193153623326 298.40826895236 298.534031449919 298.347770013889 299.26168051315 298.977298326087 298.620274001658 297.960300366479
297.790456153744 298.178130005778 298.892932937031 297.865550661468 298.207281339527 297.977075055008 298.883290558132 298.783898052043 298.120076061004 297.528129130032
297.649408731929 298.022738674826 298.704509854929 297.689310453015 298.139936897476 297.879405682771 298.921702788542 298.726688792586 298.134623518071 297.318421526571
298.101567093814 298.503928311309 298.897746831799 298.01484773 298.677576686384 298.186671355783 299.129794594863 298.992141287782 298.54868231516 297.707615394507
298.55076350892 299.176599940704 299.26332147678 298.466321359601 299.122240458209 298.742461366245 299.670447972543 299.631843708642 299.071737941523 298.364631459459
298.956666569105 299.504726321674 299.496950501558 298.720441520057 299.479398777823 299.052677689803 299.934461282302 299.933189485548 299.295613305197 298.635565602953
298.743051962493 299.39596141523 299.259656605409 298.639911151884 299.249616650513 298.864389682672 299.820641475752 299.770685647009 299.100598530065 298.66043716188
298.422954370759 299.153428423966 298.896649261099 298.283732681096 299.060809542605 298.491386106708 299.23060623833 299.1809751252 298.709326267692 298.256564005334
298.13554939542 298.943070140813 298.513864628758 298.002050709767 298.832861498294 298.364075367124 298.864275015323 298.613403648458 298.354377127559 298.32968624456
298.098297851866 299.171440030431 298.323622612832 297.88493031026 299.001517425375 298.481836522577 298.990724352662 298.448964134159 298.352154682065 298.23631549092
298.375359508933 299.455573852957 298.38513672319 298.090963309813 299.074331261641 298.642819634014 299.067223526187 298.614748736282 298.398075602428 298.579508583357
298.562918838868 299.380337797779 298.549283645448 298.238902652991 299.18670344646 298.775676924608 299.059421425787 298.625559997408 298.435266110258 298.593491094326
298.355701517905 299.15228822123 298.388753327357 298.00434834968 299.08604620266 298.455391781423 298.698688193676 298.285301009531 298.254473123831 298.370450033051
298.088702996736 298.828684046381 297.943661857758 297.760044477045 298.609123559035 297.958479618827 298.125520274875 297.843521233761 297.723730231525 297.957508678763
297.817538511029 298.563880238669 297.957697483734 297.902401725008 298.708359945033 298.136769880701 298.023054483453 297.846955524665 297.745754168927 297.801658897374
298.160323268732 298.73420172864 298.307915577114 298.258700823572 298.965226614389 298.324546511548 298.202186390633 298.27923789815 298.06705271222 298.098416289491
298.719713345699 299.104783983359 298.920542071135 298.864146201358 299.58196127759 298.918365916552 298.631809645746 298.553213992362 298.603453827224 298.748039127191
299.0182959252 299.540148516752 299.072784087711 299.199268358923 299.887759924987 299.15893790055 298.981328693179 298.675946068922 298.862542641812 298.949308066523
298.990759283747 299.42613340387 298.914791879617 298.97242002472 299.803468921406 298.908528386456 298.757140374423 298.39487969165 298.650680479656 298.738998981217
298.692091774215 299.011426155477 298.56534076282 298.639590530504 299.329701134232 298.50172730896 298.34686386732 298.180077503777 298.375300165006 298.397593152963
298.532854141704 298.840437296033 298.307398587581 298.561832457592 298.818576757175 298.365232725219 298.120511272888 297.976846436467 298.06976664429 298.15751587912
298.89202730415 298.641947288881 298.240939889514 298.77456806588 298.73366713056 298.394074924332 298.118209598294 298.009066372042 297.997425038298 298.190135922486
299.18250630275 298.64868937644 298.486340116236 298.924209655739 298.847404514993 298.572354826498 298.505427247259 298.49210031533 298.164110545074 298.525601689279
299.130121774617 298.695072120834 298.520561431718 298.954208727025 298.837841004181 298.692085007689 298.707995985309 298.662333851229 298.337672949444 298.636736052587
299.109903424396 298.428210683884 298.301042186558 298.934646557133 298.647470497551 298.47387040382 298.460512066051 298.399952241664 298.166869435069 298.304405254109
298.822554633593 297.936518000738 297.929034686153 298.681723996704 298.175035493668 298.149728441313 298.051166795732 298.055259234137 297.677058161064 297.910137230099
