297.892049175652 298.409782058084 297.913405180287 298.349828429089 298.321260447216 298.136934877476 297.799927849241 298.034672509879 298.31750089494 298.595246259649
298.351043429134 298.846300562695 298.444282821288 298.592546354515 298.751364991716 298.470821023574 298.117758746673 298.306890882343 298.839239376637 298.879352565825
298.744668655579 299.440874084831 298.900126296089 298.997617820305 299.348092173633 299.051510901516 298.651504277451 298.89457664581 299.245123931013 299.280507461233
298.970119228554 299.88569486007 299.223429593144 299.275888861196 299.601110516398 299.410819890078 298.916472754065 299.232297629988 299.447299516613 299.499109645388
298.98367749924 299.656878789762 299.146525909953 299.09256464432 299.374693321946 299.431675707174 298.746355665425 298.934224764877 299.283224766144 299.207345908991
298.623345608921 299.100191998131 298.835997306689 298.794434763117 298.903399738758 299.10961194571 298.262281929899 298.358840647632 298.796284264537 298.74956249638
298.36940809058 298.574360110868 298.522421430506 298.70543083467 298.792404388669 298.933275241842 298.0953681917 298.17603891641 298.456966560518 298.445356248462
298.278264343303 298.456976884284 298.572782553887 298.767229109039 298.857301981072 299.148338562797 298.157794795018 298.315480907754 298.346012183011 298.426791539426
298.50100006081 298.749657029692 298.925157975282 298.92062687738 298.952603143008 299.516696899592 298.530732867684 298.60473795268 298.566924238168 298.720668204961
298.667632175166 298.724491628667 298.941432062563 298.93328022587 299.178522080448 299.475737432212 298.756162543604 298.800558937037 298.630924372853 298.895085670006
298.586491098543 298.279329971909 298.824464680305 298.723447376902 299.025927597039 299.328842570399 298.484834288918 298.535452892436 298.237628586971 298.687348238118
298.3370889422 297.757760956192 298.356326946206 298.388958284294 298.921919964952 298.913285027881 297.98405472963 298.242719965253 297.886438455197 298.52032088899
298.400732168977 297.419336922214 298.341633808959 298.117711830157 298.893555603019 299.026805976458 298.100835520213 298.284145966142 297.881622886492 298.373463200764
298.864200622517 298.035847193563 298.677475229563 298.548678793154 299.499673180081 299.479837786349 298.574603859522 298.623631671883 298.20734724696 298.74895566212
299.353115171495 298.409923645037 299.012310329793 298.966385682111 299.999455735381 300.069192114133 299.035005271147 299.047338810779 298.761971363917 299.234757619886
299.596069049767 298.636318925824 299.246734462764 299.27975603798 300.040237009088 300.084612850232 299.358217527661 299.406391040255 299.039212207172 299.448014843652
299.366552970224 298.553980585633 299.073921039776 299.066076316581 299.824260664472 299.712714948379 299.233433267385 299.378601480673 298.783845388474 299.240614061001
299.027932980041 298.28564027858 298.611024019645 298.964286663351 299.121449765764 299.225652029777 298.682455191036 298.99391910212 298.532283659917 298.891706433974
298.783109048663 298.119956184388 298.531250366359 298.599075791621 298.689375039001 298.657896291095 298.519230038048 298.59054824658 298.264707523915 298.674730164057
298.77201168797 298.271064067645 298.544536166157 298.305593061814 298.597257432685 298.467540573688 298.486646261586 298.42717767805 298.288914596062 298.606751420816
298.84217604454 298.448250492706 298.812199742227 298.385422761961 298.89758788303 298.553341766909 298.739764814691 298.767059642484 298.656653783175 298.89210024645
298.97719888914 298.539463394745 298.812710935463 298.273847105859 298.936407012299 298.717160826946 298.782767717082 298.843194591468 298.92145247411 299.14092582897
298.868755156034 298.337013463215 298.630770158344 298.068800330384 298.446926404824 298.209086248567 298.515494886367 298.526229655895 298.726615729005 299.044682484134
298.473360188097 297.848316062234 298.312509258722 297.805983119459 297.939372180631 297.662189918651 298.126795806676 298.095294440814 298.284494805064 298.714987852772
298.411079592509 297.770811066673 298.063879627708 297.810702422089 297.8821849369 297.750083273563 298.084869920473 298.05168727608 298.163252644813 298.565175486257
298.854409632755 298.212541915136 298.428124874993 298.076496192143 298.219683767332 298.133354254499 298.478898907187 298.49556878166 298.651719761496 298.895675046796
299.236081564609 298.779948104646 298.936296211838 298.549488075217 298.725495273199 298.611202337981 298.865590915651 298.962034902537 299.116022249368 299.395657010048
299.599734961162 299.076481357121 299.243790619699 298.881155176618 299.046789560431 298.868069013663 299.249184604157 299.304744027939 299.152577061049 299.564209538806
299.410597698512 298.960377711861 298.934098461972 298.702993190984 298.815734482634 298.596814292059 299.232055600628 299.336520603287 299.197167358426 299.498430466719
298.859448466239 298.607851128525 298.690011612664 298.321979750762 298.626142788495 298.196316195471 299.001152572189 298.942520250969 298.951122256741 299.180302677391
298.454386556607 298.585725643274 298.541990908434 298.116791691962 298.405618268699 298.059352913856 298.589009621399 298.773453651883 298.705541140825 298.715484324193
298.30473396067 298.850543539628 298.632209826459 298.023272952475 298.456873859293 298.143157381772 298.671522395828 298.895358124799 298.680493327636 298.595987927932
298.445417921562 299.045440539825 298.725406984559 298.233373762825 298.773881103635 298.508017187835 298.826550431795 299.052552166865 298.930177600136 298.712683335244
298.509175336243 299.106593575714 298.879365078161 298.394049031808 298.923947632859 298.596435286598 298.828758976936 299.160629189662 298.923007757431 298.723285642486
298.416092911717 299.006482020701 298.679718655617 298.059207182947 298.700233971394 298.342251444861 298.702326037581 298.912969116746 298.665198764668 298.543768518654
297.950217384143 298.802053626981 298.380827221875 297.795271574713 298.257838630532 298.116103383722 298.397136285972 298.701452477356 298.197923353921 298.122304216166
297.94865195328 298.746140457836 298.410200385192 297.817331085416 298.129767528484 298.087043936881 298.403320557259 298.840413600111 298.482969294276 298.048852020433
298.466096334717 299.164970718254 298.655713227649 298.176489665115 298.507025908036 298.498547655962 298.832425839 299.208904692443 298.760968014426 298.494509543878
299.020830313543 299.774751867331 299.328780530178 298.722686225802 298.989083410769 298.88005304874 299.352135640761 299.955215324844 299.431454481767 298.968341392659
299.418157492667 300.027140943512 299.659471115725 298.996823691216 299.328901548652 299.140080739924 299.684349806749 300.264676767561 299.728477859339 299.162710189743
299.116365293751 299.81576103973 299.511572474574 298.924937887594 299.169343483209 298.902248307506 299.561298859418 300.204146365685 299.563384345736 299.102892752377
298.743913794207 299.484933407033 299.118168373629 298.791734019623 298.703683286312 298.345777638618 299.289492490216 299.595474094051 299.340494244691 298.788981184117
298.509348942619 299.003791022191 299.088100298673 298.503397300639 298.548978430522 298.043888240991 299.225690325065 299.082916401409 299.220440792515 298.438058869211
298.360526489812 299.038952318538 299.087478547498 298.68341156286 298.490323352465 298.055925854941 299.256926114321 298.837940365774 299.355113045774 298.584848958476
298.610171455037 299.158660457985 299.22370011999 299.014850080488 298.81849012821 298.295110255539 299.364613775729 298.936587525452 299.405635386291 298.964840631806
298.818291666757 299.102825200579 299.309395469797 298.966972229502 298.901326328236 298.619534711648 299.480649005821 298.954489041464 299.482970888905 298.951325728665
298.775522434932 298.941885193784 299.21673644905 298.853539571672 298.643872716194 298.230649505894 299.414702970345 298.550229636165 299.332326896609 298.796700384163
298.396514435406 298.492903752294 298.700924673649 298.688761463462 298.250448782421 297.858945454765 299.095968938853 297.930156883699 298.802428049115 298.316070439949
298.292084256036 298.184233966076 298.653526448898 298.625472877939 298.249829328038 297.775084466967 298.842190072902 297.829504375212 298.953759280347 298.292773982408
298.54091603039 298.597847900508 299.172977629365 298.944303963533 298.534511297696 298.181403108626 299.113124346111 298.337676823376 299.307570979525 298.622743307791
299.233593119228 298.91242429704 299.789128189151 299.340501734146 299.1236636969 298.630555817435 299.619138765886 298.871265566817 299.735784773382 299.100546671736
299.552134047608 299.250667155672 300.301008528888 299.581453449769 299.326608814592 299.020973209568 299.783096354517 299.080761765296 300.103378255041 299.533263695406
299.477382051234 299.010192034628 300.204204029595 299.661026133472 299.392392809849 298.927256264808 299.633371729853 298.846116681721 299.935709805795 299.349484454797
299.056720370033 298.522009245036 299.61519736252 299.249102369827 299.134703163235 298.685950142515 299.039349586732 298.338995702283 299.390435429019 298.994318939801
298.773429407685 298.306420429873 299.022010693193 298.812071941248 299.036934834582 298.459963815266 298.591844131561 298.0263252652 298.994449808139 298.730539201509
298.749166430092 298.343793854298 298.793976471331 298.802536888292 299.036642632418 298.541952845645 298.542294220657 298.203412460201 298.719135098122 298.665045896648
298.991478696903 298.744300497053 298.811608667408 298.985918784742 299.145825176929 298.802276256662 298.655980473813 298.580944321451 298.823915677062 298.745169242978
298.950843835132 298.919731636726 298.829811079548 298.986808301333 299.342494104871 299.066443263412 298.791354691852 298.706199804982 299.022702059226 298.855440711138
299.044490267928 298.700022041206 298.411458817091 298.841330247625 298.935558104271 298.868112900411 298.702040603476 298.429476316207 298.629520791736 298.736020100589
298.805447497838 298.229660099683 297.809657763264 298.349375066472 298.563371168149 298.586564610196 298.091274680415 298.186472565089 298.136135133444 298.466403774758
