297.56361759677 297.831898403137 297.91869137225 297.311922448568 297.33924728176 298.014477078174 297.730386194634 298.63460849592 297.791475759644 297.661262816602
297.757182779394 298.173730089371 298.200212624372 297.875145279475 297.745701315361 298.244461889044 298.070446866365 298.880652664239 298.219240857908 298.08656026757
298.208441212514 298.744217624259 298.636426337772 298.297874292041 298.204040399146 298.545965174817 298.3882643022 299.388378382581 298.565459711996 298.5345911345
298.444513173767 299.062263822296 298.879883291538 298.533553674389 298.45221281922 298.836692738021 298.505237761057 299.59250750566 298.871365032427 298.824208549983
298.178525816755 298.845161956119 298.730113308412 298.297775045459 298.458661508586 298.660990957634 298.459906081153 299.25719621363 298.834186052871 298.511837848795
297.599077733751 298.206743506707 298.21694374639 297.930264615467 298.004964099725 298.181025821891 298.133284884904 298.733903663389 298.262460073636 298.302022934816
297.382725281212 297.960215539349 297.834229596413 297.718592584913 297.749855984191 297.860906658538 297.624133294186 298.298821745381 297.987826889581 298.060955679832
297.414193262084 297.905213482401 297.768212496732 297.870174121962 297.683195144377 297.664416386767 297.703301233405 298.261325175323 298.068905860744 298.126032194885
297.799691654111 297.921110720422 298.034251545972 298.237954929372 298.01251589263 297.836922192152 298.085318477555 298.452339785688 298.277766520926 298.299012378055
297.969145034362 297.960136015061 298.215331528131 298.245658723921 298.202789900817 297.987054045239 298.232910841026 298.426194430264 298.310525444608 298.515924897003
297.805535693027 297.687614015994 297.997361372719 298.110855002747 298.010002156815 297.68618325714 297.973085016716 298.08371262404 298.014894666012 298.21935698546
297.31825435872 297.094098692705 297.599229713332 297.760318681693 297.730276079565 297.392870915605 297.437456802469 297.684712798232 297.685031994658 297.884314596721
297.365267059018 297.002842232925 297.549436624811 297.548288575006 297.69090228244 297.299307162603 297.520295879125 297.615498471405 297.608083206458 297.85223122381
297.719632342927 297.324347182451 298.089801811425 298.013418960354 298.076614793975 297.631880849799 297.80805238899 297.907014077886 297.898320720077 298.159159331912
298.267436851679 297.784407666082 298.599032428702 298.436638807225 298.642309736224 298.125652853729 298.266500481026 298.361260558592 298.47194432567 298.516211114079
298.399776068784 298.078055864834 298.983481482817 298.712971793802 298.902575708814 298.451683711087 298.672038350143 298.669441180052 298.84489918174 298.74167233253
298.264733706482 297.918187381302 298.743856540128 298.712727343336 298.80776524902 298.353509202402 298.582049511216 298.386733538254 298.754185643528 298.750540100403
297.839503706377 297.548528922291 298.525194208193 298.327372669013 298.46380365029 298.008811410044 298.232040205826 297.816754392494 298.360366454072 298.358671266897
297.516900392781 297.335168463987 298.221750163867 298.079715993718 298.242070068596 297.705987680092 297.855212069715 297.52874260868 297.962109147453 298.149383296313
297.509874957885 297.231286377572 298.382046464178 298.19017750163 298.307098651824 297.73672097711 297.893609695423 297.523853723679 297.878442043662 298.100592528161
297.724443453981 297.595709493669 298.527898661423 298.32644096827 298.311392794698 298.119919815147 298.143827022675 297.815472031966 298.100804415098 298.157280398625
297.815272835712 297.767116014708 298.593939978964 298.355058326532 298.316438854123 298.19519598705 298.255408044463 297.840117976254 297.93462828042 298.288332487355
297.566342588897 297.459411490667 298.489220580789 298.327276857757 298.054228273416 298.060556317395 297.949484427423 297.491458084406 297.889745691455 298.118841860379
297.221882950323 297.196930547683 298.144925131491 297.756548076462 297.781700519483 297.660216539493 297.653384716328 296.99965677236 297.67545430945 297.756588474562
297.208820814126 297.146627360371 298.12777866804 297.909555904061 297.692962296772 297.477280960456 297.711471889899 296.973509063059 297.702389400467 297.668631657384
297.581944380716 297.377156416297 298.48666506868 298.468973526251 298.160404646511 297.842241950589 298.017104560596 297.296340766739 297.957713451901 297.887205356386
298.06741500126 297.793159498911 299.146388743431 299.027220065094 298.511711622498 298.367401268078 298.433344879907 297.856183002853 298.30520754213 298.159482908696
298.321222424887 298.026365523384 299.363585245995 299.315958670459 298.706894866945 298.612255664257 298.823866221079 298.000292933568 298.391332832522 298.37780172456
298.074897529026 297.85396361836 299.181963701381 299.354251318129 298.537964176477 298.512796939444 298.864274607014 297.87777248556 298.239407343594 298.18563636235
297.743738926372 297.584500678987 298.812107807915 298.788361061164 298.165368220623 298.16783617542 298.599195049175 297.559525424943 297.873698083097 297.729577246852
297.638179286658 297.475823247241 298.37624743385 298.347709674582 297.77373263979 298.051004364523 298.374454061632 297.521783865731 297.728144221823 297.49592805987
297.559850134211 297.521206397474 298.367533364304 298.242092031179 297.64670603182 298.106672318709 298.689910041982 297.790518230373 297.727109698511 297.529740387442
297.767768629093 297.842500327911 298.466192132922 298.541188369009 297.765804863021 298.523448803312 299.022989809781 298.011213816623 297.935502756401 297.680385801441
297.82045260123 298.028076332586 298.388490701793 298.563886234549 297.862020988137 298.596992433064 298.966707109908 298.124054948398 297.984713201774 297.674943006397
297.574690802902 297.858995190446 298.080466434568 298.045266630266 297.572822444804 298.555237912124 298.917389320332 297.993621030143 297.90953176631 297.496395754067
297.266505053532 297.509285008748 297.624885166049 297.577641460707 297.25722911497 298.205819029542 298.685358895526 297.657149532501 297.547291956965 297.215621686271
297.318417813039 297.229252995414 297.361116269096 297.485885844215 297.257828833864 298.024656576466 298.501578066867 297.731617224705 297.566317194737 297.125215541354
297.550454196976 297.552295995688 297.583075088217 297.791972088199 297.722455303102 298.533639487183 298.942547828812 297.969610869538 297.886059846312 297.522263428019
298.015228022589 298.160556531824 298.035169781777 298.106611425481 298.250806457153 298.932580078969 299.432190901941 298.340971937622 298.327088960039 297.990087378091
298.132880841246 298.336708452302 298.125931404754 298.223476580731 298.567873833739 299.246202640999 299.408545057185 298.62522638891 298.559683453206 298.316026758628
297.948233133092 298.260632329545 297.969170217597 298.037313991801 298.547512325458 299.10809099516 299.345887737936 298.378961408512 298.21384804501 298.189833660797
297.248114056898 298.094526464052 297.287054633857 297.472214389652 298.326128594604 298.674923419618 298.878248994748 298.113507682504 298.082821484109 297.824306766156
297.195348053673 297.995818536402 297.130721163043 297.21314831454 298.085554152991 298.25275473228 298.403975962987 297.775592391939 297.860796897103 297.524054636897
297.248013988069 298.046658248669 297.265174334628 297.252603231014 298.048569936574 298.207159322413 298.22220098227 297.727990060783 298.086263531727 297.666469877084
297.504181283013 298.162931085021 297.502140032504 297.58999383684 298.363907362442 298.322482609595 298.311859540713 297.939058259743 298.536392607878 297.94872202488
297.702030435513 298.114535846039 297.658018543605 297.712710225489 298.375031323847 298.425920298694 298.206608907699 298.017049403346 298.478540114297 297.935700258259
297.437730358907 297.964277629529 297.474760726446 297.4619909647 298.193227456515 297.930943614161 297.882150777033 297.901321100396 298.555438171911 297.837632548236
297.129488130021 297.631731529988 297.004897331389 297.198000392551 297.888482252578 297.434862043074 297.393875061856 297.6174021631 298.217917141658 297.483999462303
297.054503593304 297.745403188892 297.089487679638 297.357098002376 298.017282742237 297.323396021774 297.351458775974 297.477796448188 298.15728186298 297.535556344114
297.612329265693 297.960228147664 297.31618110192 297.736251886653 298.185424284671 297.595181907751 297.629046232813 297.826960514719 298.551986862935 297.956521069015
298.136281389458 298.649478334504 297.919906321056 298.257074973408 298.634983807212 298.07718908528 298.026129117941 298.415130759442 298.902864465631 298.438724339108
298.491666751275 299.002486159425 298.242068695936 298.626989258463 298.902068193253 298.15403657524 298.224028978504 298.678793086337 299.13024209116 298.674190596186
298.423328644624 298.825167894352 298.149892090296 298.518350232794 298.779149623599 297.937964179379 297.997219131189 298.553849536832 298.797480453465 298.687213952443
298.034126017876 298.3311358778 297.744487741664 298.070711687597 298.424603500584 297.499846919576 297.47896547323 298.151709599303 298.546480205822 298.353349409737
298.018299944107 297.744717068944 297.507231574986 298.010393864633 298.157715673873 297.208067802698 297.333645606639 298.01231090668 298.184147328957 298.153303747477
298.134485304411 297.647829512957 297.537532493351 298.177530399191 297.945874118132 297.459462726247 297.460799616271 297.975925481805 298.106101653184 298.103668597522
298.300288819262 297.811705484999 297.803296868731 298.634577040746 298.032951555693 297.881804869671 297.826186424943 298.165947810157 298.236803878686 298.458978713599
298.326629113758 297.757070611987 298.045753867436 298.720342452399 298.080395285113 298.043971696022 297.964579216804 298.15753947779 298.305377009873 298.573495932609
298.395345681809 297.478568173548 297.714794489064 298.55701001384 297.860340347256 297.776326781717 297.681732181523 298.080635201671 298.118748791859 298.420945707117
297.952967331237 297.05586563931 297.271545653052 298.129781168281 297.482277297645 297.361351499349 297.264095576389 297.583686437417 297.702004980952 298.111436816255
297.957377663395 296.962692868599 297.332761189794 298.0250373221 297.382492531328 297.483080579618 297.457299480017 297.488051154043 297.734848024595 298.022155991703
298.368298783327 297.466860260634 297.470854070463 298.184467858855 297.798447582782 297.876280866374 297.824155888302 297.828774330185 298.16769370794 298.426135884564
298.821109096054 297.828459002774 298.072758863782 298.523940242305 298.30710530943 298.467508552275 298.306224782313 298.408579083199 298.70894318886 298.754880804265
298.981212875328 298.124401240193 298.473326405071 298.703226481778 298.509796533504 298.472562773558 298.607132910467 298.834191875092 298.903596774699 298.953789700172
298.812527533732 297.913390397504 298.276081733951 298.363271469025 298.317513935997 298.505883041221 298.500141550258 298.788827681941 298.810232288394 298.726923983155
298.38060270098 297.390657196628 297.820745091006 297.96430613044 297.945082104634 297.927469651359 298.25712613563 298.366547321639 298.415793070773 298.351480483641
297.962640190627 297.170779940639 297.651620761778 297.667635345185 297.60018872348 297.866015221284 297.999648636679 298.18645817173 297.967200000874 298.114046149527
297.960021022786 297.387486140228 297.762732717125 297.531425944669 297.837332915621 297.978315304335 298.022393028013 298.171987236219 298.016607564804 297.9688084593
298.172455938962 297.729990696777 298.071729944118 297.852307115882 298.146527337754 298.217193973246 298.181615599867 298.216839775132 298.274133040696 298.251314293697
298.161982080877 297.927464638767 298.25936508721 298.061804236588 298.30510166565 298.370756505362 298.342502843571 298.149725189032 298.268767902905 298.366631167039
297.968042938287 297.612837948794 298.05367008481 297.779353192844 298.097602165712 298.081669513554 298.15899091753 297.999480468514 298.105910821423 298.080645241932
297.495431879656 297.262719532841 297.601606682059 297.404742836014 297.643587088467 297.569217663958 297.730830965657 297.535619346082 297.783881477987 297.643518543062
297.514757103546 297.463199774851 297.474296099244 297.324089131683 297.514966152377 297.645992551269 297.716385231263 297.538296521203 297.812112034948 297.629456005883
297.855973310707 297.808320815514 297.818108106864 297.760595625334 297.859054209532 297.813229778198 298.05100996343 297.854883248169 298.070376230426 298.065441599517
298.27926837313 298.301718522641 298.209249891555 298.310616347696 298.362127497512 298.33623571333 298.592163655197 298.401902183309 298.385060235552 298.656497346633
298.523292380581 298.586251101876 298.569555648552 298.572076758952 298.834539792308 298.733948960662 298.944580501297 298.621719943393 298.61995480728 298.867970125923
298.328547836406 298.334888555718 298.501240506953 298.427722339302 298.588230599283 298.517299777808 298.961516074145 298.451412313315 298.535023830864 298.791287559205
297.836095342693 297.955198765965 298.03067722181 298.144331161048 298.182420344428 298.107676871343 298.598478876792 298.160771047744 298.079939088791 298.297898883825
297.594068788652 297.693853701728 297.739699892034 297.811039827243 297.918255349559 297.947706913151 298.450081309284 297.85307753543 297.714065304874 297.959880896599
297.703196376463 297.822917907117 297.73875715114 297.850844836987 297.803819118551 297.944958638498 298.648459495741 297.855856727302 297.700470984998 297.958163138351
297.797059180436 298.177683601043 297.999904962683 298.093514319058 298.019999798663 298.149380633218 298.981852504125 298.11526577833 297.954034414774 298.151516206711
297.870588829904 298.297045584292 298.132636640675 298.23162488693 298.204103261324 298.381720496508 299.096940721119 298.036286294547 298.159287269195 298.197940198839
297.674697552525 298.090404121081 297.835235938269 298.067334604447 297.989277527222 298.149194809294 298.884626207636 297.986628178865 297.951437671844 298.003561758678
297.213311530251 297.59973076216 297.489576354941 297.534707943139 297.64683742809 297.943880945675 298.708752465937 297.401863089446 297.596849834082 297.606418086639
297.201637217127 297.656800134849 297.468908975242 297.590335933353 297.587821532108 297.87299284231 298.839531895079 297.353096163208 297.532330900135 297.546888304423
297.56060633055 298.017939950273 297.878956836091 297.82919771827 297.940167751225 298.248483130961 299.350492339305 297.751355467571 297.813246567491 297.873996003515
298.161750085229 298.553947712202 298.357791375615 298.226905175894 298.367102591055 298.80428990672 299.791320235712 298.160458169473 298.411569958738 298.260404986387
298.47314958874 298.844873897845 298.551667948954 298.61724302255 298.531757809809 299.167491335811 299.968936020799 298.457680975996 298.721511427365 298.46064933861
298.287179680963 298.758180377839 298.450125921466 298.511442004039 298.30570450418 299.000986320613 299.688872829426 298.363028503495 298.538470156615 298.226626876504
297.947669176711 298.244872521278 298.065570873707 298.237957465478 298.032763941294 298.643182060343 299.261242406709 297.965760703306 298.156206360104 297.943151955938
297.787560351958 298.319347757864 297.820950405553 298.048343938032 297.861114865701 298.416643124619 298.685030864248 297.694002766526 297.977466724014 297.652259463435
297.839358438675 298.379011396834 298.004908172261 298.011057598424 297.773123997084 298.564372893185 298.347661554085 297.92475541558 298.148283081885 297.650443811485
297.941105147063 298.58199633528 298.277010025789 298.175625409177 297.986312037865 298.563963273754 298.334405884476 298.256032722491 298.419757599682 297.903105087849
298.270891975752 298.48534276131 298.427932491611 298.355645029313 298.066812106371 298.658844254284 298.341532256721 298.484429432465 298.514572200145 297.989092624074
298.138876621345 298.394806157669 298.176448165483 298.229014218379 297.900968970733 298.475265158938 297.949748695046 298.278028617285 298.280320752625 297.749826994176
297.65957763702 298.279276760019 297.920997813252 298.020928666896 297.541099225324 298.114077422644 297.43557163564 297.885923103088 297.889359616559 297.429164964674
297.841381262784 298.179581403068 297.937389697122 297.877319521472 297.538374352015 298.0352502925 297.263762205046 297.875727405398 297.846551495984 297.507119764511
298.239255728492 298.797651816747 298.32369454716 298.29376007552 297.960081826885 298.30073384027 297.687570423265 298.273816637833 298.20419003764 297.738497657611
298.82003483616 299.203748416146 298.899228380548 298.756216901047 298.408346293295 298.808516673829 298.188583824639 298.756625425546 298.672334894127 298.342131937426
299.060698609945 299.612790297526 299.20009476729 299.051755493179 298.702363757889 299.196128705852 298.469201605984 298.911346307066 299.113844714313 298.608145972169
299.024785358623 299.647913657407 298.887894925486 298.766783222492 298.522451100354 299.15695446202 298.345823165677 298.670464683843 298.866564890143 298.487650168992
298.450431637083 299.411398267135 298.676721945621 298.299271932899 298.503696204197 298.807062942576 298.081725815586 298.41851653723 298.660467195552 298.319833690378
297.9515128922 298.80635108618 298.592524885498 298.134602592449 298.144486166838 298.597711287218 297.733634890437 298.314586473879 298.436955113418 298.170930486942
298.009405899784 298.679393490158 298.739318024825 298.206024990684 298.113943524249 298.709016279499 297.84574936403 298.272308118667 298.383389922996 298.226718071291
298.311530136396 298.711996219563 298.764937588258 298.364785736362 298.38658748731 298.806450648422 298.270373736202 298.382085351431 298.434886456851 298.460055004681
298.35706269081 298.62950684758 298.773414218067 298.421543865545 298.465094209792 298.659331325177 298.353368237328 298.409953388475 298.597441900987 298.610525446151
298.269493342246 298.288066689271 298.890637511473 298.122297280201 298.286364164056 298.469981568226 298.077207477202 298.19849961371 298.495866711704 298.360258630321
298.005458616564 297.797573673456 298.558656939328 297.895282488286 297.864070536448 297.961176347729 297.589789510462 297.858218375817 298.2009911353 297.976731382403
297.930057736831 297.543273930025 298.525308439761 297.823996866876 297.998823979058 298.067684645951 297.835197309578 297.863233169402 298.245421254389 297.991847409629
298.218942350929 297.854705537355 298.957474651616 298.204251666643 298.386886143457 298.430502898831 298.102104778892 298.184462189374 298.697479327965 298.326017970552
298.662196009492 298.332433939486 299.514639960374 298.599730379973 298.883742482129 298.76277548443 298.563719548264 298.69079631742 299.213734263309 299.038050178175
298.998960835759 298.64245455964 299.853789767502 298.901931969364 299.20031992115 298.979150118091 298.832900726072 298.818439464246 299.367239292757 299.355300007719
298.713821725371 298.446137197029 299.806019544313 298.565748370717 299.165991504707 298.791206816014 298.553364446577 298.720014966702 299.070066166569 299.150151199577
298.337633099654 298.032746188041 299.289955057744 298.129922118304 298.608509054412 298.312779031824 298.299371509345 298.423626726484 298.724577224557 298.747823547352
298.135442853906 297.76510929273 298.614064225725 297.7817522516 298.166443254585 298.143840499895 298.005744992851 298.183574345056 298.405000382581 298.501100423581
298.012301336142 297.811871135456 298.415447169519 297.777321076206 298.144945441174 298.078004843083 298.123090626354 298.004013249669 298.330598051535 298.508231467861
298.10978223611 298.05920312273 298.467748289161 298.058998555732 298.431498550928 298.257625892934 298.468882776014 298.216071146737 298.390718635484 298.863028662602
297.999973948871 298.24294790194 298.310748713486 298.234240219201 298.631760627196 298.392639490259 298.584116750687 298.372890326663 298.507674001828 298.903286364242
297.909577856914 297.965789788838 297.975880541957 298.043163330072 298.228000836713 298.020533862931 298.254909426526 298.056474441119 298.317251924597 298.679136582566
297.520257706217 297.444743560345 297.547832621148 297.745901813885 297.984372561455 297.585768553488 297.903151010448 297.612914082759 298.036456162495 298.392196139267
297.491813939928 297.553462996725 297.369371644343 297.721509632847 297.958549456384 297.521991173466 297.787864061716 297.744398795477 297.90790037813 298.371091659224
297.905690016244 297.782644329432 297.843321851925 298.055636692177 298.422759639402 297.812175827736 298.208718554561 297.904310245944 298.37341941064 298.650248607265
298.420206546698 298.187833955145 298.263169826439 298.645770999849 298.837588693526 298.330139940335 298.739287857395 298.470862081327 298.792746027341 299.016864088388
298.630113988211 298.536239928371 298.522542931059 299.054104715343 299.129276249309 298.532887928918 299.098906227855 298.763609401817 299.196422734655 299.172957209472
298.696567480573 298.578418935023 298.401607874856 298.788053984072 299.154963713351 298.507290473009 298.920476878796 298.451170551242 299.070928850474 299.019885429816
298.37810653145 298.156167340856 297.896126373616 298.448685843375 298.695056537824 297.970730802504 298.504763267607 298.110402798098 298.73155449197 298.587131691255
298.137480466849 298.009706170388 297.666226201619 298.154032591804 298.495336702295 297.745702460065 298.20920153968 297.883358254187 298.515048803423 298.210029652676
297.962175906233 297.938480506459 297.808600744064 298.166366722655 298.313206092545 297.785294366773 298.221319152571 297.869094058474 298.462317348647 298.118498747258
298.168697530543 298.227051410122 297.998862844051 298.346188599138 298.469277495246 297.990211743681 298.567999261558 298.030461438635 298.569193106152 298.235085552083
298.123331854018 298.214386243133 298.087853934747 298.458435270416 298.425021495106 297.980580035857 298.415333726098 298.22990948193 298.657446059853 298.244191389579
297.937931553034 297.898651277369 297.731251760864 298.258966267013 298.151154194314 297.591929471725 298.112829874948 297.93860123158 298.411796159946 297.804480200433
297.58942754924 297.502456116769 297.333807984605 297.841312560018 297.742096496801 297.160261936606 297.582514784876 297.653532310208 297.956584492571 297.311206514803
297.464749578835 297.336712561877 297.100211309212 297.831377308664 297.728025447768 297.17558542594 297.567899791315 297.49470293633 298.031704454766 297.234572044425
297.827473259128 297.656060067913 297.31898332425 298.23629085929 298.019086994527 297.514363613471 297.868278296429 298.05460176806 298.344914950928 297.691271715084
298.196185295167 298.126357698007 297.862890823637 298.65247047402 298.596436101061 298.076375246307 298.150403197547 298.476763419284 298.649583229012 298.054563165934
298.41233296669 298.263262187565 298.08219305087 298.747240639255 298.84595786614 298.440268403206 298.504581562375 298.649356050398 298.73002296587 298.35855170606
298.191659558817 298.048166743308 297.941779765446 298.323470861829 298.684438612884 298.4527230161 298.195241544472 298.431626152532 298.515236704655 298.208799959297
297.827686977085 297.774332867707 297.614615531976 297.83364408073 298.359699320815 298.049851786928 298.020907604929 297.99047409537 298.142988234965 297.616724679224
297.576787870573 297.540808721806 297.506118631749 297.543723793426 297.994692933167 298.088572986913 297.806872107324 298.020187921185 297.865890448329 297.567459462253
297.499418340432 297.640093594648 297.571523418077 297.544923284094 298.065009819538 298.189751959325 297.925035800063 297.982020552408 297.866093992231 297.532323601673
297.73144505271 297.952204702958 297.880513590614 297.668833497546 298.330407222764 298.470248469404 298.034047833275 298.149652893742 298.015265398005 297.917927672101
297.783155821516 298.134341140457 297.922011581254 297.798846653553 298.368132271336 298.544291158575 298.084306647596 298.266630597697 298.12920813057 297.922079024009
297.57376880423 297.808128975552 297.65048758679 297.513121558426 298.288342785355 298.423914692823 298.025340181364 298.076081441233 297.994527617327 297.519239952363
297.365338292081 297.463193476218 297.257549477541 297.120788735133 297.824963115222 298.097001157309 297.42541563198 297.836100225336 297.673192190055 297.368283278351
297.447732087125 297.457521539662 297.157324387073 297.234715465023 297.982374708893 298.093337724912 297.527578122469 297.818003320427 297.700979619646 297.312248068921
297.769958977243 297.924388503349 297.671996401709 297.671172201522 298.236508827465 298.67822198837 297.868475444549 298.147741291124 298.209077780732 297.709348061295
298.333783865324 298.430046879078 298.068903116687 298.112363952807 298.656975831222 299.098000625548 298.291413138365 298.655458746657 298.693361445918 298.256201741424
298.421951486139 298.737363212243 298.421471185689 298.399681827638 299.141408784261 299.290233190473 298.480943818838 298.81201852645 299.016348938121 298.460316544281
298.313596385788 298.480386924743 298.349232427249 298.276830917957 299.037245767229 299.036476320928 298.400816339603 298.62550266095 298.893762996713 298.258768993719
298.046690943012 298.211389786911 297.928349662848 297.989113747832 298.57841578235 298.420768914498 298.076151461791 298.2522840484 298.578807063025 297.928026676001
297.783786760356 297.821230051551 297.782099754846 297.952898764149 298.479179006823 297.870295763929 297.998605022237 297.96816200121 298.295138012433 297.789387895929
297.80831014106 297.957906073301 297.881431534537 298.078836023242 298.464337074335 297.890732223537 297.971631558955 297.913421755457 298.392624640225 297.806577979263
297.880774437459 298.283689347923 298.058212131632 298.393899678347 298.516345718646 297.939079909776 298.058071227363 297.997372301503 298.640293480336 298.052577100984
298.07993806474 298.279613686986 298.105393140391 298.581560688733 298.452089443075 297.925644670055 298.193200766918 298.088787446771 298.471077792913 298.148308095637
297.801601447621 298.177064691643 298.055869001867 298.430214788656 298.420617906514 297.574797204537 297.962563966278 297.992668415013 298.326362102086 297.894445595239
297.426026465414 297.832582690572 297.824374103589 297.940373295425 297.942823809207 297.026668411112 297.574432120362 297.524096653861 298.053762025538 297.425743821363
297.453983996079 297.710531863959 297.874687295627 298.072087003988 297.686827226535 296.891299066071 297.66461572063 297.328662172378 297.997472883877 297.494240286682
297.786391263683 298.016326367985 298.259509904953 298.383629563728 297.868362443788 297.316987597791 298.017681261053 297.791486885917 298.339832275075 297.923394775792
298.283162681185 298.426646254612 298.656548890628 298.905758674373 298.375847633066 297.730257272582 298.542970447958 298.301173158868 298.700788232912 298.358508600399
298.731747919892 298.771270146101 298.87918160079 299.124862463773 298.491452627974 297.985922494375 298.747290319825 298.554070533252 299.018825735406 298.594970322095
298.605590373525 298.661157394702 298.787998403371 298.993415687418 298.187230680866 297.714498278225 298.570074371592 298.470144756695 298.864748822612 298.446282419364
298.36765077132 298.243343196935 298.545688530249 298.392662567649 297.587892288974 297.438374827302 298.220961414536 298.176383463972 298.369230632476 298.199651720023
298.050384114948 297.931331603449 298.372635406417 297.966189522063 297.301724515591 297.212121761924 297.857793943555 297.964622630938 297.906541655223 297.969679363509
298.088449170192 297.996326683737 298.528223063626 297.813420357296 297.536812267473 297.396387945305 297.773118925822 298.090208125284 297.768059592964 298.202913108627
298.3618331222 298.094699347017 298.659771974526 298.12355087678 297.789075999564 297.727994041289 297.958455294206 298.308465898882 298.030868479627 298.420409835214
298.313808377857 298.342464179604 298.612380357079 298.256687242003 297.982613881158 297.904264513286 298.093251552023 298.238403638715 298.166886667573 298.551726390221
298.328504931259 298.210726906295 298.574584746001 298.106049517941 297.75027854471 297.614055564305 297.944536925841 298.013794564232 297.803995076523 298.362861883379
297.880764496043 297.924759950181 298.279588154008 297.766420123539 297.27583513122 297.386975706894 297.648946018288 297.649160036764 297.254452242655 298.101126579074
297.917672238822 297.862042414456 298.299895880854 297.577566207414 297.382575690831 297.363250089543 297.564469687685 297.619885956743 297.147196011833 297.944387695911
298.239919180104 298.340785527197 298.718498417657 297.921773900749 297.697353707428 297.837315857812 297.905322012959 298.197144836144 297.677305742074 298.412016443522
298.498943942837 298.751873021886 299.114921058923 298.47252210029 298.230416146778 298.31458035056 298.343714919612 298.757147859625 298.05723648925 298.806510401282
298.899188367442 299.143432997188 299.348482823838 298.85051059864 298.521800555309 298.502947474188 298.729918726501 299.122924593339 298.345217552027 298.926819015318
298.657874487611 298.948289887145 299.27107345602 298.687542854279 298.37258119837 298.425418394502 298.590837147567 299.0680433839 298.103005635345 298.875322920519
298.269249016203 298.562433701401 298.839543198934 298.551609852935 297.939062894846 298.231250518865 298.207446186012 298.722309957683 297.696592416547 298.411781021571
297.852291132803 298.487721889837 298.47066515368 298.366460598946 297.758202110859 298.138426967094 297.933344106342 298.335159230219 297.574617061616 298.231000339867
297.658108257108 298.53643021697 298.361705474267 298.482866251555 297.805694716343 298.24949255387 298.051020720796 298.441786372055 297.668887663448 298.235633624942
297.818929547245 298.607033780876 298.526992875493 298.628671466019 298.142336591197 298.354857929614 298.219013134173 298.487755161532 298.150666939793 298.293614803253
297.986772712396 298.759255645668 298.515928746085 298.764468964179 298.296924940155 298.378118047374 298.190587415517 298.400245172732 298.280207725403 298.485891623597
297.75146730423 298.436056122804 298.225486854028 298.66545332932 297.909395289056 298.238334942793 297.91833128611 298.107156349656 298.012874010435 298.318015053346
297.31009065938 297.956991854582 297.796007035267 298.261628892316 297.620819381522 298.059081433784 297.654206563164 297.676748502339 297.604341862787 297.953282418338
297.291287410076 297.946823131762 297.536003383514 297.990888704022 297.613550822691 297.947651639003 297.556250121096 297.752804220696 297.665925668289 297.990778198689
297.659582333293 298.292194000512 297.89301415188 298.45880562331 297.885224258389 298.29341169939 297.961469222506 298.102787463386 298.039100316589 298.359191496326
298.031533597126 299.008012319296 298.393502887454 298.916427605175 298.378942940049 298.849856033667 298.261795705462 298.735107983041 298.662992121973 298.766855422379
298.379926113264 299.385803632739 298.683255818238 299.137945385644 298.652640297746 299.208218426509 298.484197656685 298.929157705306 298.962098740487 299.066771820226
298.055877388503 299.290228817544 298.462427008779 299.009958848499 298.460931071624 299.069244348081 298.409151648313 298.69772706837 298.822301287449 298.926914287889
297.771244348198 298.663946637301 297.858685965367 298.557251748651 298.277137598893 298.768458217408 298.130512633035 298.156724704789 298.504759042233 298.517949667868
297.544828475724 298.119755477715 297.5425395281 298.379198354979 297.98296449324 298.640974253892 297.770844330714 297.949198078289 298.366547628863 298.293879785592
297.643203943215 298.070228899348 297.528514164898 298.34530362529 298.036138352979 298.636036116852 297.621054671875 297.900530938813 298.339128461538 298.365427326247
297.927124363033 298.191577585572 297.878038880643 298.434137542507 298.460408598571 298.708772057123 297.900714773837 298.122946090936 298.594492618353 298.570509068172
298.032963728556 298.328779902375 298.050063891646 298.488411379776 298.639078533025 298.771208301703 297.962654994372 298.195343597262 298.737117932516 298.815923579558
297.715079412448 298.013172024393 297.7789179428 298.169698854152 298.454438645167 298.524185930003 297.760166774141 298.054722177074 298.607280683796 298.71071246384
297.385445983023 297.586494763279 297.495733140522 297.872988693577 298.188166369627 298.146132064144 297.505883827199 297.675411525381 298.365235718737 298.261380830303
297.438492676896 297.549105491706 297.438444004929 297.639865248658 298.117292616502 298.245915048221 297.564792491124 297.576424790654 298.19276394961 298.133138168222
297.839634660493 297.95391308097 297.837423524579 298.056989915468 298.454007667609 298.811148484171 298.11627758759 297.875147529513 298.572308698941 298.490288715282
298.335114015879 298.445013711081 298.430899294066 298.421417805806 299.110768619114 299.453013425016 298.427736334894 298.41931689029 299.135589078533 299.105402040641
298.66809331759 298.643815524751 298.58047378677 298.794264090736 299.347006545231 299.759967440595 298.61074850137 298.886365015628 299.209714569935 299.357858728289
298.524132534835 298.436322492181 298.448873065188 298.568802211381 299.259956606836 299.571338745181 298.527112766663 298.703813516893 299.104691794837 299.206674958656
298.339939432241 298.144030623283 298.093275346582 298.152480601651 298.864590535229 299.012741791507 298.182424728049 298.299071817324 298.679569429378 298.656169266264
298.199527994771 297.882387297044 297.952187479519 297.85476804918 298.71481780401 298.561053860307 297.980766694148 298.261337047784 298.313950102054 298.09960183698
298.330573586444 297.969897028669 298.048258564218 297.931599821333 298.824978851062 298.410532031516 298.043862266803 298.56745888234 298.121938269437 298.052292334276
298.594073078458 298.289038629646 298.437324235988 298.168614854935 298.886169041606 298.537289719342 298.319572803671 298.76476078993 298.311944567131 298.252776538235
298.62223297749 298.401348877268 298.368069214533 298.3031723461 299.009677661335 298.495524995001 298.541977609848 298.906070634805 298.453503038203 298.390829413868
298.225332176022 298.155288119353 298.193230033862 298.105882415561 298.668116078983 298.112226572022 298.342682198964 298.944663265511 298.133082236343 298.258336547558
297.976438013768 297.679389611564 297.946630442231 297.659464198898 298.404110421353 297.555620671292 297.915414800565 298.596594169628 297.758350455363 297.819686835146
298.126860415741 297.574194548918 297.7877992396 297.609107664255 298.262114745815 297.554161819412 297.853771625811 298.696604918472 297.628261919148 297.88718774149
298.271127055589 298.02196737384 298.373910862478 297.815240633239 298.802532504696 297.845549814214 298.351449305011 298.991817569339 298.187499503509 298.3414418581
298.742711714479 298.43860335187 298.947758780954 298.379489968767 299.306903326394 298.306932676908 298.775015308419 299.503155586068 298.520170705821 298.836585352126
299.036042024181 298.755872143048 299.19890287085 298.69260801674 299.521352040204 298.550391898851 299.099634080064 299.741656553147 298.842744211676 299.041762703228
298.947357186281 298.598251811323 299.064272958162 298.4515233733 299.233501961335 298.270743668199 298.963021792102 299.657168676147 298.851680842058 298.876374595756
298.606367444816 298.381630511518 298.536597107622 298.224915528788 298.736812506812 297.860525670585 298.78499809717 299.160744745987 298.415824538081 298.529236185361
298.598413991411 298.299045567658 298.547901688795 298.035037557263 298.39984472235 297.645100883357 298.603863116397 298.669052866066 298.176689146288 298.296299028645
298.584912422373 298.108523651152 298.455892818425 298.178846634877 298.540824572022 297.817290936532 298.712447247976 298.583979070971 298.189434040785 298.304692469228
298.702915690281 298.471636574372 298.689548277343 298.57925698515 298.590610496246 298.158490186355 298.883612734469 298.733231970432 298.387016389842 298.500047093831
298.84960840297 298.693956100354 298.725841731841 298.748958446714 298.76320140388 298.294245867735 299.026201657602 298.648148874075 298.542857645069 298.609081195802
298.676949062558 298.579975704839 298.550782351878 298.685937448313 298.533723785984 298.082646312772 298.946489866654 298.367334379425 298.427307391297 298.431148692364
298.337342788116 298.324936504587 298.234553819364 298.407040834047 298.083485165707 297.732381393603 298.359331158236 297.951548135801 297.939697387891 297.732677974032
298.469858432392 298.350624949741 298.241720688883 298.265833602326 298.008523812082 297.696848673502 298.423652625913 297.63729520388 297.909431204096 297.79677761823
298.95934759464 298.582699699406 298.727551855876 298.598788350069 298.217920928808 298.163981348931 298.863409047632 298.168097152676 298.31966075925 298.225765566532
299.501980989975 298.924252889308 299.215186713658 299.129156353628 298.782864285842 298.519452090048 299.366349758139 298.454764510535 298.658853876941 298.782430669304
299.661944741286 299.375589959832 299.586646536205 299.4450471789 299.162475017526 298.576155689565 299.660670307779 298.695543136873 298.896067577474 298.973822957282
299.417024375021 299.085976105035 299.375980801204 299.228318969182 299.073188011221 298.465384411289 299.423533308106 298.442176195353 298.898975295854 298.756757580962
298.813757332479 298.674137724212 299.027169863735 298.955198069089 298.502928246499 298.153984449814 298.895958005596 298.067788407039 298.505892968502 298.392117868182
298.219657509645 298.261092732643 298.600754083036 298.732177180959 298.278000840762 297.849266850905 298.048222198388 297.737545395073 298.445492999926 298.09034107108
298.135076888832 298.031935112834 298.384446579581 298.788771284879 298.226790317012 297.96360569292 298.171965349318 297.808258529352 298.480050487591 298.142578033121
298.347974313082 298.197370891103 298.664571230537 299.05232235552 298.470701511751 298.333256863045 298.45905504424 298.137819338727 298.679698299554 298.433938727805
298.344630805891 298.253979021864 298.774369030393 299.061695098488 298.602518717305 298.510563997864 298.676098202549 298.365625515265 298.798038037021 298.650335296269
298.00435844247 297.931693621968 298.491714384039 298.945603914592 298.344915302197 298.22022579592 298.38546999255 298.11713027511 298.758433644234 298.297681873029
297.569768673256 297.557975031335 298.139579932069 298.576501290503 297.934287525328 297.686498732101 298.138687449835 297.724899838737 298.439629147216 297.947219053159
297.379321124344 297.413799878317 298.174280528776 298.54857901131 297.889345778997 297.588717411642 298.085568412696 297.707383543314 298.323829439157 298.037329151147
297.754028854856 297.809755799427 298.314287241289 298.684840957807 298.306668758747 297.927278469386 298.501760830137 298.053031348718 298.941094850786 298.401539541373
298.340717473289 298.483319643953 298.867091530652 299.044748737865 298.899556017277 298.427925188101 299.078934280745 298.563519098578 299.516923728837 298.784881395951
298.638759417719 298.931916725762 299.047565036545 299.309029009943 299.171433327441 298.754843001457 299.162759803896 298.860619518506 299.922960509062 299.149897667426
298.515830224229 298.847821401532 298.909221376157 299.183243823659 299.010307129219 298.793232386089 298.965367478757 298.787004703932 299.680981026255 299.106478558622
298.046834244281 298.416297792147 298.621366171554 298.803294525903 298.65626167649 298.379756957361 298.686277833703 298.437091432875 299.243236871721 298.749962859088
297.920466070397 298.173054889224 298.378915263855 298.267174677721 298.323461540585 298.303904288573 298.407990275332 298.259176020108 298.992564862945 298.650907995969
298.137936413158 298.278703926462 298.325767993498 298.106383381622 298.343084539958 298.305073315484 298.357816217987 298.315325731522 299.015919231755 298.647975442523
298.532832850525 298.529430795006 298.552697429485 298.409163587948 298.513041702908 298.523130123657 298.734944621173 298.768380807434 299.172041375011 298.801844370855
298.666267529642 298.687813074031 298.670962483268 298.503816859832 298.700298011236 298.531871424652 298.82584020397 298.839656300625 299.23398747959 299.002138753233
298.421019852819 298.457785550446 298.444388491239 298.103424762616 298.436385888433 298.222789403734 298.646597737704 298.590671726234 298.900438200987 298.952963915528
297.880725590106 297.953774230133 297.98922541643 297.787846392971 298.191162183206 298.134278056094 298.13608016175 298.331692815813 298.371309825376 298.672953611594
297.930782040782 297.961529293399 297.912201522777 297.719950703594 298.32869004056 298.066582380197 298.217112167753 298.36851304953 298.280915872152 298.59040174669
298.267099193919 298.374628797209 298.37977803201 297.909715531854 298.635555970442 298.404002957414 298.485423660971 298.854101940315 298.667894229821 299.148012279876
298.784748733412 298.819125275049 298.853602181996 298.529715701318 299.19018253209 298.888923094974 298.839889011534 299.200611463729 299.282583425861 299.638568845383
299.089806501224 299.127373829405 298.953349998184 298.85797271204 299.535535666256 299.249876769909 299.148452873484 299.50880404313 299.448392218315 300.06291823562
298.953530308713 298.909980193239 298.89163008823 298.518157668282 299.402220017755 299.237167371673 298.993184969317 299.54855482108 299.240530263942 299.899737652524
298.586805564603 298.595831799495 298.3227315876 298.173609757031 299.053069279897 299.062950131291 298.562256699388 299.304576850828 298.794006286465 299.785661156918
298.355219864357 298.485786012163 298.189633678004 298.032720846826 298.980646152844 298.768123845693 298.223467056037 299.033651213696 298.444577618855 299.420505006439
298.412639742993 298.491619501176 298.183997955929 298.1213262603 299.299585429088 298.848338789239 298.197067160505 299.041128196101 298.317675306478 299.290965645806
298.831552079335 298.494406231857 298.554498505144 298.389146310139 299.417295781827 298.990681146378 298.43761231263 299.202427782517 298.444273380058 299.186635563419
299.058590707847 298.669416826601 298.772134488416 298.501504484221 299.46145344333 299.041537266259 298.581492134041 299.265563662956 298.55790104235 299.111279552418
299.137197298414 298.400459391904 298.571857857278 298.216434142234 299.350814339859 298.888020216265 298.30491775619 299.113098291859 298.213183324088 299.137849502646
298.948566018339 298.022846559776 298.261515712089 297.989373442459 298.922966524361 298.687250698702 297.954678249426 298.525649929317 297.563252525026 298.568592836155
298.807007619767 298.161962333392 298.325660415453 297.871354808528 298.756065034151 298.623006641009 298.037276788746 298.731266023596 297.474665520551 298.343824016686
299.2838331319 298.549638617434 298.616442343441 298.331584423385 299.114917771039 299.110491583975 298.290337534143 299.131323136976 297.814103540928 298.670632468646
299.751105753823 299.056238504437 299.172201961515 298.757732615743 299.566038517234 299.674601749651 298.762541350209 299.6829948007 298.298871085629 298.913843187064
300.094699583511 299.302204207853 299.373317508344 299.096382035306 299.803981049125 300.127842758304 299.110622467795 299.984429017148 298.594415963748 299.083770273937
299.979173030406 299.238364113265 299.258584665881 299.103095580251 299.506599529884 299.984223845242 299.053441312209 299.771459102368 298.411549096465 298.977728919817
299.29672904045 298.720200954425 298.856223897966 298.753784193036 298.893418985184 299.24681640227 298.759020155086 299.381497058129 297.828244937175 298.359442719547
298.927196171088 298.526834803227 298.367415604703 298.450691090969 298.328947704288 298.715641128193 298.282766794622 298.858915909265 297.660893532475 297.858754714196
298.855757514041 298.23200576969 298.163750881814 298.426977430866 298.2190555968 298.34666616783 298.113835020816 298.596758746725 297.871207181036 297.853891890987
299.070084426745 298.540805363661 298.588356185989 298.725342695688 298.471476377058 298.440570774728 298.267799953608 298.825238389955 298.27377569978 298.14765712897
299.063625158502 298.686491716217 298.611514036662 298.894778594119 298.520869341502 298.533500683533 298.461087576964 298.867837526136 298.451123361231 298.261899907269
298.471128567788 298.477118483084 298.197999611073 298.761655675743 298.226177024377 298.033556810873 298.329622972239 298.526329246344 298.229701922371 298.015554133567
298.078774600835 298.081654418191 297.796955887698 298.21822237878 297.700032490687 297.549964344512 297.913120392664 298.154560453387 297.863684108759 297.531796101862
297.962662426677 297.807953874668 297.712501845107 298.200429577698 297.697841666545 297.433674029455 297.882673645259 298.078126335995 297.926178608225 297.628877401534
298.234339639999 298.310197920852 298.108435401304 298.422859211951 298.011614155179 297.842528469058 298.092102761553 298.455469410824 298.216693680152 297.936761439755
298.695100384403 298.713138951964 298.732563186322 299.040876720725 298.457390180779 298.300840758163 298.742737643435 298.898331067812 298.821028048776 298.480768172866
298.930509253678 298.978745939018 299.020353985387 299.182189383965 298.69030455049 298.49012488188 299.15306876623 299.235580789509 299.012867469092 298.853596648818
298.653101994483 298.946890244786 299.05057834819 298.943575113478 298.572140949684 298.42871411158 299.091997275402 299.010554421547 298.888224782774 298.898037868884
298.319755709159 298.738284312003 298.767094852247 298.580357275011 298.215785534713 298.045476895243 298.963135443931 298.615350854989 298.585069453913 298.581066856004
298.087539729738 298.507436069853 298.371593056129 298.340048484223 297.884732637791 297.829603828393 298.944220567266 298.449136436864 298.460342634125 298.332453355417
298.063836623882 298.590685841602 298.432401691383 298.398675989168 298.03878453279 298.080185671991 299.118817876194 298.500994702579 298.469632422266 298.492777796816
298.296390172451 298.768463504099 298.828675292183 298.678650755692 298.38366082626 298.575285660962 299.326667401878 298.742292429736 298.582022428527 298.851553848429
298.500758453522 298.964338637844 298.858887411487 298.733410614517 298.793970147467 298.595424799901 299.447442811557 298.829408862035 298.885024248715 299.179755085891
298.269375045328 298.896607104085 298.584402162271 298.5433789912 298.492559079581 298.287360178408 299.386012871073 298.57229394203 298.554093337205 298.800281642117
297.818447675349 298.626807074156 298.242947261084 298.035844678184 298.068175822443 297.827505542134 299.125270806082 298.035123210646 298.209355250815 298.499774978697
297.940945391961 298.637246544196 298.33549293641 298.122936379577 297.912896977561 297.706676585177 299.24089227017 297.955492737947 298.21099375551 298.304979098486
298.351237649925 299.080759461435 298.830467259764 298.425248979566 298.405433006192 298.077677710685 299.482503798996 298.208061450749 298.65361568183 298.653716331527
298.895697990466 299.525169487895 299.413057740597 298.90269389743 298.925268233419 298.664172277595 299.810025697095 298.805930161605 299.159710311706 299.210948808214
299.169495784355 299.574543266636 299.539313436995 299.237588423273 299.111890547181 298.941455655243 300.017971608296 299.197452883447 299.400290538691 299.601554154032
299.03107856357 299.403320625063 299.536518511495 299.197953049931 298.864490795927 299.044474573029 299.757163565802 299.219409132778 299.147680480707 299.240503562364
298.565919551841 298.959725161449 299.214775519747 298.586899320858 298.541940401489 298.758595547828 299.208191022532 298.944499295428 298.552512492051 298.950058159981
298.268324973789 298.514108487658 298.692156027138 298.360331139917 298.310535839043 298.596349389297 298.753376662648 298.836690169098 298.260212006115 298.714952773345
298.320829120192 298.422075365619 298.595255424693 298.397421912521 298.35388701582 298.548574817367 298.577706190076 298.916847111277 298.038735806332 298.877724010298
298.547321999493 298.506590745361 298.670002901897 298.68424539223 298.63217118449 298.797385485716 298.647500629397 299.250417165727 298.478066655162 299.063745115766
298.649247146632 298.593069133891 298.87262576881 298.748024154452 298.807982304837 298.918508500067 298.604259444654 299.360230536113 298.626174563397 299.151236072726
298.419142798829 298.31469816446 298.729557719405 298.681865242534 298.597883327504 298.713725611307 298.27075189359 299.3278887586 298.299734629986 298.922020907593
298.073109377666 297.873405242353 298.220486226276 298.260093653662 298.085191132329 298.326680010414 297.824582122286 299.041289846193 297.973421159538 298.690629084071
298.027610441118 297.997066541478 298.261708732726 298.228486309798 298.192475460332 298.214221683621 297.643300587832 298.978114302428 298.198271483009 298.742434248975
298.266734537437 298.358418175722 298.693935217913 298.505928473613 298.602097352516 298.495922225061 298.014540730307 299.277562429004 298.575692105131 299.224067177308
298.804553219007 298.857335023242 299.12692033387 298.962222715702 299.152158579119 299.013074250499 298.422578412768 299.444737980817 299.142681395751 299.763956304152
299.188612133451 299.247296239277 299.318831985481 299.252627791194 299.372008185212 299.262482640704 298.859335344337 299.740246225091 299.290164078377 299.914340458207
298.984405990387 299.211173639772 299.24644159934 299.266080724637 299.239795408969 299.114635373597 298.633707063842 299.477086370433 299.192928499476 299.713486584198
298.552242376332 298.910705434681 298.703933217405 298.856270842209 298.87720513239 298.894526544725 298.141950096418 298.983752246187 298.842125316496 299.334689035768
298.205527699225 298.726858047481 298.439329760969 298.688876747573 298.541850829075 298.694893940451 297.921590893625 298.699976338856 298.60789929677 298.916519308976
298.184539950923 298.811778748304 298.348446153382 298.719801379637 298.455181248874 298.606580921479 298.100121396024 298.625401369355 298.675261563973 298.863952790694
298.416334143877 298.949057256939 298.523199563935 298.90452636022 298.617511629517 298.789060930776 298.406328121157 298.763899750395 298.87200487866 299.045759593829
298.348109927429 299.037500345788 298.674371967654 299.01516055203 298.82145905938 298.749678062976 298.525864884798 298.887627033128 298.907585104751 299.073448457212
298.287723204525 298.831377284308 298.37139084287 298.76781804479 298.673611887593 298.677106981158 298.276847409917 298.511952092457 298.644447692726 298.986888540381
298.02458877746 298.391537384747 298.062494563388 298.520782955227 298.279860271351 298.332303832238 297.847019333885 297.966671238338 298.337951514933 298.466507179159
