298.357490623377 298.346181220427 298.143516739117 298.230096603631 297.861944105756 298.369912481794 298.310902962845 298.177268575749 298.147948754274 298.068874726362
298.999902320256 299.020195137194 298.64640985292 298.677422809627 298.36274548825 299.005052003286 298.793359035848 298.625960058671 298.711914595055 298.519741857681
299.695765297299 299.523509241795 299.200725971042 299.30232215223 299.114346300204 299.566957332539 299.358800923274 299.213439020209 299.344793367829 299.046856575647
299.958042137913 299.737885077636 299.435773272807 299.530958454568 299.392782350473 299.820075474362 299.504872398191 299.467325619614 299.706231136855 299.397772385506
299.522432079977 299.419185964492 299.069211200814 299.254852433659 298.909376252301 299.602704233509 299.152072647151 299.155927874264 299.41650794879 299.016015271479
299.050785276081 298.884652891269 298.517815949924 298.64155981185 298.468679466728 299.151912029722 298.782223053662 298.516431220678 298.764374774826 298.434217752571
298.623268970662 298.570966839742 298.30706016299 298.15390360455 298.203128304207 298.811918139739 298.363917280554 298.301784986403 298.385103333966 298.311674190515
298.670504532075 298.698266678027 298.503951691778 298.276003778466 298.309715774636 298.868395804401 298.550234860037 298.454808623707 298.606030568012 298.419088400125
299.12687941626 299.06904903035 298.89942592827 298.681850625656 298.683579032203 299.193106790762 298.80599008479 298.756446773537 298.977993403372 298.817749252617
299.299954670999 299.196120593439 298.952014715139 298.816512148694 298.813138868053 299.223504637062 298.840355977516 298.833791539947 299.122103189696 298.930354230381
299.073844034982 299.011890604519 298.53539321457 298.538657173683 298.480036216931 298.853357982607 298.512271402068 298.488094631663 298.969260090187 298.707587178687
298.95922069737 298.473942856491 298.098855473342 298.128202901355 298.0675573283 298.45283520987 297.91014452737 298.207764138308 298.689645822182 298.389399030799
298.846300297497 298.378867327243 298.175040562538 298.17337921953 298.04220002593 298.550147926008 297.768659328073 298.175941822796 298.714749096249 298.318477117227
299.483494151186 298.80459818982 298.830909039408 298.695232639261 298.645899766368 299.059355791371 298.183979983018 298.687221932056 299.235425683288 298.750044084455
299.993518635565 299.31808394521 299.42346602432 299.469314420291 299.315748682412 299.679063075659 298.916896605674 299.281149632323 299.929173464144 299.382139798878
300.28003245975 299.68836692917 299.593543984122 299.908331087172 299.603227687762 299.934920161569 299.300940467264 299.484696364534 300.196621526873 299.683005896214
299.964049394092 299.395501193075 299.182764462568 299.690886324684 299.371398156225 299.597062250338 299.012106699667 299.080763215158 299.882795020967 299.36319937213
299.157030229592 298.73088629293 298.768361576211 299.030807315303 298.872078607884 298.933114567268 298.375281323096 298.527886924696 299.216553293892 298.895902538227
298.862497173439 298.44716741137 298.580508394486 298.768860833084 298.587237873287 298.486747992178 298.046968945864 298.297747954714 298.746644679309 298.589640974307
298.957737418188 298.587709742152 298.664464641986 298.956813727935 299.067752355112 298.827360726678 298.316431374552 298.421324075075 298.647911965374 298.750909628804
299.139976368837 298.942928502662 299.018890472878 299.312804449343 299.364406428183 299.059512258985 298.728622476354 298.830886630619 298.939652142024 299.060949567005
299.176191367117 298.98223407199 299.207358114124 299.438374136121 299.484233162824 299.16233124053 298.788470265111 298.943837958626 298.941783641523 299.144717289023
298.808239557067 298.739816258335 298.955549774325 299.072760374132 299.267389578425 298.840465962903 298.548360488017 298.664255648087 298.573809330954 298.904045618497
298.310960410084 298.251238533311 298.702722609464 298.701251399808 298.890436517263 298.550086556264 298.099696561953 298.096438590813 298.112867611066 298.484050361208
298.354935809104 298.244745234584 298.695269954242 298.680274246961 298.825515021774 298.412719263766 298.219284136725 298.104844635081 298.103371103297 298.337599784911
298.802689537421 298.859792932378 299.156917309181 299.108125511108 299.182186195881 298.813791196802 298.578445980372 298.641046799377 298.434189531513 298.920432441644
299.456570059558 299.460314053493 299.611057541315 299.672764521181 299.747872894575 299.278011217212 299.292470898024 299.192456395085 299.053879825847 299.484821397789
299.692166214769 299.72355111512 299.819982667877 300.043883170304 299.980163941061 299.510620652138 299.535425847972 299.296278752385 299.362215209605 299.699362860388
299.274773097588 299.373521061137 299.533809505023 299.75965183428 299.664054885465 299.111477617017 299.283760708044 299.07505094016 299.016316601767 299.247918796213
298.723759928497 298.774241927641 298.988324817855 299.138448455176 299.053090959279 298.670185061274 298.683083409874 298.565877621371 298.545690615112 298.614284990597
298.51095164698 298.557696636869 298.754801642348 298.722680013082 298.765211061635 298.352788014807 298.396506351184 298.249183710898 298.274664757298 298.2609579107
298.501463083996 298.687968341537 298.764057365377 298.869271603609 298.717764486297 298.403557594993 298.418361706089 298.388694519199 298.439289049197 298.28975344247
298.892062889273 299.022703608877 299.099993453666 299.192539618253 299.004003705712 298.911368125972 298.794745009985 298.786204012133 298.705766315368 298.728085039649
298.982955442519 299.091495398308 299.174196729884 299.199270341126 298.953538728302 299.002775474418 298.842444611766 298.761095262474 298.773969327189 298.869713783216
298.700726180864 298.833215738247 298.777948361626 299.013357908818 298.746284424378 298.811251767249 298.502464296006 298.56192219993 298.498417840634 298.51039139724
298.085520257954 298.325686471953 298.477015239549 298.410730554301 298.179999114555 298.32402781957 298.073508677543 298.244876532074 298.080511831854 298.289543877279
298.043709802894 298.314188233438 298.257836804048 298.409472551303 298.10619789941 298.331409484994 298.068088576068 298.172588679059 297.853404353657 298.265440892759
298.600017248534 298.72461812071 298.860120457714 298.863110965494 298.705821748618 298.747492068214 298.359434385127 298.828167311391 298.537434321992 298.647347040348
299.213789352025 299.200257030576 299.409443239091 299.456606162335 299.295915796515 299.379787252108 299.014293332862 299.535189069701 299.308147788112 299.198700757934
299.406874805228 299.400285598963 299.713206830308 299.666833393684 299.669774080176 299.564728861206 299.244434748536 299.84364670814 299.55168272535 299.615819510071
299.052437254226 298.98455251838 299.476415320956 299.300182194147 299.293267522994 299.099543373544 298.780350617596 299.588683329571 299.384639781084 299.390166533924
298.657992624933 298.361949815526 298.773968228579 298.851521952213 298.788243162293 298.501596576798 298.274807852549 299.212058831427 298.775603486402 298.918963988288
298.215281802283 298.170246194297 298.586472906589 298.610798038222 298.477081298215 298.187866904779 297.979084697131 298.935912521636 298.566080410212 298.689183274596
298.482035599762 298.238514825759 298.66496949972 298.578876011545 298.552988772147 298.375577686867 298.20692416909 299.114309052909 298.819330613582 298.841133524052
298.819511236768 298.536444541444 299.05688806433 298.906622355643 298.800276880359 298.65117395791 298.543046817709 299.380540251512 299.079057554416 299.250600813272
298.945653758613 298.692168220658 299.007197240748 298.944381267568 298.803504822427 298.71022860402 298.633820872646 299.537698337712 299.168029978812 299.348193860718
298.762089328007 298.378733879618 298.6468393584 298.617998637337 298.472278504841 298.236032561934 298.281785277887 299.157007991481 298.822210203781 298.967319775941
298.336703746237 297.976891449549 298.303301223707 298.037455138223 298.103002550449 298.008399426427 297.931663869221 298.60369150063 298.419146483743 298.329260568384
298.258160503735 297.97850950725 298.146003028286 298.12931401922 298.001666272016 297.934266088568 298.178367835775 298.713808188119 298.394662667193 298.282005818686
298.67524584123 298.266825115822 298.616674671471 298.527785920634 298.485776038031 298.398342026913 298.761099850443 299.140270582774 298.944799377655 298.718481737277
299.368376534913 299.034549440074 299.356671755675 299.268922368822 299.183474283747 299.130229580713 299.314267113361 299.641418482134 299.460109179073 299.352015032
299.718755428911 299.244697854015 299.643869802615 299.646204624617 299.413720765925 299.345346671585 299.600297896291 299.955888345623 299.719912037885 299.51082324298
299.229037225314 299.075215575345 299.096871176816 299.220799016007 298.960805372805 298.99529609401 299.222843117412 299.8067677291 299.325594955236 299.246607693418
298.548162008053 298.578740550268 298.636286749769 298.658134534474 298.375935986627 298.358230509489 298.667743393644 299.232563295528 298.765734344441 298.719073861912
298.249491262357 298.442551095261 298.26153924634 298.484869001735 298.184830776989 297.902262691707 298.441455091537 298.788456922756 298.566909978242 298.432161696687
298.426560090577 298.567716593226 298.431119657053 298.69281402829 298.367108782415 298.142396421635 298.660731830572 298.815204190595 298.548960330211 298.574495164425
298.807472972358 298.914432105458 298.642402496779 299.106503247871 298.736781064455 298.477051215818 298.998345361118 299.013350467842 298.871952990086 298.880510275418
298.780132526594 299.094522539005 298.693084916611 299.059187066941 298.797712221851 298.634475538836 299.151439427192 299.038462207931 299.028553161188 299.006572457026
298.670388625462 298.735032238087 298.406794687967 298.85862692589 298.428667707283 298.235012802676 298.983123394297 298.714282789985 298.746018622437 298.788389495959
298.211040664586 298.268936234155 297.943078626967 298.331644704156 298.130565368796 297.682694896328 298.612328255405 298.31837978785 298.242584900646 298.304109744371
298.336729298058 298.404870460903 297.956507549631 298.282103228696 298.049736203148 297.83437314043 298.772635280591 298.225990500119 298.407362428118 298.290472257862
298.639029794158 298.642637767729 298.449955716095 298.906173739419 298.461426112636 298.329510855164 299.307403166527 298.573331556374 298.664984340836 298.902981527549
299.264877671215 299.29208065022 299.121860101859 299.572934796374 299.165774363056 298.98564154281 299.831058601271 299.319833725677 299.417921786911 299.494970165184
299.530733579315 299.543737852121 299.353310092543 299.8943184657 299.40599156295 299.3119383675 300.075718940474 299.640825316935 299.779904226188 299.682038623603
299.239282762581 299.282893197059 298.984224127271 299.588965241326 298.957304224075 298.864674339413 299.692820138023 299.198915663493 299.353892206786 299.226509936038
298.714776454072 298.798265670465 298.577775290426 298.918189386236 298.636930972391 298.186275616572 298.948211443748 298.777570608608 298.775269197426 298.600426525937
298.397338402209 298.49354993138 298.444952065731 298.690757908908 298.266592221862 298.00907180289 298.46030897182 298.423903891778 298.459317419149 298.096549971756
298.477542628444 298.659893177174 298.65499330858 298.932359521953 298.478397019712 298.174092353987 298.583726913198 298.453082618106 298.530349474275 298.249795327206
298.832593992586 298.857189487979 299.061721867768 299.296528972465 299.02282271346 298.436737381594 298.866515835106 298.751985060636 298.865448965461 298.530521468904
298.931363506629 298.842588024836 299.061193963332 299.441873932453 299.074178854682 298.546299991284 298.882200639136 298.704384926775 299.002975246866 298.677399148448
298.489696227006 298.496585680647 298.869960594648 299.119742367672 298.685964184015 298.261652276884 298.602990514243 298.509800150927 298.684961358187 298.225316100659
297.993281249817 298.17453826912 298.283027485817 298.732293975744 298.25831642315 297.91747523608 297.99160371055 298.071650299791 298.187475296762 297.927269312644
298.041633213648 298.027114985192 298.600963932955 298.834167736525 298.275132505336 297.780434174353 297.963337098207 298.039574674444 298.258470139049 297.765179211035
298.504461322014 298.510219281298 298.969492053596 299.396248306434 298.728814116599 298.237795007108 298.42642633247 298.49264933554 298.798915005653 298.204661552657
299.300757588134 299.171061416781 299.498896261603 299.862393219479 299.346443005432 298.964531622811 299.170621071898 299.137679416319 299.475774613546 298.924093371441
299.673637581194 299.598389496344 299.67437448669 300.013823407006 299.646302383805 299.311384937236 299.492705168911 299.473055961415 299.753002793488 299.23753920328
299.471575799533 299.298505662931 299.355058720142 299.614575568482 299.447135731604 299.082428007236 299.22169898144 299.160001635311 299.420042147715 298.75737117476
298.820782924353 298.807142316091 298.722187723794 299.13024090268 298.80268896824 298.66305488737 298.653028492718 298.673401066207 298.919787585172 298.256620577251
298.496138105271 298.416216026026 298.402559904079 298.482337375748 298.567131828157 298.327275749607 298.530680710804 298.40543308384 298.715741171168 298.12593730824
298.628040146087 298.583154191373 298.522074640418 298.491841750859 298.741172151002 298.582396772738 298.780590769459 298.639552153567 298.933739873338 298.336809551269
298.938240191044 298.91669175018 298.84701391475 298.840604952018 299.19009459817 298.9935893869 299.163053558706 299.087183101208 299.251275058688 298.695290241288
298.954118435326 298.926467582882 299.00455761728 298.797648658577 299.388836376865 299.169282092649 299.356235434477 299.183784643895 299.408338373648 298.799566948163
298.704056656921 298.611066337406 298.670715445199 298.599200527738 299.231418657024 298.890551312016 299.081449160235 298.975310897292 299.384098824204 298.511424934401
298.252586817097 298.060498968863 298.308809237267 298.064350566027 298.787081997502 298.506529662059 298.554924481533 298.558332286427 298.921378612078 298.147246682159
298.315233123224 298.184139616462 298.253704170203 298.235460658065 298.875647772217 298.398816736831 298.500753113349 298.506475193555 299.016005172006 298.247503610055
298.802772233083 298.611017687511 298.816079934367 298.748222538921 299.315549422 299.034869156693 298.963821263942 298.94417545574 299.469062274755 298.649153434905
299.488866955829 299.271878208063 299.444550753045 299.252379221759 300.008444890935 299.574867352867 299.670560579075 299.475046179087 300.086754343942 299.278893401626
299.6810804965 299.70766518489 299.733256608102 299.608258963064 300.076606995298 299.76053782427 299.961296033007 299.748564321736 300.42410308865 299.602370168475
299.245461482335 299.272401365588 299.416740667918 299.433541963381 299.695986659787 299.501011027732 299.501290785213 299.454960093406 300.068219005069 299.253669693009
298.708048152582 298.810723400989 299.025384755888 298.805073705454 298.957881146164 298.821400349748 298.900141708236 298.873708204519 299.378054640066 298.686093173384
298.283844512764 298.55346109389 298.758266500642 298.71330330123 298.483566179151 298.59583510243 298.480857855542 298.596620524656 298.867011425144 298.378165501667
298.485494827401 298.680633859295 298.899715601035 298.95027932104 298.398770233909 298.676998467802 298.633537496201 298.750485663433 298.900478596914 298.467317546893
298.889185737163 298.934976711106 299.242190280238 299.295675206442 298.72714052648 298.919373856503 299.002057511297 299.152472320904 299.11193711446 298.79031818729
299.038366182351 299.109521095511 299.308136094249 299.361765180377 298.758551707037 298.854287368094 299.161691030824 299.248040301145 299.181101254566 298.852310406493
298.939876312402 298.916003441192 299.03183957902 299.014297460588 298.433098471668 298.506890522492 298.97061314669 298.947624758157 298.749446431924 298.610975870819
298.515612551157 298.351033052847 298.592327378023 298.540154826621 297.988673333469 298.08606899271 298.616234949427 298.565932428948 298.314696413954 298.162224444476
298.384426224632 298.296405649735 298.651294001524 298.596066356487 298.013855810791 298.116652364247 298.74411610416 298.538654881718 298.175554350063 298.15445744896
299.011773582589 298.762809863562 299.08073443975 299.017989728987 298.426447416459 298.778759696704 299.353855769774 299.063063044125 298.782774039586 298.707325937702
299.539071721781 299.418306382018 299.657821084504 299.625215613179 299.12927827524 299.298747461517 299.752232804541 299.618550652185 299.284544958551 299.339090460563
299.861837775043 299.739344393361 299.907208899438 300.01486001894 299.414374932005 299.547773327844 300.041154016166 299.788370425878 299.630127248829 299.712593800753
299.582645009648 299.480101055429 299.609149660396 299.818411147563 298.92493224763 299.156852662282 299.696819799618 299.558812837743 299.176539437097 299.488369404077
298.737876685383 298.802843554031 298.982674877602 299.119921863577 298.314547941299 298.76722668971 299.176203159393 298.981070386335 298.571178726369 298.891317660456
298.523260943034 298.277647373991 298.633622156336 298.763106535781 298.140724283228 298.514058123392 298.874785073615 298.455274455941 298.338037409682 298.807085046661
298.712918602786 298.58728114655 298.743912943311 298.809590446408 298.485870660926 298.766305433075 298.911328740193 298.645833519176 298.528415862854 299.003488512277
298.926071560187 298.965439561247 299.080362640762 299.092481638172 298.836946653509 299.18930095377 299.155040009916 298.81417719682 298.7621955316 299.298164456953
299.013674435805 298.999566877195 299.059509974935 299.280844584911 298.842922067753 299.304000853423 299.334030588995 298.761724202944 298.848442184451 299.524472706834
298.77711743396 298.598890605305 298.779796748413 298.98607812306 298.436355584021 299.060105466549 299.089290030456 298.503044462094 298.464633483591 299.180272100617
298.343244939805 298.153718324199 298.370043118757 298.462249150103 298.087449096257 298.617717503516 298.648647260263 298.075141133606 298.00228421335 298.693781935896
298.419100729466 298.110692767427 298.329631910881 298.270754744627 298.244479920067 298.559413263338 298.630522839386 297.993842272624 298.061698978876 298.727217544266
298.836678113327 298.630641603601 298.802601773278 298.626613983055 298.593281545143 299.114644914963 299.241341961293 298.494132349825 298.581328529818 299.183764212021
299.545371383701 299.20105519093 299.343056828586 299.20130052893 299.307102207771 299.632319947483 299.703907867276 299.203813299315 299.339258130625 299.627158928683
299.794926263136 299.534922756839 299.713810174932 299.542385196012 299.581079039626 299.75901996746 299.875920519183 299.467601033835 299.675400847816 299.823181855111
299.301779403711 299.22593429526 299.365276838437 299.162758030191 299.288817415994 299.540831840229 299.580752212243 298.984925171023 299.234751483103 299.692077418445
298.824768467898 298.631588665654 298.887971943567 298.745151049807 298.736901302696 298.887373419928 298.879720592541 298.500853715152 298.534158260232 299.035826834765
298.530952235194 298.316202448005 298.538252916437 298.362184644314 298.327747195979 298.376196766947 298.515201902385 298.112998219281 298.331911372954 298.69044747925
298.64461847699 298.480949622436 298.666801156482 298.460998931328 298.625153007475 298.66561915484 298.46957196493 298.246410308601 298.516847048311 298.746604787636
298.990496430229 298.830114945733 298.801129166452 298.805584396987 298.913363432919 299.023004710473 298.69833375863 298.602567205203 298.864833982814 299.076369574826
299.079855675321 298.981869857363 298.771717455063 298.902807763796 298.948729635488 299.17912305596 298.798476998882 298.639367535483 298.897858695035 299.119741173544
298.789271628816 298.701643706894 298.483647436666 298.531073638479 298.631682995651 299.014705195262 298.385813399002 298.227276965952 298.604641061426 298.809540451709
298.246832772384 298.335703100126 298.134343743674 297.976033023677 298.118741516158 298.527935210752 297.928747941707 297.767458825239 298.337512107757 298.187980151464
298.217810550478 298.425372994912 298.029437966239 297.860347880634 298.140904593392 298.578006744429 297.743266878465 297.712992087687 298.311467467181 298.251395194854
298.74891583398 298.919213594767 298.521427803634 298.366902731715 298.705447729023 299.075540975606 298.259246877368 298.273791607078 298.641935879828 298.694202025364
299.35824382557 299.563419014625 299.1495258703 299.083249750635 299.405341266055 299.649083704674 298.975266861485 298.915127117413 299.193392596883 299.272753607483
299.577839068743 299.729525762413 299.416310022882 299.406005314939 299.621391647192 299.687606035464 299.227337981367 299.162788009331 299.447742308626 299.494718021603
299.223755135041 299.341488406161 299.03136995014 298.965619847911 299.214976674051 299.380878811837 298.831408627503 298.901560847836 299.076600393848 299.203402816883
298.665431518408 298.855490390581 298.556518856587 298.720945343829 298.622532995793 298.753794445013 298.334039526489 298.327314591577 298.51941272746 298.665931090857
298.469994780634 298.637868765786 298.34858105374 298.53247782065 298.414499781671 298.47810842076 298.265094493959 298.293002254414 298.177102803332 298.413515839838
298.533227765223 298.70087068448 298.542869226978 298.680931729091 298.597797531184 298.556486792392 298.459683293895 298.55847802534 298.290639316643 298.541535581708
298.766773776893 298.984069125536 298.860996912599 299.012436991874 298.965123390903 298.740449752711 298.681067059983 298.935825660409 298.698387342118 298.84368504652
298.941943714916 299.047865044232 299.005324323631 299.073167268288 299.060418026086 298.842029848249 298.736947671037 298.959500893142 298.827755935729 299.119172493838
298.453172326408 298.8909088469 298.724180914399 298.776154554357 298.819288407195 298.580901969986 298.468352695377 298.673944476546 298.469392718806 298.983486849575
298.039031523065 298.508655340062 298.343444313063 298.259351304371 298.258973935138 297.918978404237 297.9982919591 298.365867794859 298.082410429456 298.533089051283
298.085327697271 298.529736559611 298.486424225641 298.201401200509 298.336739820711 298.088319057453 297.985734592015 298.24392069916 298.013371863976 298.371832283756
298.610325475798 298.939565234655 298.909872389128 298.764105815033 298.791212878227 298.583395756331 298.577448284653 298.742613863711 298.536344993373 298.786072419051
299.292503596649 299.716058778435 299.582665553918 299.484636235496 299.386651536285 299.233424396185 299.240563432212 299.500058187533 299.177568996157 299.456212259179
299.43587502521 300.089510350438 299.801962473084 299.796408573487 299.755443423853 299.45257119799 299.502575917178 299.821234917441 299.425563608998 299.812092009614
299.246607163033 299.848509473049 299.496510946896 299.528667425131 299.285858817608 299.016291464341 299.288551883265 299.475713391558 299.152014909621 299.286788541496
298.796829289324 299.146620498073 298.837781490059 299.002012768421 298.764236409475 298.477964691423 298.783870825839 298.834120841936 298.629769192208 298.848720396461
298.583656953994 298.715972561951 298.398918329621 298.703407339759 298.42127564753 298.216294787491 298.456439189481 298.575525971691 298.299613506364 298.603641009172
298.868529426222 298.792850570711 298.507702350047 298.893497564418 298.396593830964 298.297934037442 298.590573202225 298.607168058335 298.55679806885 298.680574534971
299.23667480454 299.033344933143 298.910754951612 299.17805305028 298.820873223688 298.648659523566 298.767246264404 298.959154598985 298.864231469597 298.953514840847
299.38786384137 299.027797424936 299.14273007002 299.285604549209 298.857330804243 298.756887438641 298.910412229076 299.081082955156 299.027148076436 299.171020516547
299.08868182905 298.666078090756 298.737137388435 299.114318067001 298.511017725619 298.55001319097 298.555483729562 298.852926898075 298.730583947084 298.886395253681
298.80514030018 298.177246659382 298.269357529077 298.815293209655 298.136933289189 298.099456446662 298.14889228899 298.45473488958 298.371173334377 298.365708158827
298.821232241324 298.249297398087 298.133799978409 298.782199316766 298.107815095194 297.973389337534 298.305310195241 298.506101529433 298.2502734517 298.31952332866
299.179841144016 298.845252695352 298.60694453369 299.239470609455 298.517866504011 298.407680189781 298.81065581665 298.779105320054 298.643431439319 298.873239316531
299.682424283128 299.475526575803 299.221719749693 299.700172498378 299.167953049442 299.014929759245 299.473218319424 299.327104092182 299.202164728334 299.424640962478
300.019360719642 299.785126976581 299.463065902346 300.050746202017 299.456120499274 299.289900003726 299.829769960779 299.605507713127 299.493117174877 299.717237730925
299.687431989249 299.383460031537 299.127383819991 299.78564234538 298.94024428337 298.915647726648 299.291893594593 299.188009879072 299.200725507944 299.183591219195
298.816703760534 298.934830028601 298.578024532133 299.216542832669 298.460785144604 298.313656558413 298.685782432448 298.746855549679 298.801818562838 298.762402609143
298.336080135165 298.547688038396 298.337854737178 298.630622712547 298.117867074506 298.144126329631 298.317216270594 298.244947679577 298.483864306822 298.339919735442
298.415954736232 298.557320584704 298.494677238365 298.629335010618 298.307728153549 298.423807764677 298.560497016932 298.400562742856 298.459963584494 298.401051374558
298.760356446912 298.773386346331 298.871143089588 299.041034135943 298.570707139698 298.721498888333 298.894406603774 298.792063210985 298.712335903361 298.688086407267
298.731360068251 298.791762556778 299.001719537031 299.155300568541 298.67286523011 298.778034494474 298.844507621504 298.816979838751 298.679257442979 298.799872712232
298.403426097515 298.353298619886 298.641454812441 298.868358134924 298.438436241112 298.482924342714 298.548824999737 298.475361871894 298.618508347865 298.418537675874
297.89238904032 297.931063956098 298.187276267542 298.2964105316 298.084660751737 297.978758093012 298.065042840877 297.939019572258 298.014494496235 297.923637975431
297.970733786043 297.953749171145 298.229917444958 298.353419337345 298.288365070399 298.120962948955 298.026248267442 298.003206550391 298.036071347157 297.976118710258
298.487411206832 298.529264432748 298.713550878826 298.724176834821 298.705827759084 298.577969253566 298.522600117706 298.492763521769 298.588226161345 298.541694947497
299.179839003822 299.19795837997 299.422137996302 299.36174457544 299.268326831542 299.190480799661 299.234348236236 299.054854205138 299.04264085594 299.119849890443
299.495016307194 299.476534741307 299.804221576 299.581144041471 299.583336790713 299.532810821892 299.548455708621 299.264561861255 299.25806053934 299.455735611698
299.17553010322 299.25029525852 299.32884231437 299.317160444741 299.235712701105 299.216193736345 299.215473788302 298.885917534648 298.906468000808 299.122316782233
298.646161961572 298.664685850061 298.849228887662 298.613665647227 298.727280502927 298.595681034139 298.571630225457 298.392977758931 298.330366220865 298.477508682706
298.277250110533 298.353208718515 298.587670563567 298.229242545247 298.462242620127 298.314717909739 298.367970774075 298.217454860917 297.973313468844 298.32807000553
298.473360437063 298.637472165839 298.771416808524 298.52892075217 298.615220600894 298.38061962101 298.711645622487 298.492968768535 298.341330209124 298.478573797381
298.905327903262 299.022492490426 299.177780138062 298.863310424016 298.930772255349 298.738106288727 299.066310539794 298.796679746373 298.649783807702 298.823735522339
299.109572802041 299.141810285239 299.215095361553 298.927019717166 299.052194598741 298.781908904248 299.14848615178 298.833509421098 298.699636436373 298.881382030449
298.898733365031 298.803706686905 298.860106528456 298.482597390112 298.876249514435 298.458409750454 298.777364190976 298.56374782232 298.289920883054 298.491502477194
298.55464634052 298.466801509612 298.381273947235 298.024509157866 298.468104851695 297.973426081873 298.244524396262 298.107906706223 298.096326513181 297.985286807964
298.700345004387 298.497644035793 298.381314489714 298.164661219995 298.459966474381 298.104939949243 298.271073686395 298.006492179993 298.059855892979 297.987878289652
299.166958553221 299.080884499599 298.995427237329 298.705216570322 299.010103836117 298.465987186874 298.899577346528 298.541961872835 298.509774284132 298.471482285957
299.697370146566 299.751594021571 299.538999075805 299.317758281036 299.556003149057 299.036445492192 299.571039906072 299.151798828649 299.227877901613 299.144869451481
299.925822848309 299.939848131271 299.776602415156 299.592629532775 299.814609378595 299.404622545501 299.794821695023 299.354610915041 299.460874199746 299.250455411515
299.664596752393 299.565851536303 299.507790027081 299.308479329711 299.550578421195 299.214515807924 299.539912682057 299.018212719598 299.168111350535 298.867237567746
299.088592447774 299.036528460763 298.952684923926 298.732843999321 298.982591640354 298.585458027684 299.114895626279 298.611612580537 298.536022159567 298.412153786089
298.813377532743 298.842318129069 298.595881497513 298.38638313457 298.683509536816 298.248090469097 298.698278176003 298.380510327047 298.376286072135 298.219238425091
298.93418654908 298.98212785203 298.723229586856 298.522289252583 298.739408919949 298.39380310404 298.852208098265 298.59479394536 298.462205194566 298.399147453968
299.161807435188 299.221657991045 299.02020132712 298.873143313948 299.026211685793 298.824081489054 299.027125565306 299.074096681881 298.819372027705 298.615660585342
299.198055639862 299.310584278989 299.182694070598 299.00843129876 299.103747129949 298.773348338478 299.131433683239 299.143465606774 298.882627236957 298.687386660611
298.783464136126 298.936778172975 298.925497474276 298.612722657012 298.751883505057 298.41883009003 298.783969861031 298.878277923468 298.47408969942 298.337054140888
298.351296221255 298.556176001061 298.330215939685 298.049622428368 298.10563322821 297.972515522748 298.399040655915 298.325543961964 297.951041989531 297.846554475101
298.430619781303 298.472280955648 298.417814539168 298.077535866088 298.077631245136 297.980272700297 298.564657432745 298.320720109597 298.088639262379 297.863512530201
298.864127843092 298.878397735442 298.757766293373 298.624816274313 298.75966647934 298.503657167027 299.095661335944 298.756200105027 298.498585442769 298.465894617477
299.519792805166 299.571459328372 299.373557201099 299.233687925211 299.243896481405 299.189853774566 299.507392768534 299.457737259141 299.139602740342 299.062805909821
299.61091616853 299.7773657356 299.577836309439 299.476171893332 299.526465270221 299.599312506065 299.728544350869 299.602497615579 299.513271404926 299.330437684289
299.205087023373 299.458513222432 299.267558678305 299.089055735549 299.153149587888 299.200233678498 299.301169823023 299.325239989197 299.197184280742 299.04663760156
298.720724953614 299.004075960295 298.762201312605 298.572257755379 298.503974295149 298.523519792353 298.733431696892 298.738780642171 298.809881897251 298.584071717905
298.415167168728 298.449918375709 298.399621082217 298.37271389309 298.309295289869 298.378621017009 298.410743977556 298.311012636483 298.635881599121 298.377172998867
298.587115734371 298.646493963657 298.579798889184 298.487429059298 298.477935229915 298.692391718716 298.420451247615 298.546898864182 298.778542962378 298.541630650959
298.847075382219 298.876641479131 298.917348464178 298.819717145504 298.87687242063 299.016343545991 298.808648371566 298.759161181635 299.071787607099 298.932154770616
298.867581913223 299.033318331437 299.023467378528 298.941754939259 298.899895384351 299.089433991263 298.723715783401 298.78583623564 299.078369335592 299.023960931467
298.647675536376 298.811430286581 298.647007270891 298.572077582086 298.691137894241 298.92935042589 298.411278590845 298.439024312275 298.714030650801 298.892939829345
298.174483818688 298.382044255472 298.27163950779 298.262526340093 298.237170199892 298.573235414368 298.075255159076 298.033701656725 298.321538188941 298.329980557304
298.124372508993 298.323586456227 298.213590353486 298.270557729218 298.156523556446 298.516410780451 298.010237015375 298.108376441545 298.295266319327 298.440827915236
298.650886525778 298.840642940978 298.795804924401 298.791833090282 298.668209767804 298.949350455122 298.497996101878 298.616542176619 298.674291923549 298.953214113849
299.313791431675 299.516141249066 299.326284662334 299.431737921421 299.395979362165 299.53202685225 299.105232502513 299.230673884488 299.239651702866 299.483323400006
299.746917689991 299.876511224903 299.61206013598 299.650825998386 299.563575544862 299.772543347752 299.312606495816 299.497175199207 299.452112464223 299.786131998833
299.355987049808 299.560260715194 299.279174095388 299.290244836382 298.946038161447 299.355141157169 299.070402170362 299.101342305559 299.050594837045 299.60300804955
298.872891100056 299.047127441496 298.873716225133 298.726431749909 298.392750881808 298.634416129253 298.296013060689 298.597814238493 298.680801098551 298.976824939064
298.78350306953 298.641215813823 298.558267728456 298.4746834561 298.12090298363 298.288038939941 298.120398259073 298.463201660666 298.3104079755 298.622869637754
299.042967809547 298.826285145363 298.798377060757 298.671188942167 298.24474922055 298.567766591647 298.294677531778 298.683859137493 298.4882283271 298.608721099599
299.422486138993 299.209319201122 299.209142786998 298.958941562006 298.474345055787 298.938332485043 298.739897507991 299.040113325485 298.893243448185 298.967217080483
299.435734348091 299.197833796567 299.381305401615 299.116100960823 298.602506756356 298.944379616377 298.934383842167 299.034548441121 298.935743503545 299.108787712043
299.149373846157 298.834521950999 298.949851264686 298.861938519173 298.301430528424 298.770222439646 298.683722974847 298.72078678062 298.501308968868 298.747900318938
298.503888392069 298.421500186736 298.486728821343 298.512336279881 297.839924702983 298.095807399111 298.20082883258 298.385853381041 298.189398327288 298.292238995214
298.605757956895 298.468209641513 298.465103310677 298.445813753752 297.945031022932 298.307032814859 298.158945825079 298.387026381919 298.215259687396 298.250688062875
299.045558453793 299.057979447881 298.932038638376 298.872133068695 298.518965476764 298.779730777601 298.733094520174 298.84033112268 298.734090067321 298.735642755727
299.638980763044 299.665691074817 299.455146128733 299.504697469123 299.023602883246 299.460700073078 299.419924608291 299.327140999792 299.22965089932 299.316822515333
299.827041469068 299.976473036411 299.7428926629 299.750842030283 299.241110195512 299.799795920958 299.630461537022 299.614123043653 299.602839967167 299.597861160955
299.4972370907 299.512604946726 299.565844819291 299.514521644999 298.921180351713 299.55779779512 299.583383769534 299.327028750084 299.314069979063 299.295612613817
298.794729613501 299.015710386518 298.942591966654 298.827338633792 298.376953442357 298.998533350096 299.030122897443 298.699736005419 298.829638419633 298.885608885276
298.447520503476 298.630031383101 298.696995174657 298.605673312836 298.121052151902 298.682359527912 298.632379253454 298.4517670219 298.536381849615 298.418411450727
298.549114311937 298.686170706311 298.763097759045 298.660354509234 298.329067250955 298.740639916879 298.784499720234 298.542100734927 298.712497590889 298.588032309187
298.849976255987 298.940937032218 299.011278848254 298.980510874349 298.689335631154 299.03653095906 299.117318152584 298.877115758539 299.080602270001 299.038857218797
298.96675469089 298.975733836386 299.119963166065 299.020007749984 298.79479088053 299.156801480973 299.305873151645 298.989687584858 299.197669930891 299.123705106829
298.598206708586 298.600591363908 298.688859269993 298.668963594626 298.535489873025 298.919797787806 299.071527624934 298.629691697575 299.019242559206 298.748096001202
298.160104842017 298.150611391996 298.2156459921 298.280915938878 298.040814842137 298.521564952359 298.856928870956 298.376075933527 298.572815971258 298.426194981684
298.22275305864 298.165500955261 298.217050135874 298.245341582763 298.067293557031 298.551308914741 299.113000906649 298.372004434928 298.529920512802 298.431855517097
298.580956209353 298.673317069645 298.706311817116 298.740266901937 298.551496719104 299.0193210817 299.654622191069 298.783084656054 299.06707957251 299.095981786876
299.317744308253 299.329390157546 299.412053543325 299.437478447523 299.224182064298 299.47715722873 300.081857518977 299.353156697267 299.575087343564 299.689065710894
299.725508977973 299.558756854789 299.74591139965 299.667518935755 299.576916668729 299.90377188996 300.308178588624 299.539439406093 299.785590839703 299.707430329378
299.309710933588 299.187874222311 299.400879675608 299.349010754688 299.182481077572 299.564252688232 300.008758731103 299.447546481805 299.34738362481 299.490385779959
298.757667663512 298.552911236654 298.983444033234 298.957502060812 298.637212030455 298.9241778637 299.323644172119 298.850603215127 298.754455393579 298.93284333465
298.618422422798 298.283936991464 298.630603739428 298.523569443417 298.382284477484 298.491370833909 298.878162350403 298.656737787572 298.286774813145 298.674012833392
298.798784025704 298.545336618136 298.785605002069 298.663267815607 298.540993893194 298.556354992097 298.974418797059 298.613907050895 298.302693572226 298.878496966808
299.086442787846 298.809158600328 299.081937349314 298.953712716609 298.939935956653 298.736129797047 299.202962446867 298.837000062666 298.65433515948 299.236797699197
299.234126558964 299.064389982708 299.148906523509 298.96380341962 299.060082576421 298.680093947182 299.09727653471 298.986952879825 298.632199524863 299.278404383367
298.932098097491 298.616257626567 298.90977732811 298.644629509533 298.654373164108 298.350568194887 298.861529868112 298.57981772965 298.348254943816 299.074546233881
298.565274056684 298.358535719587 298.489481832177 298.26254281914 298.169827717432 297.941973773176 298.484866514576 298.207340578081 297.97473678656 298.54822534729
298.474289214847 298.348023201234 298.494993101601 298.211563494085 298.179522912912 297.804270317455 298.311073369238 298.272306584414 297.884985707124 298.496240975909
298.816256715935 298.837675025041 299.053758956832 298.778858810407 298.728214637974 298.328815970606 298.673934349896 298.786729482436 298.37038715744 299.035371890915
299.558257065572 299.645595574175 299.531773918305 299.514442484586 299.388095049282 298.864237913137 299.296360052029 299.513671533821 299.094996897197 299.623704440275
299.796266533856 299.887169720773 299.836223504871 299.782111260284 299.752133500043 299.256525991137 299.472702227148 299.714453161629 299.371617642953 299.909021922213
299.31314394988 299.582288071716 299.431800092774 299.286203425113 299.431598407666 299.028633669444 299.203448282658 299.350090943299 299.065053223615 299.532132944988
298.947627383296 299.190002699089 298.839063097044 298.822295271803 298.763402578222 298.303119568004 298.634803684814 298.794125892269 298.685070107865 298.9887064228
298.765668003768 298.829273402121 298.627432577021 298.569886546902 298.432077699865 298.190683956968 298.451953792638 298.651766837924 298.3400592385 298.691920245541
298.786402989107 298.860616940595 298.745071936205 298.782467406698 298.625145946898 298.433299950655 298.567836554529 298.789821352426 298.553816220005 298.762200504344
299.202824394052 299.177993322223 299.091735117123 298.999743118308 298.947540477825 298.871955741471 298.810086589313 299.148360945631 298.87741882437 299.18131579907
299.426666970326 299.144555362053 299.141644972347 299.064444915302 299.002508621706 298.966039468313 298.803198053991 299.21172842969 299.003464738411 299.241513663588
299.132937509647 298.777106640555 298.912090723171 298.680031674597 298.754107719637 298.620467115432 298.450480417094 298.951380224048 298.832962958254 298.882611710164
298.810756744831 298.387599167283 298.429446680993 298.258970934015 298.269139740039 298.351114105985 297.991203718071 298.649384784666 298.153579738661 298.484932690429
298.963073528391 298.316073606531 298.508747982155 298.281283740657 298.322709928301 298.415172919378 297.892272932805 298.663429815993 298.371828130414 298.504325706263
299.305488070839 298.846607335984 299.024246213671 298.761042882069 298.573561598794 298.620713891686 298.514619938175 299.129523868726 298.920984669927 298.806849697225
299.856254422703 299.375436496635 299.618478518167 299.37341472556 299.090316877532 299.399748382969 299.149022944826 299.671224116038 299.634505896886 299.41740527983
300.099702491297 299.685317579602 299.809526242047 299.489241147279 299.445418067144 299.602170255782 299.469362908141 299.96906427641 299.958230923702 299.629296457687
299.855265853105 299.121618510497 299.525792592371 299.270804119079 299.125666361008 299.19634923265 299.131009687872 299.474303603364 299.705026920248 299.312286184043
299.171498223532 298.645802392078 298.998975961256 298.721440534874 298.63806354355 298.843060318967 298.789553186926 298.861971785803 299.204560000729 298.692892641682
298.74847448161 298.288529707627 298.665604366239 298.485633946621 298.399023707373 298.321342672244 298.507888962706 298.353061550112 298.85908862967 298.473859367561
298.777983657054 298.502686744272 298.78597929474 298.679067376911 298.310517444515 298.48330493844 298.755874427007 298.469294103668 298.958874141794 298.657458480232
298.966698988914 298.807654487789 299.140401336879 299.049404411864 298.642577981655 298.906144625461 299.194386012476 298.759614089082 299.289287456543 299.107797217672
298.92815162006 298.855695355251 299.257941479697 299.044818759502 298.765468202852 299.067886927835 299.409057900791 298.838833573477 299.43489409576 299.143188090798
298.780926431742 298.631396893637 298.966311695253 298.658543277838 298.468404416241 298.72730676023 299.159818875504 298.605870161799 299.062144410206 298.935654014913
298.184477681682 297.985866129056 298.527236956951 298.383262893959 298.067079295567 298.330777030461 298.596054297171 298.195234495863 298.74616233003 298.290422711678
298.27107319968 297.899229024935 298.350127005045 298.67367705801 297.899931028177 298.28717367833 298.635146808195 298.151908636659 298.58940242738 298.221826288088
298.709596473618 298.528592561784 298.939511403437 299.137574826948 298.452242820329 298.726883778528 299.096616491936 298.604564638925 299.094127569543 298.794645161799
299.380268657948 299.157091686128 299.584355728835 299.808578298209 299.098773396943 299.205500868385 299.681300287262 299.289654310845 299.620204839344 299.404320343005
299.619962418493 299.50635777941 299.85408877667 300.017406120439 299.419849174725 299.549717854045 299.933532417841 299.59201247392 299.860580082488 299.705080948914
299.28381022971 299.141622878018 299.266224843788 299.646637476384 299.0155359166 298.977316659781 299.637804268528 299.218556796418 299.487999075293 299.488089224095
298.684657234348 298.578475320116 298.8572481879 299.022378523003 298.512374308424 298.506439114181 298.987664120961 298.659655699648 298.731182910531 298.705248309218
298.545440087225 298.40124765892 298.520356777763 298.782680402844 298.258889325139 298.26709910762 298.690363412645 298.36734571887 298.396241280888 298.445439715196
298.562857485935 298.622717137833 298.685973970882 298.770652259397 298.239720328638 298.362277852263 298.707158390467 298.548338103739 298.558056344442 298.547438325791
298.968693715243 298.939019021557 298.918091774129 299.052781538267 298.529302271629 298.628234496685 298.848102099566 298.905835285777 298.907244796281 298.979896960675
299.100850465287 299.028821308415 299.043896054302 299.125167518022 298.518758249217 298.759058997561 298.994606258937 299.088625454645 298.950199946853 298.969899396122
299.045788217842 298.732246207802 298.858731365286 298.716815964106 298.218098728631 298.62426937807 298.764540981478 298.765367710579 298.489573540278 298.720714181435
298.618101616014 298.420677157816 298.462953935957 298.478924293152 297.766298814242 298.164159280385 298.1271939526 298.538132730209 297.974346586002 298.205884210914
298.482285842408 298.417456256009 298.380112584291 298.46595945928 297.742259989735 298.176031210224 298.024372425503 298.457325107446 298.129350721104 298.025256806863
299.038084208286 299.006927287598 298.987825177846 298.911228313968 298.441200585215 298.548493114913 298.452649669255 299.011021699937 298.661267721064 298.50917765348
299.589808770273 299.632420400695 299.699637280967 299.447748681035 299.152094673326 299.214904005302 299.180510728958 299.676792001797 299.345368821033 299.208692600109
299.787138250751 299.7753123671 300.048769137646 299.823886375973 299.361577121537 299.390557331834 299.489114193087 299.994652398824 299.641523148146 299.414859440361
299.505202965717 299.449830700651 299.901801021984 299.480323576874 299.177896011227 299.143269279567 299.080383903089 299.713072938803 299.336286023364 299.102392339517
298.924727302975 298.867886583268 299.275891723556 299.050143573619 298.648146226572 298.712081108418 298.567751710215 299.257797911168 298.664042261263 298.559445272905
298.507121151635 298.624881864247 298.793120447389 298.877172589707 298.27776670204 298.400922647552 298.231682289924 299.004397808329 298.36770303333 298.230642397823
298.671037408495 298.819695067474 298.837181739519 299.049356354357 298.379890642863 298.549056902882 298.379600947953 299.11895381966 298.600778900518 298.283414520669
298.912690358055 299.107513768336 299.099818321307 299.359221479373 298.702466813596 298.915456751829 298.699394479573 299.360400142297 298.917309774662 298.654063527835
298.981980806103 299.180044867655 299.192149846689 299.362174562163 298.782249903864 299.146373625994 298.781615785584 299.565198840967 298.8842077834 298.77205882275
298.433715933463 298.765628809573 298.93160137188 298.953343761319 298.649329510925 298.758384392567 298.491275538802 299.310904995624 298.624255494367 298.438387368406
297.932216496874 298.293061761502 298.579225071406 298.567421986138 298.217713861529 298.435614503174 298.143051730864 298.892219473606 298.166410840541 297.933678522736
297.890957615028 298.40420530525 298.683925127946 298.65066256955 298.442974711992 298.647250429607 298.120502872104 299.036465337632 298.170135746772 297.882739853583
298.322411299563 298.844034613942 299.109082482653 299.140331727009 299.051455731611 299.150461265232 298.579865798455 299.542145526016 298.747593256188 298.544391721872
298.995687918034 299.398952779081 299.694604031667 299.706521721097 299.688828969494 299.685360723042 299.354556784072 300.045774771703 299.340187766061 299.215970544131
299.374146629079 299.748579268256 299.980880752099 299.690708847845 300.01884507297 299.869032992109 299.54064698075 300.358278049603 299.522110784678 299.505342305942
298.860682731552 299.184295873679 299.5532950575 299.348495352832 299.727886628582 299.591602063367 299.146649077108 299.803849289819 299.242686861156 299.210907551755
298.449368088733 298.73063636385 298.818693461051 298.649613494806 299.267159165076 298.985367731813 298.705763618872 298.875931109958 298.757150170528 298.733100690935
298.222297317852 298.455195498779 298.497343586062 298.324500887255 298.628689828993 298.704460156059 298.452905910553 298.323839229182 298.396652399062 298.44606925826
298.447473288352 298.53318094949 298.486728617663 298.434308767318 298.545887284323 298.590889269002 298.545797338531 298.363255068899 298.64149007788 298.713904954667
298.806601693986 298.846480287487 298.715629031039 298.755472782181 299.013845824271 298.756538135385 298.831100957946 298.515287051043 299.142696616576 299.046526803548
298.956706369625 298.955834017405 298.67720031612 298.945128328056 298.994880849538 298.964549189372 298.87013427395 298.474921466536 299.307878223635 299.112703624961
298.577928509802 298.480721690065 298.507716354305 298.631587293769 298.756727345745 298.679162968057 298.64194213491 298.144222858927 299.079283514143 298.850914765349
298.311510786693 298.128713723122 298.140626170917 298.16105493679 298.384064696893 298.166165851319 298.140508821358 297.680401349902 298.531103034419 298.502241818005
298.323964823101 298.021496984407 298.069740095683 298.215922394146 298.386377485451 298.027342587429 298.017080043097 297.608159308508 298.588930555599 298.547653013202
298.770480694761 298.640238160437 298.557208801306 298.651987563026 298.85786207778 298.614223646496 298.480822169545 298.014010690328 299.033144223324 298.980759493428
299.459239759984 299.291336727034 299.238978224841 299.333352353039 299.442957852215 299.290320130515 299.123420642662 298.626979112463 299.659218920009 299.575701646851
299.671290455664 299.596233116338 299.506268818329 299.508511526928 299.622063679002 299.489079750212 299.516394706051 299.056673427258 299.905265827747 299.943022276358
299.378193017747 299.362009429175 299.113015006208 299.09887531378 299.37854195076 299.243614223666 299.34797620644 298.514816301254 299.519307151817 299.64248185348
298.876687614316 298.702065452069 298.605484551631 298.646322472218 298.815432854533 298.778556929466 298.734552592124 297.990633214123 298.960527822109 298.958793745456
298.57844345775 298.538968773052 298.39840018454 298.271348839656 298.487478233563 298.371786703976 298.450584205657 297.778045406658 298.466279745051 298.384355247917
298.753379612905 298.624982563993 298.644762609091 298.379469469517 298.694686364148 298.578077870774 298.599292034052 298.018032966068 298.486094752418 298.46691587198
299.170922095759 299.063270736581 299.051566384569 298.634126515193 299.10275788714 298.898294849488 298.956813366537 298.396820338729 298.923947293387 298.701478459727
299.467560853636 299.201684412052 299.081330262994 298.588171086432 299.147998018126 299.037067595177 298.985401972926 298.439290074768 298.889754722468 298.802008416923
299.368843616923 298.89994460414 299.033095662195 298.17083079419 298.819232079035 298.710104608499 298.760645980865 298.209452862612 298.56626998481 298.355735730072
298.96888368733 298.43021660566 298.658389784434 297.920309792404 298.455994295597 298.248935151936 298.350635580557 297.887101844638 298.164328411242 297.922209277345
299.090293962642 298.371386131575 298.595124885965 297.707326155963 298.421064174933 298.291783791302 298.393876061343 297.914121144173 298.156271990282 298.015876068129
299.526699745346 298.932129190422 298.964111635935 298.229632156092 298.973284000494 298.899783490718 298.908431409983 298.432366231842 298.785922326534 298.437785818398
300.160975431042 299.478611602933 299.50035502772 298.832974530239 299.525945132251 299.485271274089 299.475921523304 299.086499808298 299.434049860381 299.073135764417
300.369000144699 299.786336664206 299.717735530765 299.057962963748 299.892448009704 299.770541620353 299.696734321766 299.345579702035 299.677510833355 299.346347827593
300.110520531973 299.513955336917 299.264979239117 298.664383382004 299.668596470092 299.303432076673 299.325390652225 299.168527251057 299.392468682992 298.992391696415
299.490691202074 298.906936815526 298.921058714721 298.104341220364 298.993223041503 298.89404548587 298.835082665211 298.640981197312 298.782962077063 298.499174948639
299.109304079874 298.653478747797 298.832654234237 297.904401625149 298.709243345467 298.515285094995 298.495062737537 298.421609676353 298.578046393424 298.159387613181
299.331167813152 298.771798664861 298.939034053289 298.070908037111 298.810821607506 298.633752322219 298.68262184102 298.744133148927 298.698804240047 298.449547523747
299.628181170695 299.131635021848 299.204016849409 298.361522808674 299.06982315975 298.956385741652 298.940655366719 299.208409895627 298.945776542088 298.791192318818
299.720910464133 299.243689935118 299.318940134376 298.627156107659 299.031557554911 298.974929516324 299.009841219922 299.370992014779 298.878211583941 298.914644828156
299.398203200309 298.919648609811 299.100810464576 298.347398437351 298.818224681224 298.691977075311 298.682463227025 299.002709760547 298.641340332759 298.662040580839
299.004017510435 298.440057509526 298.610688318437 298.025869373387 298.285426951034 298.255810489037 298.175253529991 298.483742034327 298.167794880767 298.259101235997
299.073438195366 298.390625948312 298.553269102055 298.23956400402 298.329650623568 298.26327203757 298.23231605403 298.776398915486 298.045230018843 298.461101431062
299.604466439208 298.92251673427 299.054899573334 298.862465890678 298.830974787226 298.778094962318 298.712057551366 299.137756004902 298.529270220846 299.017907241615
299.939348517338 299.551576437473 299.657338337874 299.577998841311 299.396090058595 299.527957859348 299.312198402292 299.759212990401 299.266426636035 299.729181867824
300.090416329223 299.778812649079 299.739410037623 299.715149106538 299.668819263449 299.650076605802 299.510764074385 300.138268769533 299.50157076218 300.047892619114
299.750200742461 299.360986554857 299.274122428368 299.531861391625 299.14874316564 299.201392846295 299.169255927366 299.654405936679 298.947441886112 299.715688020721
299.02709899376 298.727084659087 298.957858291468 298.968323720308 298.708629927183 298.605065020288 298.620011120473 299.216505254066 298.61244347917 299.152442915053
298.553315934565 298.371483393607 298.699719211685 298.678906341724 298.280939112318 298.329567501707 298.41979960767 298.996032954816 298.328838151163 298.731907786879
298.7182620625 298.548898649505 298.819152309628 298.855155919356 298.393341544069 298.464247942229 298.515141513859 299.078395990833 298.5992893883 298.937601856476
298.920998761789 298.95253245739 299.024051610002 299.301531016086 298.798780907596 298.727175635584 298.826891823264 299.398962246189 298.96755267631 299.317619142235
298.906568187763 298.984808114356 299.216278816486 299.567282249471 298.911113833861 298.875181148051 298.931765819483 299.382223218349 299.10182196692 299.464348188063
298.628814153549 298.568350018816 298.814698811548 299.274824617869 298.688253419308 298.649414253543 298.723082508286 298.946421851617 298.76044472135 299.330250922225
298.153234402035 298.180950178689 298.376038007906 298.998868816756 298.258560959097 298.164761981987 298.325287545998 298.351661758717 298.406754099282 298.824701412552
298.136625572239 298.317163628952 298.518778194346 299.152454461094 298.321179448323 298.179635022692 298.2362342647 298.436897637487 298.438258252774 298.724006620301
298.384964479097 298.798866928603 298.949942219164 299.530969548249 298.847218106226 298.639692001302 298.933857686046 298.756332739347 299.000275065041 299.156827238092
299.081879839319 299.407521188032 299.582589462215 300.008341473421 299.433642137191 299.330800748967 299.52605622444 299.363207190434 299.509148765438 299.63522026893
299.51376673912 299.743135977747 299.822602529785 300.11907672363 299.578533476908 299.492023126601 299.750228725964 299.664425417325 299.72185202236 299.928897362563
299.067380901982 299.34736525944 299.455736812211 299.594536913066 299.266792147428 299.190771486141 299.393724499113 299.293623038517 299.284266791234 299.505550512679
298.685970982285 298.768223850044 299.141223514609 298.869886123942 298.786143146723 298.640567622297 298.843239119834 298.728710851937 298.83996657154 298.762994530519
298.426438845347 298.354497037324 298.713846686028 298.448013814655 298.400608210949 298.441108124006 298.501672777257 298.372212372751 298.494357229379 298.341781629568
298.65163581823 298.572120490749 298.687434517848 298.449494298428 298.450312552785 298.601911910743 298.573510687014 298.567797470944 298.708002047682 298.361432514316
298.899450469395 298.956318300019 298.821560558607 298.871890109341 298.756148523208 298.858452236817 298.90036001433 298.960485655494 299.033991396387 298.5937737388
298.905554970155 298.876415269851 298.980194986089 298.830732149051 298.878277363983 298.964664696791 298.951749297067 299.042474099605 299.027149379893 298.602689589764
298.688939460601 298.538998509806 298.809168452651 298.547538088611 298.393371532518 298.650493178539 298.751180243738 298.688708395912 298.808580461105 298.252119735397
298.126988250321 298.165501219354 298.229210833726 297.998562505387 298.081636969027 298.136943297283 298.389228012753 298.238969493059 298.339428877231 297.800355291035
298.124846042426 298.149539842538 298.418785893241 297.985747169347 298.171131650547 298.15105604155 298.399441494062 298.20584825817 298.272919524178 297.774932120924
298.576662424216 298.497824037436 298.829116927322 298.483754604236 298.460373058421 298.656739226905 298.790981832143 298.669860301139 298.841677514355 298.274625639402
299.195248924696 299.222068625095 299.520546664149 299.133029405884 299.211002200727 299.261969483375 299.400342055022 299.402017806978 299.388978433222 298.946018672565
299.474175551067 299.524758985359 299.771666488587 299.341492851579 299.516881124965 299.442427818549 299.615924391905 299.704795209125 299.679803943301 299.374617053095
299.004297396101 299.210304710253 299.346626942921 299.136900006711 299.151184374514 299.153653668506 299.381327790958 299.365729388849 299.399947140999 298.902329157233
298.679040630735 298.753892828212 298.979543056883 298.584169957792 298.592269630942 298.740480336081 298.765352723712 298.911150494569 299.008470758464 298.458837054697
298.438211057507 298.503782544493 298.663843013257 298.448385432433 298.373145616909 298.472957110561 298.453476136009 298.701670593031 298.742059459797 298.296027512323
298.662803244329 298.605091542072 298.749707655143 298.563142429021 298.497108070141 298.608540125144 298.47466853717 298.721717067672 298.855981487795 298.54022790006
298.872089070964 298.959186930296 298.913444391337 298.963700450173 298.780020992496 298.861268425565 298.790748479646 299.039243452226 299.269623954433 298.94493886149
298.826379453444 299.007436301155 299.028028026834 298.951279090068 298.90283143087 299.029041264035 298.905564026531 299.122735989035 299.394162680631 299.112879987808
298.492520262753 298.65484631376 298.644641588707 298.677901000567 298.653076823421 298.616271591731 298.650799528573 298.657101661989 299.148659165282 298.781712968037
297.942008311341 298.187136216306 298.099886328128 298.218646983177 298.161341485427 298.181889393339 298.221132539441 298.098472692809 298.623533930906 298.327319350801
297.922612569667 298.187919202762 298.169208680381 298.12083799429 298.103811978117 298.106704971379 298.214040179322 298.29062814384 298.672776447825 298.331804774458
298.418719057552 298.692199015654 298.578246167597 298.616897115542 298.585424737931 298.504531587568 298.743744949185 298.756003768552 299.124177417267 298.831702915138
299.050488313569 299.268324722 299.367354915199 299.099928515614 299.141067403585 299.321535920164 299.402458421623 299.454489853368 299.553022970767 299.536052566983
299.311859655509 299.546146468884 299.513161004913 299.396505040497 299.568128439573 299.586118712841 299.691678981291 299.816678926389 299.822138454994 299.757307948727
298.959394668615 299.237002938924 299.23102480911 299.049096128511 299.15453652345 299.512888659801 299.335098497703 299.627603747019 299.445138902849 299.41802772761
298.480911451793 298.705087146247 298.697538226683 298.481900536554 298.674821133691 299.002791232786 298.736302631981 298.962110345701 298.910286833083 298.849370918494
298.294240771059 298.482032272043 298.575419603559 298.250434455264 298.416891110275 298.668540945236 298.563578456847 298.574095259149 298.657646840878 298.520156251598
298.512647178939 298.546432781568 298.680131652732 298.39797736565 298.579131372615 298.695694716611 298.667507496709 298.64693575748 298.667822716333 298.640671659276
298.920737667739 298.88297879462 298.966556049477 298.70456788696 298.870189295791 299.112674794588 298.943158630318 298.906823904598 298.866820792422 298.940741997163
299.006763310424 298.905201625021 299.003860599516 298.854330247589 298.932381965992 299.119637279992 298.981413419229 298.857825621775 298.857065662743 298.995578052911
298.822373760819 298.671697705023 298.564029270429 298.554630861077 298.678707102805 298.790403013116 298.738484042003 298.45281578505 298.515384918662 298.527855847184
298.326500196287 298.297119327932 298.248516914187 298.029405708007 298.251624057431 298.25059741614 298.306228214267 298.197437095127 297.983089887404 298.063886316994
