280.17718464868 281.110811651702 280.716366459738 280.638895033514 281.078616307692 281.423362352178 280.719303416313 281.256767871616 280.905629893709 280.605610426463
280.895918350327 281.459435938398 281.216975422675 281.515210907116 281.294390780966 282.019724028818 281.251923983272 281.696228778013 281.206163645244 280.981074055638
282.91212337001 283.456233913954 282.668771786769 283.332888861519 283.153981810086 283.951073484468 283.04451895382 283.14687553883 283.503353213537 282.943161110507
285.83460693926 286.446299270298 286.109689007095 286.337154306258 286.326668236031 286.911687633523 286.106396993926 285.998487505974 286.349533567474 286.250937661696
290.0569474273 290.376139982561 289.739212466554 290.138269005538 289.988426449098 290.584769223189 289.615554148071 289.79899341955 290.05240052302 289.925468760209
293.26993847085 293.541995840592 293.139952705864 293.327479095748 293.514714231732 293.756800919619 293.011624847449 293.02483274373 293.420856509067 293.262830406435
294.752828368228 294.911600840117 294.617233127416 294.979808499841 295.043424851658 295.181566651768 294.467321327552 294.472933639425 294.888433477893 294.74430202352
294.148042309464 294.57281076334 294.212439145117 294.547519395115 294.711127536793 294.958368129571 294.218741346824 294.182162111593 294.517046011055 294.3603518202
291.887258587464 292.465075106242 292.100122956884 292.278775595262 292.576810763505 293.026980253489 292.062444723588 292.076181333644 292.071166912223 291.997221591681
288.506163398759 289.213027583533 288.706784065158 288.857759296835 289.291318914414 289.443278722404 288.77473966798 288.639385890627 288.716417104367 288.641106084775
284.868161749858 285.25036464681 284.923073764969 285.189720836636 285.733773983018 286.013730904347 285.044200817763 285.07557968235 285.008505964163 284.882601215469
282.067265825644 282.18659081918 281.963297561251 282.485054404362 282.816041928456 282.661185587778 282.237881799053 282.105690972953 282.198033160754 282.116458891281
280.079635977102 280.230867167631 280.848778046329 280.892099544244 281.277465176641 281.142195177531 280.807669968768 280.743723945256 280.896002491984 280.84299463623
280.579744205578 281.298465856273 281.158022829081 281.796891590592 281.427585800201 281.523741558091 280.863083430437 281.140458001549 281.595476431804 281.20940036456
282.815614610294 283.42096219835 283.031996762964 283.277731082138 284.097828333483 283.814326068025 282.923940186487 283.163590618726 283.099272977952 283.304932231299
286.117091226978 286.272080990126 286.16642832333 286.506210709169 286.483580783352 286.764282802552 286.577780266435 286.369499966586 285.987108721944 286.327277313136
289.963025753649 289.714716878789 289.81837272162 289.753994105097 290.231955634304 290.15834993512 290.180927659379 290.048395335626 289.7187702682 289.730874411557
293.419252474777 293.075470748688 293.287652892647 293.432494683788 293.680870565813 293.397531166058 293.250304280081 293.455060233832 293.340588807798 293.196025747645
294.853355732665 294.701784829792 294.73291083013 294.865635659697 295.092002278618 294.721022903817 294.79653851666 294.82366679105 294.618094312388 294.9605499181
294.481308216902 294.319686250843 294.456206017627 294.527394607876 294.525887921333 294.265273714074 294.60529044703 294.219887472901 294.301099500392 294.507505474004
292.268125347603 292.300776581823 292.095151001198 292.047501363029 292.305101898666 292.236030801386 292.341354621321 292.072513345613 292.226270159979 292.303450864939
288.974878537537 288.84115956691 288.74554053861 288.687008752451 288.85590794679 289.035556125171 288.726119912841 288.74047762393 289.049567325975 288.670891481152
285.106693825221 284.774487323256 285.017885839167 284.902806358334 285.197463722347 285.387216193586 285.180840883323 285.174351838982 285.283112067317 285.094895310344
282.172600728281 282.124073138715 281.621286684133 281.891912105774 282.774822550548 282.365232311078 282.586197419382 282.315615591255 282.499581691651 282.199135064877
280.590718397181 280.555215588628 280.755744618083 280.807701434857 281.229346103658 280.702619973507 281.524325270495 280.63907833569 280.921567158591 280.675341632235
281.419956586889 281.134022121316 281.461368029156 281.312939137089 281.389236292206 281.403198798128 281.87576510469 281.151495676771 281.175651384812 281.183277074553
282.938793227296 283.237522799299 283.247732828737 283.034668104192 283.326372417388 283.518114425805 283.270230672537 283.231290519626 283.362030982378 283.400558540403
286.066617314316 286.232110643789 285.935893606033 285.977319728744 286.366560771563 286.34303959311 286.715240989575 286.225046729877 286.170245715333 286.528231307856
289.875360146961 289.845375863806 289.637867398104 289.625125040109 290.00721282495 290.296768724818 290.189539776858 290.095842170161 290.506730084377 290.140001354257
293.465702155426 293.355865982421 293.217636380483 293.107837489502 293.427633957699 293.347111004948 293.601456806427 293.425398681637 293.661571931629 293.500700744422
294.713740790463 294.842206994048 294.729593166891 294.46543450539 294.937204563749 294.746670802425 295.058176621868 294.727056296574 295.014423385876 294.904050538327
294.333997773639 294.567155462058 294.276055716822 293.993551908977 294.542615568443 294.425906128055 294.812992682188 294.365222870708 294.385053793743 294.449220781374
292.164811839011 292.266452479313 291.835007381552 291.753777232286 292.334767788272 292.42532493944 292.504994914574 292.305480091692 292.274665791317 292.007150161122
288.621738566328 289.114614128042 288.778475932352 288.49800994222 289.106499604115 288.964509415633 289.026081302135 288.871249052494 288.965700733155 288.748613484173
284.880577991012 284.99748195579 285.162995219258 284.793504584421 285.321408306593 285.274678279035 285.581294794988 285.357347325207 285.282913273108 285.225624531159
282.149108705046 282.127397897239 282.038134883552 282.042330967998 282.502138959377 282.232445494842 282.796949080102 282.097601646944 282.326375787203 282.024031229661
280.394639414731 280.839087234826 280.462764049179 280.480321767275 280.465818099132 280.977596833127 281.377997156814 280.808369242583 280.978351232625 280.439279918224
281.363022258886 281.210168547555 281.374884690038 281.652366760638 281.354333875929 281.029869971555 281.824703462236 281.511667593888 281.51093743397 280.802259881175
282.919647669072 283.76109779769 282.78956099993 283.064379547613 283.236577747762 283.158752502942 283.575315597676 283.595922909597 284.198131523678 282.495067771244
285.747333664328 286.892835098574 286.133881438974 286.029845072748 286.238520011499 286.042173610412 286.56647265271 286.584532924448 286.65715457764 286.081590463825
289.670785249237 290.138547271855 290.084816729632 289.682922530629 290.090583821389 290.016309863138 290.301607135657 290.348965568937 290.291279110839 289.885098337341
293.309074262733 293.642824742542 293.35147697498 293.317484051901 293.400030957657 293.21017037038 293.903644624022 293.585169698816 293.703942932616 293.335138772485
294.712047041998 294.950714983129 294.964438598061 294.837760932342 294.913159901861 294.584733092696 295.341467083151 294.927661808502 294.996935327457 294.604531924276
294.211087436079 294.888010685002 294.616657124116 294.596258313013 294.592790554658 294.309359272502 294.934571929395 294.582111587855 294.826513220505 294.375972613616
291.890674586423 292.585879443149 292.3553347979 292.466292340005 292.358180672033 291.902879405661 292.773645206722 292.236434868531 292.610826347751 292.008330685217
288.558966248178 289.3406366191 289.001473745299 289.073001976416 289.022721360385 288.684844896143 289.430464186451 288.660514322251 289.273119380682 288.724602809772
284.973202546996 285.57319220448 285.171427400741 285.613701913737 285.359045803764 284.920675548827 285.632055990142 284.9452110783 285.766871209595 284.766231032692
282.069455584138 282.557114102502 282.343926953339 282.775609894357 282.560126620078 282.138833257521 282.877133378276 281.782387621376 282.803804834762 282.213232615693
280.793604948676 281.13544670397 281.072043823207 280.727960906806 281.381239514111 280.788806603396 281.07935698815 280.403074114364 281.299975521193 280.287444699014
281.293518950791 281.64094079338 281.297597695831 281.623192441155 281.569221437663 281.476471234657 282.081942911581 281.090091886567 281.644711294585 281.25752207481
282.793301691426 283.445212343338 283.179151609412 283.191614297837 283.237742007045 283.177497625477 283.640246070062 283.300206018696 283.483336909914 283.208412103187
286.036117333067 286.324845580259 286.295221766633 286.16303297383 286.562480966458 286.290243409152 286.442076188893 286.195766403826 286.711819407687 286.355207592546
289.633783278111 290.095028967649 290.368257460851 290.139653524435 290.058900651212 289.901177986405 290.55379961034 289.66004313936 290.540029388851 290.101088373508
293.250358191875 293.32246392088 293.688592120061 293.46471961344 293.627124410357 293.555824998916 293.657931492615 293.104955885915 293.695371503541 293.31973601426
294.637486911728 294.809779206548 294.983481034782 294.898392712059 295.088668597586 295.157119639764 295.075277247621 294.528433335287 294.963763455489 294.761742515144
294.292128920279 294.468396468548 294.563064475254 294.613166954097 294.72500714661 294.753079156261 294.590875703915 294.253384130502 294.564798874499 294.320865856586
292.081447143841 292.254407393834 292.348043343368 292.240358613197 292.515512719041 292.619855815435 292.572156294166 292.038710039074 292.361831426581 292.02438228616
288.733721709111 289.096456248201 289.146067893731 289.014193835419 289.27078097627 289.396116429164 289.177114684929 288.635439870157 289.096439636738 288.838598090764
284.913332969616 285.198920366264 285.31840348418 285.435309419101 285.552618324867 285.7540553098 285.367101361128 285.256336674026 285.50355731864 284.719717961064
282.249605666302 282.293773889647 282.417867170108 282.165823008707 282.574757974244 282.579794605357 282.554605830399 282.017016253128 282.673399826528 282.017925106169
