280.351529081022 280.374131567328 280.00025534731 281.187106958346 280.386542658999 280.580516021412 280.159212452055 280.325006602343 280.611791257528 280.351210351083
281.036098718755 281.022121661208 280.701547495542 281.52347416652 280.650527502819 281.308492488161 280.607279485652 281.006740563811 280.707906165187 281.128378942506
283.35176020068 283.319027962661 283.14759227967 283.557782167443 282.696664839984 283.549171351028 283.230202941865 282.920724668595 283.332080778387 283.36855297939
286.619647267382 286.692467705644 286.81043427276 286.47938786543 286.063545660579 286.515916162646 286.194408024285 286.29816356584 286.644197517449 286.652188790044
290.135035129348 290.103142435463 290.113048801871 290.225798907701 289.638838655657 290.163192286543 289.848298837899 289.867704861283 290.147911756923 290.117706640529
292.943754067153 292.669492136123 292.761619375401 292.962431505444 292.66457297053 292.998913894314 292.548598685121 292.676484560252 292.918337914986 292.691686854265
294.06742104295 294.036633399212 294.13026876537 294.140143013131 293.912811985995 294.370975599869 293.950721353734 294.095496022283 294.109388178191 294.138372666885
293.741216847269 293.904126491664 293.892321955805 293.977055453183 293.693415740907 294.075095789709 293.775955859035 293.796246126604 294.033500997636 293.961899010321
291.802060863521 291.920995882103 291.883233573081 291.861245625934 291.803568844119 292.023624292932 291.560773029713 291.663825126803 292.130919118282 291.997775246074
288.452103366188 288.445966097764 288.431636464728 288.552396106213 288.061837500587 288.605657281491 288.211099672139 288.229915640038 288.791241128812 288.647044241233
284.825256115764 284.926297059883 284.784123716121 284.82825921573 284.593008820376 285.009753820216 284.672228806377 284.718055066631 285.323038136264 284.839706249841
282.252063680784 281.808323756324 281.945892070606 281.987927285436 281.782180377166 282.053691880225 281.424376756072 281.592783131894 282.173135169841 281.961485182986
281.146188456098 280.47912769906 280.542794525944 280.603893066132 279.916364613043 280.928938680193 280.064363860822 280.493648314857 281.133795774396 280.652291872577
281.409909893166 281.21199956589 281.559151373261 281.047423642745 280.664894702435 281.42787144909 280.781891317722 280.535888695375 281.928636672863 281.005416536508
283.709455285549 283.334399315653 283.298002297427 283.353891033259 282.870380582643 283.580731690399 282.813447259543 283.162514509913 283.681877523459 283.192883050816
286.452650104362 286.757587178902 286.561505026288 286.747012847323 286.376145230891 286.433354614479 286.335944370158 286.433810374138 286.830079888249 286.581958034207
290.051679880567 290.246554079115 289.976524261395 290.343048619758 289.806136430273 290.138515065909 289.966222548488 290.02691087644 290.294588758334 290.038904727242
292.760784387003 292.819623468187 292.78295782023 292.928529820366 292.616865022066 292.88297861757 292.727374874891 292.65342681686 293.016909217838 292.818677838645
294.130663445588 294.122270606199 294.248234676004 294.265031368581 294.009779864387 294.05158746535 293.965471616021 294.038421298448 294.384428435169 294.369595520576
293.977680663695 294.011422030563 294.055596376254 294.219907245364 293.88999493241 294.073272058102 293.913937242941 293.781763403889 294.047662208447 294.11484381582
291.986417763713 291.935157540488 291.936889866547 292.069551735102 291.93347171728 291.982703607326 291.76884470728 291.848211092485 292.156435313678 291.996837685506
288.545232009505 288.626654787953 288.64702246149 288.720189328601 288.541216373764 288.670098451383 288.029813062615 288.434959669057 288.500219402767 288.523235941276
284.980208670963 284.909031885992 284.958987844498 285.285853832854 284.634168932872 284.932179477616 284.387783398955 284.822426065295 284.854853297864 284.968998617562
282.121177585861 281.802185435367 282.247308583279 282.313220146314 282.093312141215 281.726068346254 281.505038044201 281.771527307078 281.986972477826 282.103444727651
280.8900413636 280.497354235546 280.942913325969 280.775753601973 280.793960100538 280.467910586184 279.983892396282 280.373368964488 280.582310953756 280.549895137437
281.241612778934 280.74924368081 281.213985813475 281.589999233158 281.13255950583 281.288451225734 280.572705716462 281.22376565649 281.52774135223 281.246149215431
283.669434866086 282.999329880227 283.400979887956 283.668039639326 283.421514926373 282.920410841982 283.00696030865 283.249176684035 283.35490686069 283.337141338666
286.858482161471 286.462782876432 286.6539764381 287.000717769046 286.550602117003 286.218339456318 286.210658658045 286.294264316498 286.650383677844 286.619576371563
290.139974871567 290.003345124391 290.137596141126 290.313375934486 290.335445876063 289.887378048218 289.983697734069 289.978734007034 290.224529269894 289.944718250086
292.811441637384 292.728526913814 293.0268148277 293.012150527397 292.908798715653 292.797260664363 292.69081154817 292.691646205773 292.993899628338 292.866834806058
294.210735836575 294.148723870288 294.306342119667 294.333272735059 294.25953529896 294.134958930673 293.927949093651 293.984823242181 294.249273812 294.126957950834
293.916492692667 294.031711729311 294.130778076196 294.068493832604 293.876610651209 293.845724972456 293.795078789895 293.786323814084 294.050521907333 293.805032947329
292.023850832361 291.985604253272 291.960209309775 292.220730213687 292.015965343855 291.839385762306 291.738049630795 291.824789256971 291.967274909863 291.950610449914
288.500187777818 288.586335764263 288.723742659444 288.64203114567 288.352253970832 288.474233527267 288.020309889057 288.484930351101 288.466669055324 288.625519177938
285.205304374894 284.943482407823 285.002639143565 284.937608792146 284.85839923116 284.805216270054 284.457593575563 284.455892973035 284.809750409013 285.04218787577
281.963437130799 281.82491002837 282.083988994101 282.0344524927 281.605246549165 281.913182850091 281.748516205313 281.413840305648 282.069910823092 281.936652333576
280.574488858189 280.845853456146 280.381927397648 280.490370909213 280.79060540089 280.585405162305 280.697847894886 280.01582290191 280.690395473157 280.785161941729
281.393442272578 281.545461553288 281.385125145097 281.280375166374 280.827755550146 280.985235021712 280.759721841128 280.903310187932 280.920950605907 281.107179979831
283.259417735013 283.432017848181 283.182420700524 283.740810652352 283.24269506213 283.088772408237 283.024453640593 283.36037692719 283.341572624874 283.379503594163
286.473479650982 286.762594580491 286.641853849529 286.807326781264 286.508222297033 286.238570191401 286.145123010936 286.473989644852 286.700852415728 286.639933448922
290.019088798466 290.098241703371 290.106716940002 290.231190144305 289.960384377311 289.694796704542 289.891579887082 290.04345855903 290.322500619275 290.151596529139
292.804093462176 292.645610267276 292.696970921009 292.978601572125 292.674400652634 292.517938715515 292.552829897263 292.986994684879 292.882309344174 292.984459964348
294.12300993843 294.070014884425 294.159356324362 294.221626456334 293.94119251583 293.94092279743 294.036314461931 294.298831430468 294.304986024054 294.37442550303
293.980875144522 293.813410364215 294.038389532354 293.992365807607 293.753663828645 293.66952861751 293.887954655946 294.043719159495 294.071737752896 294.123352445878
291.866923309002 291.740483711154 291.939983435176 291.935055688404 291.709281680702 291.568821969662 291.789607280995 291.928923335227 292.114646026583 292.155763139174
288.691180652655 288.308265373181 288.474939790383 288.51783127094 288.211532229445 288.118534569048 288.156925308664 288.627416962418 288.567753415531 288.58799451349
285.204634242631 284.778990016874 285.046842760839 284.795382127271 284.535240165385 284.61802634278 284.755062740765 284.744556507301 285.017435248248 285.077946864237
282.019779062055 281.999168043457 282.163060014459 282.127526443151 281.864115125674 281.899020619874 281.765853137903 282.143348073528 282.146703072619 282.259529923522
280.410375961448 280.583837669936 280.645682965544 280.831658113452 280.229876714924 280.078342289555 280.439583336671 280.458971774496 280.511609017807 280.774481781583
280.970019699523 281.165057249872 280.821416091219 280.88662034734 280.731015037736 280.874900727666 280.86823920998 281.066754582394 281.281153828655 281.136653679669
283.217672189984 283.380098528035 283.469629051574 283.720222143171 282.727671283966 282.748851514769 283.020883113371 283.3910242931 282.84753922065 282.878350011356
286.608908717895 286.693391272435 286.476603501938 286.765485998554 286.047774280575 286.098593309707 286.501989398423 286.153383985044 286.304079543095 286.597414764501
289.986880384638 290.044767969394 289.816927044167 290.22678038855 289.874180917771 289.91227179785 290.14596728384 290.133230227907 289.843062001052 290.129350124948
292.750072642002 292.679385623477 292.725754574836 292.728124119531 292.60848851124 292.528673322008 292.836899368393 292.919492684919 292.945526058403 292.719203219218
294.124330264595 294.236902593067 294.061720782256 294.233304225328 294.088171387826 293.728733617115 294.134874357463 294.136602358029 294.395124895232 294.139056595658
293.900528183806 294.002479849939 293.940030987214 293.995234557665 293.868188483098 293.561244542092 293.935943687447 293.893915658353 293.994681569932 293.7798623355
291.952987064354 292.096482026469 291.821821327727 291.994366491241 291.843685106557 291.629163394398 291.834633962558 291.90309047957 291.871197566825 291.944904797979
288.415856536078 288.723893791114 288.209654596468 288.629038824549 288.38369440394 288.260045286868 288.472717543477 288.696183117895 288.505348282788 288.473643533914
284.834780708225 285.131087815572 284.726908160067 285.404895324411 284.477809605949 284.364459641323 284.855081239942 285.011629105242 284.859897711247 284.596445173482
282.255642819717 282.142881927759 281.691223017491 282.227703519073 281.991074908834 281.519772097661 281.817176673352 281.955242068014 282.317321147149 281.99181363391
280.882410623971 280.880889212137 280.012003213129 280.711266718458 280.618634015294 280.211411127886 280.624306424579 280.75702439136 280.982399193335 280.470498653451
281.017535229292 280.957977200607 281.044649060137 281.057935360893 280.515301721845 280.694771108178 281.091057342428 281.111062032328 281.449233650661 280.60829108741
283.419779001132 283.407426324764 283.157998234052 283.094307321466 283.407273080697 282.857455357356 283.184056967288 283.226448382637 283.629100996839 283.419759666492
286.610356915057 286.525079731917 286.662683114786 286.57097850962 286.173555813399 285.908772469446 286.29489965969 286.508797060706 286.794554119058 286.773850163877
290.065488986592 290.109080596227 290.222945990841 290.16687099915 289.698177857153 289.754183158559 289.905228594389 290.145939971779 290.057672447003 290.018025074798
292.797141133425 292.900122214558 292.765528341949 292.886200366791 292.613752017484 292.404378790023 292.757368542296 292.831325739697 292.755761023718 292.767964023979
294.226061122197 294.320966161292 294.243105707574 294.198935071021 293.941275402404 293.841884067933 294.122744366085 294.196916958796 294.233637056052 294.112082448157
293.932339596708 294.09176486832 294.04874042967 294.080939146505 293.781307592613 293.631958100867 293.848726352615 293.949199139203 293.893405149574 293.863710210252
291.787354629192 291.928704734759 291.907578002977 292.105607156226 291.767303477737 291.520273438883 291.812360992251 291.962008252529 291.810773108471 291.809644112585
288.242263233294 288.572409376326 288.357732655334 288.853417045163 288.264644543701 287.956151698273 288.167817744989 288.345538221587 288.392589617234 288.204287860896
284.747497930241 284.970024463054 284.930696092519 285.08328442154 284.646038266841 284.303159808039 284.722469606616 284.602486179871 284.879988463057 284.534306786307
282.082637364638 282.429923306737 281.818005645738 282.047506660962 282.102795583963 281.238603601917 281.70218114622 281.851567172716 281.677949458199 281.508401970392
280.688494335327 281.001906346477 280.869918511735 280.632613007989 280.599837030166 279.723341110332 280.26740106248 280.523715477729 280.306353095538 280.108673258478
280.753360624125 281.293406529037 281.033049228944 280.991650772578 281.323106021783 280.20570767376 281.389655560794 281.110923940701 281.48659791457 280.533649954966
282.941690235572 283.54347934623 283.434213343161 283.627403770976 283.075373390773 282.700002635306 283.77642245708 283.093431818969 283.622779843929 283.142228497417
286.214262764432 286.68684026503 286.809152285881 286.720430185996 286.584696797634 286.017565102291 286.617300693707 286.509078159414 286.579740747885 286.452560716516
289.931605805481 290.215063327462 289.96500573676 290.406893566749 290.164678093488 289.713192617447 290.288294973615 289.818629411591 290.171665696599 289.860614453616
292.692352419746 292.965540963488 292.798404288375 292.989969773165 292.762311301983 292.503313720986 292.715515484454 292.608416006696 292.849523485982 292.617129228623
294.062879855629 294.246151267907 294.203159167741 294.188048587593 294.060451135886 293.833507180669 294.251387511735 294.032896950064 294.297606571728 294.078732603771
293.782903040588 294.115729881189 294.01514611299 294.026064362196 293.980244900742 293.644192863681 294.126227925996 293.958695441716 294.169771679212 293.851189322089
291.812279359446 291.938555288764 291.877481261459 291.879685527742 291.948951106572 291.552606121954 292.046643997952 291.987515959359 292.185280790065 291.91800471953
288.427950931046 288.632330198392 288.398756742727 288.471271355321 288.657172303488 288.169879941819 288.692567154827 288.690046765905 288.903978919404 288.497189572236
284.923468528184 284.844072199928 284.977680837353 284.880742940162 284.923750452017 284.836758103562 284.986436794254 284.807159266149 285.167035904344 284.613973463416
282.07509566703 281.978334637575 281.661423848081 281.748850577973 281.884942073079 281.927282252943 281.76099571357 281.645803756138 282.153388667343 281.718432570406
280.365169078723 280.658801437091 280.492178883557 280.283206643776 280.604459278966 280.195380212961 280.888105021082 280.3972592673 280.716068022453 280.312058736499
280.955303960789 281.074491824628 281.549860216276 281.103308105226 280.8052039186 280.905699161038 281.628871625903 281.059475062383 281.649184808728 280.819736764522
282.88793177085 283.238521081777 283.230092029814 283.231925845501 283.267751043515 282.993836197334 283.695537848455 283.149507313293 283.699296656829 283.041261107061
286.463758571197 286.559420602643 286.384003272163 286.810071205642 286.368314914382 286.528566948979 286.579736467181 286.269362689803 286.687920231195 286.352268129856
289.973829158497 290.152541639322 289.936657724228 290.060336539311 290.089591269784 290.139318713557 290.125316498644 289.949379947876 290.384448010375 289.817902871818
292.886712309643 292.849799645984 292.897871489551 292.629156875607 292.695828588435 292.614522626145 292.982408017318 292.761100066587 293.187460266935 292.74067249571
293.989991840236 294.265463842767 294.279685299938 294.146034532281 293.956347228538 294.080765013523 294.326500873411 294.070690807945 294.377637302767 294.116878048129
293.917007722891 294.077186084725 294.177694983778 293.911761680513 293.773279067504 293.864727714696 294.159791815928 293.808693782027 294.014270643321 293.908961001745
292.014527210239 292.005495893503 292.211911785351 292.054689376909 291.762937108412 291.770136928859 292.172713424552 291.892716930823 291.950882514692 291.95637757851
288.612774898185 288.763531692628 288.789506306166 288.896510952248 288.16702635082 288.152563757593 288.821680796779 288.524900334306 288.706074630201 288.607711799392
284.951712715193 285.029880974808 285.044883703831 285.05022477922 284.534351834185 284.54257986135 285.048810128511 285.144416478494 284.791353044696 285.094220216132
282.335886296967 282.104899902335 282.109963756066 281.967584237983 281.71398746866 281.573269408735 282.301878476561 282.517519369394 282.099376481501 282.057387171839
280.764346649009 280.697170131581 280.882403104889 280.673612538158 279.798312137167 280.291024422227 281.452461307988 281.170501526792 281.059187257422 280.839734006851
281.087517063576 281.191386790927 281.738943925092 281.17722077101 280.976264593167 281.022921993008 281.635826085857 281.116410051278 281.363759249793 280.934807305866
283.430190673642 283.575123193414 283.477215266424 283.29272662972 283.080121500612 283.009507131792 283.746213298141 283.397145960215 283.173248527897 283.301687891712
286.856281206513 286.220548757174 286.837086492947 286.551444927799 286.425125189619 286.237009486425 286.982106411431 286.377226002398 286.673795233835 286.453722698872
290.520386963891 289.728424585746 290.366674307411 290.188343512327 289.977531945084 289.7709572865 290.256988687212 289.873348608001 290.151436853292 289.9329659774
292.847055838668 292.687886753611 293.059953694794 292.962525035248 292.716814309819 292.556494458554 293.029488667486 292.810393857271 292.686462080949 292.697469066196
294.154412149966 294.065250492362 294.373021357041 294.346585341423 294.06429279285 294.068282775653 294.440177018553 294.129040024283 294.154888328113 294.327030569367
293.975671724453 293.910849761064 294.084561379343 294.002562572553 293.895680554621 294.009203819882 294.121122830035 293.950640013775 293.982550997394 294.061519604693
292.060865907784 291.855232162437 292.111254603842 291.944559444197 291.846787880417 291.843495562522 292.069199439448 291.787985576292 291.893016295068 291.932356970449
288.486477168778 288.443238521316 288.749255148878 288.45679107941 288.432972861129 288.526146383233 288.768388268084 288.198235864977 288.507153363693 288.596651508623
284.721284298329 284.916419781813 284.874906874012 284.813247192477 284.992326894504 284.814962454893 285.186455566688 284.759354879404 284.816194590525 285.096273253937
281.733548025967 281.918021828141 282.401591000019 281.611374653204 281.825961198592 281.906396611699 282.300877357116 282.077778795281 281.806604797563 282.290380501376
280.690360431769 280.575841365309 280.969413322993 280.41790886986 280.274439679096 280.517675646275 280.964888305072 280.717957907856 280.206939147365 281.150745620479
281.538837714107 281.306406066071 281.412795334541 280.658457822402 280.859957632899 280.940087871445 281.288198106995 280.756929918618 281.008675536353 281.813641114442
283.374250281209 283.078705088887 283.485513758584 283.15469945974 282.998612861539 283.134403004389 283.595200203783 283.092829473493 283.29454019186 283.459344518822
286.531282533793 286.63331338726 286.965570237158 286.326222207909 286.195649685692 286.434839666374 286.825923964317 286.168918372809 286.795387902499 286.435033783659
290.004150289171 289.974635921817 290.314644738277 289.906349024398 289.769174866415 290.114108899724 290.401322395496 289.666398269552 290.113976025128 289.990169256042
292.893461928385 292.661536639171 293.050006902957 292.761109660756 292.795580816964 292.758708914586 292.980717711061 292.575143216489 292.674319809878 292.689732855046
294.19817342037 294.019117291202 294.421752473541 294.031309632774 294.08076737002 294.219512047844 294.265029788265 293.919525561589 294.219988764028 294.18722130142
293.974358863151 293.779928182474 294.164990072797 293.825503868339 293.893983732487 293.950082085604 293.847542060742 293.674983872043 293.910457272678 293.926641265794
292.108975538393 291.780784009297 292.076109813458 291.859859668231 291.780249091182 291.897211717976 291.82722529209 291.615774663037 291.987961468144 291.94866760823
288.583936199183 288.344109289768 288.619645101109 288.217296047591 288.260395372044 288.291598311967 288.323385739262 287.973696315614 288.492580679475 288.471580524656
285.02166849406 284.696862703867 284.647554618105 284.239960595505 284.532138848852 284.664942126377 284.818721385946 284.469723464987 284.837198050253 284.81588677681
282.065222369508 281.731748647545 281.86666597066 281.526931833141 281.729549226819 281.997046856003 281.845986453248 281.711382346083 282.257757790409 281.948065337347
280.570217273693 280.521723873641 280.676903371455 280.108599597241 280.35984387125 280.645760506655 280.438763927649 280.464226626444 280.364060527206 280.330544963729
281.196566654791 280.935950021488 281.334660395483 280.816421484188 281.39185810981 280.785241715253 280.869479093583 280.905221273345 280.661606957662 281.130647387486
283.30660931886 282.917415313294 283.575395411003 283.221458818971 282.964697277895 283.184743731603 282.968842968321 282.850378319032 283.075279446841 283.406726996608
286.503832408546 286.345749683675 286.887819412347 286.484292025863 286.43831211009 286.458316775405 286.280198731163 286.404344435644 286.428887907479 286.700453896197
290.14149533237 289.932886867119 290.211212151784 289.858508267033 289.678707956757 290.006473984489 290.000972704243 290.065078018934 290.015674245361 290.152270589397
292.957269366652 292.726028967529 292.842706285234 292.740664700671 292.475535169789 292.543633212095 292.638683642995 292.551465312151 292.71766536261 292.827948137056
294.265899774732 294.114653944917 294.320529520206 294.168562473044 293.949930972477 293.991114140848 294.058312827924 294.059896776655 294.104807347521 294.059251587637
293.854858488206 293.814106757255 294.038510422496 293.830144942548 293.722959350004 293.818327073179 293.899552442931 293.869191397076 293.762159439628 293.896387267305
291.814381853693 291.657603133006 292.082271059171 291.873060053275 291.635038620827 291.594697986717 291.83754226708 291.890445514845 291.741522068755 291.937082530066
288.335330575783 288.317803338104 288.57156417402 288.261024715904 288.164481124227 288.263114866066 288.310675971345 288.288427529337 288.087456434293 288.490061179593
284.687136714595 284.861444774469 284.868268303402 284.669761042217 284.688920299064 284.354554447675 284.525195151611 284.765146418664 284.385506396523 285.01636499384
281.949477442046 282.204192497744 282.08445195207 281.877747234098 281.835546922801 281.249984899747 281.426357488129 282.066381361893 281.958946703326 281.60140102863
280.396767330585 280.777454895576 280.668198056684 280.438425401015 280.820331245833 279.876998452238 280.438348943931 280.985450741641 280.556004234184 280.205677652934
281.054108655857 281.30145611956 281.60860296055 281.288972921567 281.060991137285 280.760721809746 280.732992551059 281.338688452361 281.601912745586 281.024933316266
283.362431014761 283.563360659258 283.712214087159 283.067301519461 283.374657344725 282.814367700368 282.88415706746 283.066833024104 283.035359620821 283.577143995723
286.468607669209 286.912351714371 286.691467120048 286.526752419819 286.509667103361 286.252820895773 286.376312391385 286.61430585122 286.460013286211 286.820854182827
290.024407006864 290.355908564734 290.231410797282 290.249709329882 289.884765476659 289.742228166203 290.020179936703 290.135627917895 290.075301008167 289.922602600855
292.601103486505 292.877020672989 292.874524326322 292.784081528054 292.645625676288 292.460873073102 292.803693529021 292.908972108965 292.725278068823 292.763154612612
294.010647250836 294.197829097817 294.082597919485 294.187420273805 294.058404010242 293.937484909742 294.098541932729 294.255833380436 294.167012242368 294.190337814718
293.934493827049 294.044861702709 294.022638421896 294.077182278481 293.757653209466 293.612475081245 293.863331781901 294.032636881182 294.025731447535 293.984961121113
291.855588639727 291.937724049814 291.909681457995 292.043700286859 291.668038478823 291.482910481719 291.797243327788 291.792007091609 291.865561982569 291.795448157793
288.720727061728 288.698373345521 288.590736197397 288.542673710746 288.165985261301 288.19671715816 288.361312403032 288.405916361967 288.352925974017 288.42346844432
285.004163059261 284.839394016841 285.019220101509 284.903929939828 284.551930837292 284.557518909688 284.841438343447 284.653646224405 284.564230551474 284.929021971327
282.361812239407 281.939401793078 282.39797707225 281.603272848356 281.823123078781 281.472141471404 281.775072206939 281.678716033971 281.57088466349 282.181408420346
280.618377903445 280.694015795412 281.187582052811 280.654201497985 280.311815472934 279.96792190911 280.633051745425 280.718026803791 280.397870392423 280.989463547119
281.431447682927 281.377368459519 281.300011166315 281.127628979466 280.944016501916 280.548513536283 280.993870510907 280.612264214084 280.960167382084 281.593763807097
283.664597051617 283.450502909571 283.354637777386 283.392235992395 283.255408570436 282.449823535444 283.224200801684 283.033165898867 282.951995217332 283.211033035442
286.721749921723 286.75589295615 286.543920953451 286.622106984274 286.501346075182 285.998343898172 286.617403281592 286.363858150905 286.020547668139 286.476411209442
290.216596908223 290.238034731418 290.271607406668 290.090846273403 289.906840509286 289.806398415623 290.039178346643 289.984237884026 289.791405145448 290.003466778002
292.730587104102 292.960574344644 292.84894796465 293.045029482328 292.673428565599 292.389726145065 292.714988571024 293.002563944221 292.66739892148 292.801985116267
294.169518171778 294.221849629477 294.353153398084 294.168016721867 294.000806492037 293.924868298416 294.145189231868 294.239673431858 294.022698032783 294.194931435254
293.949544341454 293.985463387966 294.107652570862 293.964736899415 293.768019620272 293.698071699625 293.868290637801 293.877977616835 293.675485396295 293.726283412649
291.969967665172 291.674223873174 291.865094169474 291.917487683993 291.720741742779 291.66972152083 291.759585883678 291.887721511549 291.560344857726 291.741364144271
288.381660695552 288.49880627203 288.52886025911 288.432669595102 288.22146741016 288.125354275492 288.40361844402 288.431858458972 288.19425599808 288.356908009025
284.68429343101 284.835361588888 284.876553017763 284.746020774264 284.383005597365 284.660927378528 284.854132824458 284.697762755049 284.779751840475 284.737836900637
282.09570741994 281.818101032148 281.919498901068 281.519723292933 281.628706582783 281.557436126354 282.088606457819 281.923165945268 281.639219147636 281.945124982472
280.445966077306 280.779297026338 280.596561312868 280.353097056423 280.487653938075 280.1085258973 280.385075370603 280.648110041775 280.605403217963 280.721230455439
280.783099825377 280.990967924059 281.326357905083 281.193454721016 280.858074244326 280.635976847882 280.769546752611 280.894353507776 281.1872593343 280.877774814867
283.365918285193 283.194679395273 283.189508544258 283.371058409983 282.819604548923 283.053586983972 283.225461687727 283.25396287176 283.197766554715 283.138627235648
286.732390319561 286.544191532032 286.376286890094 286.49354749762 286.307879002876 286.237975850495 286.606605420401 286.508523980982 286.364688713101 286.473786661306
290.015426532084 290.153895166923 289.938142945826 290.044753254593 289.81640878679 289.957909533959 290.150440359554 290.028957269917 290.040272383137 289.875683289871
292.61762603611 292.662570573756 292.765882945466 292.730051655002 292.745859200029 292.579580207727 292.741549932585 292.630258951982 292.50934509094 292.545566808937
293.942993567945 294.120880601413 294.192841631136 294.025817149053 294.103666103236 293.964152561515 294.044365458719 293.996654328159 293.847309841753 294.012178142807
293.801394870484 293.954717710665 294.146633216632 293.91971276067 293.986896907395 293.752978613569 293.916707569795 293.861997970829 293.719825920424 293.881578524264
291.841215187272 292.004405850541 292.018974291793 291.765681690846 291.897017669668 291.652883781208 291.943197595126 291.713041790463 291.808023923194 291.854401947801
288.654321508598 288.62986812042 288.765897291549 288.469701441003 288.265681853996 288.283532101386 288.380179956647 288.126356206732 288.413556438179 288.363334166563
284.990381569755 285.116759387774 284.821173778015 284.828220182842 284.629386055156 284.833444693995 284.885539492508 284.669628375431 284.689685775859 284.707123666051
282.04570702119 282.330764832804 281.720199858764 281.91956502111 281.825850250546 282.221184115386 281.911002944987 282.107701647862 282.064910348507 282.064060187067
280.473711337159 281.352996147765 280.900375286377 280.675001982062 280.577182928085 280.447685580213 280.804810902158 280.509503342905 280.780616892181 280.003415926291
281.071711809385 281.741364765475 281.21037709221 280.963706107052 280.965014422791 280.940568223798 281.158268761999 281.154477374221 280.901541266476 280.876705314714
283.558119331368 283.357685051748 283.377024961756 283.108058901516 282.985547183677 282.912329797997 283.23205382156 283.234327471272 283.270837848929 282.982327619868
286.830352692314 286.701654164359 286.413941021044 286.69178481686 286.516719847141 286.344017678075 286.301202986744 286.227645547538 286.803892931042 286.485439536654
290.307283078241 290.005419787996 290.231199386944 290.038905189689 290.12322910592 289.94949746571 289.942661534311 289.946285134409 290.338085624637 289.934132976074
292.943852047221 292.810068013733 292.859919428096 292.927122409225 293.032573265354 292.585490701231 292.818656185502 292.763407453191 292.822795955524 292.541856176
294.41829073296 294.201792484594 294.221173258361 294.20337295108 294.244450625367 293.992297665689 294.126915333981 294.023372961941 294.334361931963 293.991580580263
294.21641395924 293.990650364179 293.95111941005 293.964803117157 293.791797530334 293.673298853895 293.914953286295 293.843897300215 293.932968244303 293.839941167706
292.051852136248 291.951055334534 291.879763413463 291.864490395465 291.706662139486 291.711794919335 291.844649185668 291.694760008977 291.817730139641 291.848842690842
288.553718231491 288.613841125119 288.492646810157 288.455090410123 288.407868258617 288.436007789586 288.498959542131 288.186345111075 288.343001102959 288.283258493307
285.060345274298 285.023526634763 284.895251934137 284.630014739344 284.867993542959 284.7016239435 284.8691473894 284.725502565505 284.772342050225 284.767525988978
281.952592498164 281.998156707394 281.801582161546 281.912890234755 281.65299465155 281.762404877057 281.793524651244 281.791269470157 281.780693671821 281.563970405886
281.180379607282 280.623851315506 280.49849769164 280.50254339999 280.183327454178 280.344883265075 280.829612150498 280.179862237523 280.575887776955 280.453054479053
281.74371098775 281.187193788072 280.830147494458 280.962744967026 280.720390777285 281.188559969877 281.231744119445 280.847960184482 280.670575126966 280.760700542666
283.58461992927 283.833054274557 283.099859121201 283.586896318984 282.95729289403 283.231785176258 283.357313773351 283.025667047856 283.183698339299 283.14720917128
286.878686700846 286.666308309731 286.549515799945 286.777167025125 286.354974750247 286.604867358787 286.55983546018 286.547795539076 286.23018214804 286.663214588523
290.333023373281 289.963731836207 290.197397645871 289.970235067968 289.885004340391 289.887608511209 290.02200384459 290.134519038289 289.900596672691 290.235978946751
292.960403586123 292.857947954787 292.851415831329 292.863083379364 292.671277096765 292.48196457286 292.720291041135 292.950318973518 292.805138474801 292.789771278884
294.392493307894 294.16430061703 294.276997397766 294.343697158574 294.140024675398 293.92852086218 294.182024975761 294.173686719392 294.205277584327 294.350993847188
294.247789196234 293.923646208416 294.084617967086 294.003682861368 293.832156024843 293.649957028334 293.948717980379 293.964333924303 294.081987620655 294.032099905006
292.12765623388 291.650155266848 292.10883438955 291.951428594124 291.869292914419 291.593781887025 291.887781724743 291.853461257534 291.796218691559 291.894147122484
288.680025541154 288.425862637699 288.565135301876 288.541081831312 288.51122200436 288.356874183546 288.158287807795 288.409212964215 288.41439344268 288.362240067839
284.970662971713 284.717981345132 284.725709930684 284.86170307642 284.870870565034 284.584654676838 284.731214379941 284.857381211709 284.819953211634 284.650202844871
281.973000629721 281.837986220063 281.641661688903 281.994407127415 282.059661921846 282.06253987444 282.096636721153 282.054712764713 281.935800641775 282.059925018755
280.573135060807 280.611644243763 280.541149579836 280.512859532179 280.444181801383 280.610717448554 280.623245687773 280.13469504777 280.482593118562 280.472585106628
281.428768177036 281.200910489555 281.045682974607 280.785103346575 281.252759770193 280.956928681747 281.026077006982 281.265764041263 281.166859572543 281.432474561561
283.144906599879 283.225398936449 283.123087659349 282.950965439982 282.924961336862 283.031352508407 283.118152880177 282.848020107596 283.553492557262 283.963352728012
286.757102081094 286.358252233229 286.310992059591 286.259639427404 286.374506615509 286.155788050141 286.512338598298 286.5395129691 286.415604758945 287.126722166631
290.090241099146 290.116279277444 289.967158338045 290.004388904522 289.952879471109 289.990375107193 289.949524180437 290.147561751179 289.93702972312 290.336029461713
292.847957344643 292.865632879603 292.789439408553 292.857340311047 292.53776280567 292.558046485647 292.502400235374 292.941084944412 292.864242463082 292.895601736162
294.377278421395 294.157162434288 294.217093959445 294.181082158346 293.936546222918 293.846418105206 294.21156146512 294.40742943889 294.213351448746 294.327792188783
294.310527589566 293.854874673514 294.021429163948 293.942124029688 293.673093598174 293.766197275128 294.031381123135 294.049124828937 294.094076472914 293.93934009968
292.170042897175 292.094637522785 292.135299524359 291.949993693228 291.403096185724 291.782800008858 292.016302448884 292.07176257561 291.889423442907 291.846589910651
288.704251290833 288.567430520917 288.774473396475 288.523171664288 287.983968160087 288.304817846222 288.742416044783 288.666566153344 288.332278115033 288.431040258132
285.091705654891 284.979724012909 285.177406457821 284.737557820439 284.401157767733 284.63853595313 284.975809574356 284.964937626457 284.566074717888 284.738854117046
281.866863530995 282.125789383171 281.984300946928 281.833488129294 281.655861285496 281.404260944398 282.014763649508 282.452538779468 281.742185638717 281.832690465062
280.698742207035 280.982909699488 280.581994217613 280.418131386468 280.357728795897 280.309166177827 280.710533671986 280.741596328997 280.731975745695 280.582184511809
281.264982846553 281.597218469932 281.394889897203 281.406554532759 280.872906408887 281.019107868054 281.596036626568 281.01514670733 281.220001165421 281.327047109909
283.648887066446 283.79592424882 283.671227334132 283.618473402601 282.851331488381 283.102940308614 283.434391859093 283.510713090011 283.152486676026 283.603509384984
286.73804548936 286.685764706597 286.616611863482 286.461458183831 286.055041218577 286.201262204974 286.688340948683 286.848794025926 286.390658231415 286.537844349091
290.30420092031 290.00778144201 290.153578421291 290.000439681014 289.882208051059 289.813905463126 290.409236977161 290.30421420286 290.003264627366 290.130761506751
292.937666612762 292.993700479647 292.818125039329 292.686593595867 292.513393701418 292.677331885038 293.021785920108 292.830044439848 292.835268350354 292.890210922314
294.274709267873 294.370450844595 294.325798226572 294.135212656004 293.972577256292 294.11127663477 294.291491612809 294.280808500599 294.124506198644 294.165873156156
294.064829262677 294.003703591271 294.135265432394 293.786389378765 293.741890173879 293.723746937543 294.115829351873 294.10706262968 293.919303768861 293.951323732919
291.95434945586 291.755977246256 292.050487458054 291.792933490595 291.667459320087 291.70165804301 292.003424819701 291.923989283269 291.939866991744 292.076109005132
288.727215122928 288.379052514044 288.672245087151 288.389528009553 288.160804135045 288.41598202151 288.482805056005 288.496711010702 288.543469941562 288.589513503813
284.92674296586 284.710878437238 284.712934142265 284.815691304632 284.546367793823 284.423382728331 285.135011145072 285.077812366917 284.749654558615 284.800329292768
282.127461579275 281.551979506518 281.76824485218 281.929600468524 281.991567941043 281.396924082436 281.660515475765 282.270108735421 281.906329661321 282.064063172323
280.485818164373 280.223216033814 280.435599428414 280.512279635427 280.02734888637 280.150400617955 281.011755593037 280.746420243338 280.439848053341 280.887817430557
281.015780660191 280.954938663246 281.492818978669 281.126469014749 280.528764922547 280.661902901182 281.397875988921 281.21865230954 281.136885015738 281.363601362629
283.291804159529 283.180755435226 283.317150662795 283.494687351623 282.840505876098 282.786939652834 283.822516143891 283.490063861572 283.341926841193 283.410388928216
286.564732865364 286.35538211144 286.675670343088 286.688590943033 286.331229495448 286.347918056941 286.937076288429 286.402634340983 286.557811530324 286.362543946292
290.146793179016 290.111886092835 290.111864605916 290.026359444249 289.914785352621 289.965241963996 290.494108784224 290.217664631287 290.365861144192 290.075128183722
292.843106937436 292.775317255863 292.959684384952 292.976365434715 292.63790379833 292.683611617753 293.069172776687 292.900639529958 292.966141396778 292.918899093638
294.311350551061 294.073981215974 294.335277303729 294.254311490297 294.018829989521 293.947920797064 294.290946359567 294.248521417606 294.135510994049 294.37922006328
294.06190531617 294.002604070803 294.033662857161 293.999427090449 293.872520152063 293.693655162673 294.164460428276 293.986270970646 293.900597052839 294.171759950795
292.058668383112 291.921854292158 291.908346012017 291.7114421933 291.803681920963 291.589243899282 291.965215734137 291.765021182653 291.791539028735 292.156121105792
288.749691342343 288.661135497139 288.508838002598 288.258123131654 288.322300106638 288.141392240466 288.556488774903 288.389546871616 288.506315963842 288.977113769064
285.161684827763 284.775315681243 285.055551982288 284.700851259065 284.258733151228 284.542317510703 284.780273610811 285.024062859463 285.054888185193 284.894268041325
282.509180321579 281.781452288563 282.13358842917 281.956932587367 281.623899315328 281.622692325382 282.031392400661 281.95141071212 282.291669228999 282.200162885315
281.04588776713 280.732907371239 280.384626129304 280.419228645643 280.806917518657 280.311974303168 280.54486571246 280.877877814352 280.804371024974 281.100840182045
281.053495148399 281.04143372256 280.862967109064 281.216652570398 281.482440699547 280.920259262123 280.770267552871 281.10326629839 281.159382074028 281.644868098412
283.546219720467 283.389968170444 283.28564830282 283.200987232988 282.98615836139 282.637897525227 283.266209342361 283.503894466216 283.459865829515 283.72028640756
286.91945101771 286.563146194844 286.850627936458 286.464701379334 286.411551167458 286.248834634858 286.632997398814 286.627180018576 286.622677965558 286.6529331579
290.138038790407 290.125964524465 290.342075316059 289.843385981466 290.062715856857 289.907822877518 290.124765494491 290.079517094599 290.095826271467 290.098765480775
292.9355872794 292.976148538965 292.870148998617 292.7748786987 292.743293411137 292.389137989349 292.840971664767 292.897268124959 292.933582059795 292.957027751585
294.316561158082 294.225234576983 294.190494974766 294.21283302267 294.139844880858 293.900230657124 294.203720319412 294.292577809927 294.236340534758 294.18929670423
294.168721120421 293.968176529673 293.893323900296 294.066240088233 293.866458008469 293.574809248292 294.005647762531 294.106391476138 293.987339900447 293.992594209125
292.147850743526 291.940320646123 291.780263802861 291.971923271661 291.693176453146 291.647178679986 291.829281467263 291.943084544025 292.00457313598 291.998124111184
288.910151829583 288.515395364478 288.614379418306 288.537212753947 288.418682577345 288.246252592987 288.413546967136 288.520264560462 288.51218904853 288.749772680122
285.234418974626 284.83999156995 285.057546481027 285.018283087381 284.770110172562 284.724652749142 284.711823682554 284.696251489269 284.773524491738 284.951610870247
282.195426865569 282.058890658529 282.030513661104 282.14235800856 281.505910568057 281.581178385912 281.87076649441 281.867718772569 281.605079404153 282.317395667431
280.889247708483 280.869130661371 280.867253413881 280.657895296859 280.332614198452 280.011366462479 280.779187056493 280.777966362279 280.605683485816 281.137086108882
281.17844998721 281.277961544634 281.253995774778 281.437968051764 280.971365087546 280.460363520637 281.347195256685 281.285392775576 280.902268244438 281.419809929063
283.239341860183 283.146242585357 283.229182452094 283.477338573242 282.957950947516 283.302973223175 283.341729651105 283.375909539908 283.40146711573 283.819445606587
286.719788228099 286.465436698333 286.662376316982 286.50222438901 286.411159050692 286.454590000119 286.783615452544 286.703959670944 286.613828459346 286.610518968198
290.400310198915 289.929951003829 290.283588370807 290.134131730233 290.037178521749 289.810930787261 290.126432300753 290.124812282084 290.31143583037 290.006632154924
293.17201591384 292.745717048715 292.875328211086 292.758190888641 292.75355892916 292.757273606022 292.914139816628 292.901841622282 292.955180853383 292.835586804206
294.380534337331 294.040961121047 294.167991955034 294.182061841953 294.074922880798 293.898929210809 294.234727205632 294.139268704319 294.327138758655 294.120039775126
293.953296612924 293.896004303335 293.8870031718 293.947295460969 293.715281253456 293.64809279022 293.990498867694 293.878059356635 294.019043861196 293.873127552529
291.94672480719 291.806840355678 291.993745687363 292.090310236778 291.750372472393 291.594580557676 292.037500798068 291.720194472888 291.909167138508 292.062610586745
288.445255608773 288.337123866017 288.643828380242 288.793521644134 288.314412827749 288.385036580293 288.765337555648 288.557987724196 288.622932367831 288.700919870023
285.019117694699 284.828605445621 284.990277086445 285.18575402922 284.786243696864 284.76430443744 285.195613333436 284.95186070402 285.20781776971 285.139000155046
282.00824594206 281.851697184392 282.163180100472 282.007294193366 281.78956925817 281.718500176838 281.888449711858 282.066008245878 281.685951677563 281.966387592252
280.83703467796 280.343474211068 280.740915901646 280.409311207608 280.237502071974 280.337408309518 281.015261488322 280.976978858176 280.240732537213 280.654757582918
280.927864273151 281.007311274974 281.530778795496 281.129970959301 280.451217085948 280.732974687137 281.609988527261 281.096893823346 280.815780222681 281.016924615496
283.507199794467 283.161649095794 282.957892088967 283.171556534529 283.000399378159 283.004169703695 283.600390742694 283.340947270256 283.055476363811 283.054717445914
286.394497247145 286.715670790563 286.311933675098 286.68434238701 286.559142176149 286.098127105439 286.718126088103 286.622414438453 286.498267375994 286.323846867472
289.80505843895 290.179967954132 289.818018927235 290.208940374446 290.109480995099 289.766722340545 290.163623762885 289.952320430102 289.98736316539 290.117997826103
292.529482720865 292.720184266492 292.815887723363 292.915503958278 292.681626856509 292.610826665705 292.886293539589 292.667970265028 292.704088334061 292.873359810986
294.253124204465 294.133346355803 294.073740755482 294.355698636778 293.967107787968 294.095304228074 294.336538125961 294.048469440039 294.111739436193 294.334461584253
293.818290051252 293.856060082005 293.899717434597 293.979104275834 293.731222142516 293.778607473073 294.022333773491 293.931401412658 294.045172696069 293.944823397922
291.84926287756 291.902173250682 291.575265910313 291.908378014336 291.726583339029 291.667612811829 291.878981398896 291.731603124875 292.047955495354 292.052959114667
288.483995730761 288.450651326533 288.378634388838 288.52287688805 288.282326118834 288.235349172757 288.442085107038 288.203605365868 288.466889659026 288.512831804077
284.794216842176 285.302982290705 284.672943447582 284.90928077207 284.608597851538 284.749439028417 284.925036238078 284.640476025425 285.104570968465 284.756015827885
281.803008799531 282.248394011594 281.582627068035 282.24547701039 281.961900153581 281.767562598077 281.871638139524 281.936832045561 282.516491364371 282.098079737049
280.420389745854 280.885475085348 280.282432951958 280.588018560794 280.183181327634 280.249954734907 280.74007754019 280.858879699572 280.362050112633 280.377898782876
280.608298678677 280.987640171503 280.809241245091 281.336188324986 281.051840867881 281.093586080183 281.402375973412 281.559299683195 281.142502185959 280.915843986719
283.153176314315 283.073086517624 283.042027066931 283.85207494124 283.169282778793 283.364778315202 283.123779181239 283.375454377205 282.993151528649 283.138641336843
286.388124659698 286.423927848025 286.678622079454 286.713868196005 286.342061728617 286.316477190685 286.750613953095 286.796281558772 286.654268424685 286.26661518885
290.037218088059 290.153795297374 290.205507767775 289.98772782292 289.994976270593 289.968962544837 290.024239420721 290.272289034901 290.145910360765 289.993503756328
292.92788641358 292.691640149337 293.022937856881 292.928973665529 292.909861685438 292.740217829612 292.82540087803 292.815851336139 292.806865530177 292.783008844743
294.265483264048 294.219531896295 294.319905640933 294.413505077969 294.047505456202 294.050843770988 294.192432047031 294.344667892416 294.215334458364 294.100544867485
293.960545333337 294.065050935916 293.987880012251 294.242551457464 293.717899430622 293.850034423639 294.154452092481 294.119176289512 293.958943000467 293.700025191046
291.897676468741 291.982353827197 291.918351980052 292.062423479748 291.780036368342 291.79872747441 291.995275184151 291.972019146796 291.680940696112 291.701909504062
288.293258433686 288.574069179267 288.52801391609 288.812839274111 288.330620008232 288.294201973239 288.554544753901 288.628463172051 288.381791404481 288.17620456612
284.564586441061 285.163297404293 284.675780826869 285.380297296711 284.973240799913 284.648562805003 285.148111226741 285.075565694446 284.915651386697 284.540000564398
281.716870017576 282.114426653522 282.018186651627 282.441701168468 281.549485404651 281.685285515629 282.315965166214 282.28574299554 282.158730572842 281.451201612611
280.177666292252 280.613218955782 280.732252062404 280.972132931351 280.505944575746 280.434149868296 280.828092457935 281.050278070499 280.402386393412 279.8942940492
280.963961455178 281.078135745462 280.849093482782 281.074440769512 280.939746337752 280.963832033717 281.179117612701 281.782046197242 281.037357361401 280.830691213331
282.870505216666 283.110613575227 283.422465352295 283.535028923812 283.043305681725 282.80912552365 283.34828730236 283.647610694796 283.265114719492 283.127419168072
286.235559958559 286.954220575109 287.11898403097 286.695298698167 286.306784597797 286.598707052282 286.416411782444 286.65487252508 286.49497582756 286.35048491687
289.715696405424 290.160932505496 290.226810011849 290.114140211012 290.097337053226 290.211424817848 289.833453620872 290.336979967896 289.945319660959 289.896951597054
292.493803311787 292.984579956899 292.865611107661 292.831105598729 292.98796204832 292.680821934326 292.765747855283 292.90043086829 292.651971937652 292.72333209674
293.912499760247 294.272231887411 294.196333591944 294.31853373292 294.094802519097 294.166240529344 294.188846818242 294.129814056129 293.936269958787 294.108023531184
293.664388051493 293.95071998679 294.005663120925 294.217625022157 293.853123367833 293.699740863806 293.95237794791 293.809605007852 293.908529424131 293.962906043639
291.604266110356 291.893645002273 291.764580816026 291.888658563753 291.790160101226 291.435144038299 291.740392126678 291.941440782736 292.101976830567 291.675021629652
287.949367496162 288.706595675648 288.154697991695 288.630013715335 288.585989214482 288.063182510897 288.437309279903 288.27838461559 288.506968900557 288.320135615839
284.571525777801 285.019273522895 284.586651140067 285.024046585777 284.754085383124 284.495497693831 284.791840262119 284.424972431885 285.168928239485 284.616676263786
281.739048810748 282.151677031919 281.659599918172 282.216452604542 281.622785653257 281.546607319804 281.816827167305 281.681891932824 281.985343205307 281.924498000811
280.897245532252 280.375546550635 280.542028406243 280.657763799294 280.584113353153 280.318514143128 280.506755115695 280.255410440012 280.877420597865 280.772523211134
281.212910111027 281.075035036185 280.821948590858 281.029170564791 281.547401586758 280.70713851276 280.851286937056 280.639332640974 281.586215252324 281.338787684663
283.128783206844 283.416312773952 283.192483018415 283.056676840159 283.260876097093 283.025649898756 283.197423151 283.053669866003 283.611629587278 283.321307034259
286.119110492041 286.733473753651 286.497510504994 286.596944088665 286.807957280788 286.186484681516 286.537342204631 286.340547494652 286.650733738226 286.620338006097
289.711166339481 290.374165412695 289.951781982442 290.116966621605 290.437057474664 289.877827748511 290.006988656389 289.703391927659 290.311182230174 290.041454589794
292.604713792066 292.867771080093 292.755920051963 292.91420960098 292.936465388 292.739331286709 292.860236676115 292.538453198914 293.069816463473 292.864592770695
294.077015791884 294.195657765408 294.139939137987 294.227688353026 294.389856859212 293.968064418925 294.10238946652 293.931458023323 294.290761868959 294.029118113431
293.963315183384 293.966986921353 293.990041400591 293.917321566785 294.1901734236 293.629415877858 293.802418798611 293.830518943908 294.008660574214 293.941221628744
291.916550157809 291.77640994155 291.804170318326 291.906156991033 292.217176373311 291.517818183344 291.976022617818 291.77631634486 292.022222424622 291.843810001066
288.561432839869 288.487574982672 288.599468959081 288.532566554181 288.876516653459 288.335542629724 288.443239685067 288.214499667029 288.618492356383 288.377182872557
284.677673002081 285.037186324149 285.088224314705 284.659791466871 285.156602668128 284.694531531253 284.824959293862 284.559643506053 284.719498925661 284.62756750833
281.373388449933 282.067000677617 282.136488690282 281.81740408427 282.13937898962 281.697655590441 282.191497141588 281.98175359026 282.338050686313 281.893843787323
280.49481138816 280.661035092827 280.655510928739 280.287662725773 280.743250112257 280.21560625376 280.57315313741 280.186766413575 280.611113185832 280.237012177277
281.514868817041 280.866671608015 281.565386314492 280.415528304217 281.782848879297 280.638356550723 280.801386767099 280.572729261593 281.535846536431 280.613369101973
283.189700142169 283.073157910959 283.439746396552 283.204080725162 283.800219970872 282.95385767485 283.133321841651 283.181393529335 283.272394195251 282.8240041518
286.815454879632 286.748311712453 286.597233712493 286.487402821212 286.940151691644 286.139399461408 286.496293398706 286.379063634988 286.247939652613 286.193453279725
290.286294269628 290.433150799423 289.997525611746 289.907842070767 290.267880682247 289.717246777523 290.085042705752 289.561281087842 289.919119931354 289.641023811082
293.170699061003 292.908658594419 292.989841240511 292.513166318482 293.027098475148 292.620603069478 292.888708994561 292.544285553046 292.788825691591 292.570644473282
294.488088646128 294.276602488355 294.386306257912 294.01528635817 294.494977680386 293.870960213675 294.1140241243 293.924043169867 294.187970496405 293.940504846889
294.129615606637 293.91377494075 294.188123046906 293.809858004854 294.174070367699 293.626002816454 294.084033157649 293.85312023942 293.908811764458 293.743211984415
291.97075222977 291.965659232187 292.152240968691 291.557189722267 292.106351535831 291.528805446067 291.871193358627 291.894475261111 291.800142488358 291.530560560078
288.47968866912 288.573351354752 288.674973800148 288.238002579413 288.627544043813 288.226027984171 288.698323934457 288.353647386908 288.398301978955 288.181891808487
284.891297409287 284.657353185035 284.929780719391 284.635549486873 285.115652492757 284.392836228982 285.377746053781 284.987232310766 284.893540304835 284.376702036948
282.366268776497 281.860491917737 282.425835481064 281.94700376542 281.983249167513 281.684839742079 282.1053904354 281.840743475636 281.954008307155 281.664441538228
280.739876757153 280.763299020518 280.982644934668 280.55158359253 280.748217174159 280.06489305032 280.392352726658 280.643837455194 280.671652617204 280.351979122928
281.413211921253 280.988809524973 281.508977789209 281.013317709897 281.208905913315 280.8324379631 280.645378147955 281.067477639944 281.13173981386 280.773142185604
283.742704938433 283.306491748778 283.5783655386 283.415678521 283.446938943937 283.058069381135 283.137775866165 283.500636764699 283.521113563869 283.036315532813
286.803960539299 286.590075598736 286.682311922942 286.709959931856 286.636937944632 286.452003323285 286.677930131878 286.491491678582 286.724781800332 286.682350199345
290.26718451342 290.161626249435 290.044114385854 290.081692175943 290.103298995228 289.71862729472 290.075796565542 290.136631084601 290.165446871271 290.019054317354
292.942499102093 292.832999885024 292.892569565005 292.952894039568 292.908130569559 292.434788231177 292.801760306712 292.952107488912 292.834947959055 292.693445628536
294.242974266319 294.022116304929 294.202225362939 293.993943530497 294.223556164963 293.79451938264 294.2331462892 294.167534289969 294.088955886004 293.953445461737
293.915440473503 293.814445388432 294.182869288302 293.839652454726 293.986160898372 293.68855232482 293.995152293545 293.954491255031 294.120159451855 293.794246608776
291.870074915846 291.814415981825 292.0198626516 291.82861631259 291.960194116099 291.48577072642 291.953875573751 292.009576947182 292.008363572389 291.89337838794
288.469174254371 288.272850256405 288.695851525389 288.685346868489 288.419146202466 288.170943461962 288.574065253907 288.56958964619 288.433207825624 288.553382212102
284.804902583901 284.747660165903 285.071667637972 284.956297283877 284.940538883442 284.694901995709 284.975873598138 284.814191466678 285.08425152723 284.900453875361
281.921100781646 281.629405924682 281.866116992697 281.870849817657 282.142975002111 281.739601005983 282.1872812031 281.766877047738 282.199083148212 281.932093200981
280.908850686777 280.6422794356 280.880327451667 280.793953535558 280.694822135511 280.189768284997 280.861577084387 280.676176960424 280.740852044262 280.849645547141
280.548808355273 281.082735125684 281.244786899957 280.971993483891 280.924100431869 280.848556009581 281.300503402915 281.165350374416 281.392157184589 281.099325506913
283.281971652385 283.474444583221 283.636305949119 283.616369249179 282.991961867392 282.95806782637 283.619425212253 283.400032557247 282.931766155665 283.430145204311
286.663739499349 286.594804524429 286.761229469728 286.900594894736 286.655939352748 286.048905966328 286.484732607703 286.688378381369 286.510441635568 286.816033138284
290.047086109146 290.021982934386 290.368750380031 290.206822573828 290.233430466595 289.787391974715 290.0362828567 290.195132148314 290.068025884781 290.002018406175
292.750450610751 292.788100597137 293.118180002291 292.85334923888 292.757075455248 292.602730736273 292.830649663955 292.941711189599 292.942897738592 292.724322386442
294.169527112739 294.178981666841 294.477642832131 294.112329795777 294.28375762146 294.009724929391 294.12980141883 294.273878865324 294.215928189113 293.952432587522
293.928965483996 293.971945087078 294.143737797953 293.85064675334 293.990882543528 293.757437594423 293.905377410993 294.131725843694 294.019896696551 293.624295449498
291.796816996196 291.918907646388 291.840220303394 291.819459308352 292.065068931925 291.592736308913 291.883728493327 292.117943536359 292.027531083217 291.522029047959
288.302401849663 288.457597840056 288.609436496081 288.405714193349 288.573331492066 288.000557039864 288.297172430685 288.713593014161 288.626725505694 288.028208574631
284.909688870654 284.827403005148 285.184142829423 284.858304000266 284.76045887893 284.663472589811 284.832171885817 284.832024296213 284.965529965735 284.559479544172
282.144421602059 282.104122400105 281.795275243194 282.054147147714 281.800303898623 281.764133102686 282.028957586647 281.963648154403 282.095608772753 281.67396421071
280.441999701572 280.721115021443 281.142460763762 280.709487913285 280.23504890367 280.151828052368 280.421222764904 280.589556706286 280.780156459794 280.325751322019
281.017999655564 280.913864825885 281.034720662017 280.868990592195 280.904729105626 281.017959649102 281.432065530023 281.371761038345 281.402485575239 280.851114895377
283.275213546106 283.219575643684 283.320500308511 283.479332598045 283.209327743439 283.198118792759 283.450905119573 283.557434311058 283.440853933735 283.134623607186
286.449849213657 286.525783146265 286.647107737099 286.658642219205 286.554567175748 286.465283874778 286.640249430669 286.715746745523 286.733236817849 286.530012472156
289.939360604941 290.154147879595 290.062081797456 290.327625648342 290.274355063518 289.817744718554 290.200984629762 290.267269926468 290.180028222373 289.932024600419
292.719421865785 292.789453572917 292.86842326005 292.754356513374 292.903677887826 292.663601960746 292.933165044106 292.875345247748 292.985693535674 292.663142887959
294.215243805988 294.195809327493 294.290873450297 294.124741690384 294.347030187511 294.058201083618 294.175358788982 294.323306998248 294.264647146607 294.140453472268
294.043069554125 293.92562809832 294.038963610912 294.005520227004 294.15619783413 293.958356005107 294.001389080006 294.055414321106 293.966251750144 293.894675069043
291.864076639766 291.96572541586 292.000903271783 291.928166230842 292.021677715927 291.862938221029 291.906157635557 292.010325558854 292.006211899042 291.831871155743
288.421898602873 288.49257492303 288.541299970029 288.447317596242 288.803339467144 288.428810391562 288.405100873994 288.715032734035 288.613315475346 288.47114000918
284.650082900408 284.887270022795 284.908875052783 284.892673451123 285.053764460733 284.875440189286 284.959991240551 285.069677316282 284.991877730131 284.961369539336
282.021324916302 281.935059617726 281.992884405175 281.890752387558 282.02403736142 281.413382143583 281.949817643528 281.94796859048 281.805578786957 281.922562850245
280.425179661371 280.2177850897 280.560036862464 280.571134502219 280.608422947466 280.074912005328 280.706008274647 280.988329355824 280.491716415993 280.538472181488
280.515906648806 281.156298666792 280.77837919504 280.769247528696 281.251433581928 280.648602580709 281.134177704426 281.433538132691 281.198790860942 281.32582597117
282.96896144151 283.186611838676 283.433749270314 283.269883769042 283.520618819979 283.280618577406 283.346552765539 283.468542992724 283.212062434117 282.992666776477
286.469703843195 286.375532794625 286.553371592948 286.843090292615 286.543707863176 286.35700790417 286.591760807578 287.09034210376 286.792103077235 286.385683807907
290.042630636488 290.002882422887 289.989255908688 290.142064281197 289.872152951414 289.94663600818 290.141524101069 290.593908385477 290.299240289264 290.207601867182
292.50309653698 292.755221412739 292.772590495251 292.732426420556 292.828525631064 292.718728289083 292.599500608488 292.94769174271 292.990122035455 292.951381734659
294.079044021934 294.180792695956 294.269726152528 294.205080981497 294.176575711079 294.123106968616 294.044088852423 294.299615933316 294.346856942328 294.174633306528
293.867971870894 293.77934258306 294.082799637527 293.932743988812 294.047300966145 293.858324323419 293.915133458068 294.195943091429 294.047420078904 293.973121000641
291.84601927445 291.845127857301 292.123464780733 292.099676019773 292.103225157709 291.948729647133 291.862971749661 292.170803365434 291.925949999515 291.893239282109
288.368168196228 288.247107425114 288.69605351499 288.512701412524 288.547914666762 288.446879931268 288.298218064462 288.664127023003 288.316357166306 288.596110066096
285.221482235938 284.798732660349 285.277056828849 284.992047910479 285.029600499483 284.512745106729 284.978975744609 284.932303294974 284.674923995522 284.924118901509
282.081484545513 281.792465414024 282.289451837036 282.162889991255 282.307868795059 281.836471996693 281.823604689981 282.025108144105 282.154228229949 281.988963302033
