280.869739386705 280.984564527737 280.78313276317 280.967326841956 281.212633679441 281.177740998295 280.978384975511 280.678247435805 280.82699275359 280.830825766971
281.670978541296 281.560627640909 280.914593670836 281.526967735553 281.728564663193 281.409973953892 281.826876929685 281.580902645331 281.14017689663 281.665090884891
283.729418570551 283.547408939963 283.298918589397 282.78048206396 283.696632192421 283.589329409983 283.535754190897 283.324371495962 283.142163543419 283.646194456218
286.648713981754 286.722650369688 286.436952822336 286.051442758409 286.403887168753 286.815650214148 286.570679199403 286.676569345629 286.015183365755 286.462598494553
290.285581460343 290.074482222211 290.02417023068 289.957177692479 290.216946823578 290.233022591239 290.187557143505 290.035394180983 289.907817430788 289.862284716837
293.521820070101 293.617457957184 293.27222053844 293.243564886067 293.448810100231 293.475217974723 293.637164980609 293.31484384307 293.475739711155 293.357018249013
294.834559318971 294.943713094133 294.702414439244 294.852243861908 294.841769246891 294.898602462895 294.999882598034 294.919612460932 294.728603845598 294.612752988344
294.432779401845 294.472596184015 294.208860106643 294.381503159015 294.226836312073 294.407641917411 294.49011763326 294.444983556524 294.185073070266 294.14122923176
292.204186048194 292.021634264786 291.811392785397 292.18008154242 291.869276129632 292.030979944654 292.238905321629 292.302862478607 291.886149483265 291.962551438155
288.70655369617 288.630310809709 288.28694220416 288.807358561843 288.838741039643 288.617421883312 288.64757253939 288.898658863031 288.364485476552 288.2941502756
284.74152427842 284.652076681899 284.364371855861 284.93519792548 284.77127836651 284.938719957961 285.113820395205 285.195529033465 284.68553148952 284.574594636658
281.926407993647 281.097123099193 282.058199228312 281.96128453139 281.865687673708 281.874445963755 281.93314036784 282.309888590515 281.392186466832 282.157111380219
280.064391790803 280.009796941913 280.114302936389 280.656768179169 280.929046331785 280.445670055772 280.772544121888 280.725446672634 280.163160482251 280.889116938554
280.643053230848 280.903231516046 280.764978935837 280.860358440964 280.533085162049 280.940847930817 280.955157092506 281.164892111077 280.9585166126 280.770854532087
282.765123518687 282.496873615786 282.895985968399 282.912346737875 283.309128565548 282.815980733037 282.432235335002 283.324901347776 282.901824486824 282.979201367702
285.658219038954 285.911247668442 285.950116121833 286.12430781634 286.148593151587 285.956879098816 286.051538001816 286.212305115878 285.966596539308 285.973379537074
289.614100854634 289.545350946977 289.844803441266 289.793598813467 289.881877993307 289.649797833263 289.748063043161 290.136685321234 289.847923359587 289.581963340578
293.041330839052 292.923555100726 293.220996680155 293.057629157736 293.034276043552 292.81694225472 293.047219908727 293.364168159395 293.358016059032 292.87747083962
294.44191064477 294.276516478722 294.486562040998 294.471725308091 294.386218987903 294.379224105135 294.245196204255 294.498130927749 294.756817144045 294.363586126904
294.05879236771 294.014451204374 293.95791357999 294.156848067519 294.140108923063 294.12977123023 293.872875407827 293.907165806239 294.37978197806 294.134693944156
291.802793068672 291.905678536979 291.802137758286 291.695867369579 291.902136960744 291.819792193794 291.709722698651 291.640545227073 291.972390615606 291.823087826888
288.152846178959 288.227600695949 288.296070634302 288.312722669663 288.520276309974 288.347795633993 288.365225870307 288.324537218426 288.616645563987 288.439732395381
284.776600393289 284.447117098887 284.985046536552 284.444743797157 284.682909020925 284.629572747964 284.785988845908 284.750670278338 284.716236380589 284.677395943694
281.85264223965 281.421331002875 281.882614815142 281.527367677227 281.649923434168 281.376124895359 281.582287665257 281.479027498339 281.991029438824 281.882132052045
279.977739885253 280.473073856048 280.296041267647 280.30286126491 279.861629729676 280.181157841261 279.982403859164 280.160772552918 280.45298836524 280.696901196904
280.830879280608 280.702890974831 280.947089840704 280.995302735025 280.139765334605 280.336906098951 280.377964685103 280.502909868586 280.954102923851 280.258923473056
282.529866039817 282.46072904829 282.637922336913 282.958956654941 282.497066566648 282.415154353486 282.320426045946 282.708791660696 282.763284279719 282.803539531288
285.584272374339 285.827962434554 285.65822343129 285.828911978561 286.019660499381 285.621394163736 285.416116136959 285.951997135813 285.810941537505 285.589198203277
289.329418589621 289.475551212844 289.255604262558 289.730611290893 289.652501958936 289.224477622581 289.372155131558 289.419932047531 289.515428983263 289.268744622729
292.835420389994 292.738958696306 292.504838907618 292.992710877104 293.001055401325 292.586759299914 292.719647529175 292.648985329821 292.869409396284 292.642881619968
294.032324080268 294.092097561458 294.212642077175 294.193833702988 294.183298096988 293.896885422885 294.173014261415 294.053519129967 294.131832212034 294.03581367367
293.68559756583 293.811839840824 293.770238676947 293.850050601447 293.891241920081 293.452295726424 293.775752635186 293.636813676388 293.724168184831 293.532732505272
291.471629223162 291.436004797869 291.489746044954 291.635111193921 291.507398461205 291.271849607186 291.433010330371 291.148281522207 291.478233771643 291.285555709011
288.106197499982 287.897126404171 287.669123559818 288.203128999827 287.924969101783 287.924744625052 287.661031279121 287.802655840824 288.183020371324 287.634500625335
284.176949343181 283.858001885907 283.974228091539 284.379682741869 283.925854646226 283.863793198188 284.008505662091 284.150315026408 284.12216939374 283.890697317753
281.157009247508 280.83569128805 281.138648213909 281.121362924642 280.971099414112 281.093176256693 280.998476444171 280.730777910153 281.024720604858 281.50128032781
279.84254342647 279.465880604359 279.595012102373 280.135357575165 279.614690495489 279.557728362877 279.512157018866 279.150566648622 279.695522681829 279.848856379507
280.16427303314 279.984037588022 280.113245482251 280.400840812469 280.49496624157 280.045610635949 279.661566775521 279.898561028917 280.371948703494 279.881990215378
282.142411331048 282.21019149921 281.771443006871 282.405560510975 282.12738850432 281.802547239364 281.682954382494 282.194181501651 281.993212387993 281.872814657849
285.556312198926 284.807842099168 284.789368286094 285.210000322459 285.354060500652 284.783505107086 285.109722268107 285.123501943615 285.210930329551 285.177308117337
289.164743969068 288.482009267091 288.427058101628 288.969915289532 288.808900515882 288.620217755675 288.576816006147 288.707571328131 288.740162195095 288.475589889014
292.378875747184 292.242217313275 292.070010870015 292.452643387113 292.473423865127 292.191011637143 292.146421865632 292.132938655726 292.2408515273 292.112708976349
293.706810014827 293.65571256971 293.60725858923 293.725829765391 293.856817840378 293.613395051777 293.682320488055 293.547653032304 293.795825697086 293.621429470714
293.42843289793 293.139297654977 292.930373945247 293.316861510669 293.284593400632 293.061665575916 293.375003676068 293.033494794786 293.159064551628 293.180009573994
291.333200904932 290.682994080656 290.722811376244 290.876837632348 291.121648947903 290.75530067793 290.950335564565 290.997373720752 290.944520400976 291.04029134489
287.868239795001 287.441212914932 287.240517460835 287.487237098132 287.589000019465 287.712930477448 287.441641888424 287.494583084646 287.432210472944 287.334783341915
284.132615927747 283.546327887094 283.160482573781 283.461622281374 283.69000152381 283.528466152608 283.777039449735 283.805230019156 283.599537409801 283.628935324231
280.593208566311 280.912205378551 280.521439673427 280.571993970845 281.069173884253 280.387309066271 280.755858469348 280.905834038043 280.446675485398 280.671837304458
279.570038197322 278.490380837265 279.053297454026 279.285643289957 279.973032580352 279.261625197801 279.547672713612 278.588433218748 279.406982261343 279.055364575224
279.977356010278 280.05923121945 279.446343264215 279.592892675923 280.075047303003 279.587767910393 280.102609750903 279.657859345905 279.364934724904 279.283017134098
281.860628850207 281.934040212038 281.601968436706 281.712743787967 282.375310151631 281.41949702449 282.197406927648 282.39277903419 281.753893309738 281.661235461315
285.018761277556 284.852583002341 285.064233148371 285.039575636537 285.15676795248 284.678377958457 284.766871343972 285.393990263529 284.934203338086 285.185746826647
288.978534671401 288.783443346631 288.917557545995 288.959681626414 288.900869072327 288.894595343224 288.840474693486 288.7914396555 289.03471781161 288.969887386837
292.582255010287 292.189505164088 292.348239866774 292.372084121421 292.485824185589 292.338812468956 292.364352976343 292.222664317132 292.375500894846 292.441930124379
293.75226928729 293.609295347389 293.829619008601 293.828728321715 293.913515856619 293.718565576516 294.026312017063 293.552953157835 293.709829354332 293.989530622043
293.243114824173 293.193652968001 293.222387982486 293.283322497777 293.541543607268 293.241087551658 293.636791781556 293.01108549679 293.357741332973 293.5236282981
290.946977268524 290.938773199805 291.168981875 291.096963517944 291.256256630671 290.922112682845 291.140912578277 291.020894313782 291.088536679778 291.269474360271
287.597470385843 287.350249405774 287.666444702308 287.516357035184 287.785372530536 287.255986195534 287.726726938625 287.214263989641 287.424076610728 287.68579215396
283.326481108863 283.668557180236 283.592863412361 283.679889876814 283.889101936266 283.550330395001 283.581329442147 283.701718356224 283.565627458521 284.030535932527
280.666676813319 280.578576517744 280.842225103879 280.837752277676 280.809955452412 280.350891849774 280.71754339835 280.199084218382 280.7085403538 280.55788764526
279.217581656914 279.410005632371 279.312550115634 279.194398669969 279.591029419329 279.142871844144 279.944457565801 278.686353140534 280.017416109107 279.176022034568
279.321136921848 279.796888681178 280.103673321654 279.905219582674 279.882891353904 279.75180344986 280.378732218207 279.563574086397 279.76551190089 279.690882053793
281.503251976239 281.905435118869 281.993497370303 282.06854234704 282.272659106721 281.790241895581 282.351445223634 282.04628992737 281.931176473502 281.489907103531
284.512836283452 285.279519313363 284.839352451449 285.414332745204 285.099704336375 285.168376325103 285.67790769279 285.021441543344 285.080090822348 285.441847851335
288.550267708502 289.003418210536 288.518967054707 288.833389088023 289.105298630791 288.931522022843 289.650920811765 288.835381406148 288.982922074889 289.188918768765
292.307770259249 292.437681454917 292.359800861894 292.386227825575 292.771166754519 292.353637882706 292.865523526524 292.319828117596 292.530975095117 292.555162251186
293.888803716875 293.861111112074 293.827410535309 293.70835055559 293.913123667076 293.824900675475 294.224130452084 293.962755272875 293.788768763515 294.112801477804
293.326640459938 293.352791368389 293.405662654075 293.451303793333 293.429281901949 293.310750512299 293.776075262804 293.578678647952 293.448853311964 293.752890111516
291.17987323158 291.011764185672 291.186285567472 291.320058054688 291.250518111959 291.044797069042 291.265434958004 291.338128530576 291.265938795732 291.455538517169
287.354550736746 287.624618313242 287.769396143552 287.871455696189 287.549262698768 287.447873688698 287.664128712003 287.750622307859 287.71525908632 287.940240986323
283.623513961695 284.198854014442 283.814690585425 284.057142217113 283.853027389423 283.803920962384 283.892148486216 283.835377474596 283.744135493841 284.096042108635
280.56441968468 280.849407624763 280.706331427894 280.775442761792 280.767275471071 280.794525299219 280.828450788488 280.760152101317 280.461706943258 281.587680500244
279.22436061045 279.82106004441 279.65526285227 279.005974599903 279.079614881375 279.451811349749 279.321840330787 279.430693473645 279.371658285408 279.74219530513
279.996307647498 279.664366360723 280.311599310957 280.093889629717 280.05060840136 279.728836649307 279.858211608237 280.104725035403 280.220695266065 280.671932633498
281.350444715211 281.797244751784 282.148533664494 282.153679445854 281.933135377547 281.846862712826 281.936454386781 281.719360734787 281.83686252711 282.065448674003
284.686127702574 285.050324140584 285.231319179192 285.129480366698 284.732755009911 285.154312571174 284.871081524001 285.030905312993 284.981419603871 285.239568236249
288.855803326891 288.69669621464 289.59917630809 289.19031147532 288.718772971153 289.088080279573 288.545002860426 288.774501523145 288.942706171037 289.2437880658
292.414927316135 292.234112240438 292.672798512701 292.727505983652 292.157655917473 292.595484719317 292.117745963291 292.374985213024 292.379721140436 292.722976146512
293.840507677572 293.880784220884 293.995352995345 294.11753170029 293.755972842028 293.965036782731 293.632319547003 294.06025022077 293.666316686314 294.277257264925
293.422489995596 293.557197826777 293.863097044225 293.825031807571 293.501978877963 293.537062700649 293.181108689367 293.579655485877 293.247837470174 294.006426672951
291.265822021484 291.219426406853 291.467231164476 291.515506447178 291.070850903544 291.232641050565 291.079017302604 291.109385097166 291.111340722126 291.730780723842
287.676402422367 287.799024773239 287.875386591316 288.037315788358 287.639453753763 287.983262327802 287.512836767787 287.306577148123 287.679286276106 288.129376895896
283.904455337908 283.846520229393 283.853922812471 284.078268344994 283.790879821618 284.040005304342 283.844183273747 283.496393178352 283.875110476186 284.170964300871
280.344673222069 280.945254395325 280.958634127435 280.914880197556 280.707239910613 281.149419524518 280.444951828039 280.211053774763 280.891198339712 280.885004773129
279.523854374369 279.688369775983 279.663979216127 279.869387486549 279.235229763651 279.336429654488 279.650917766898 279.034715567476 279.307105592646 279.767831382602
279.967958228274 280.235137702691 280.48605061023 280.4526200366 280.158317709137 280.273835850389 279.989574660455 279.121818529976 280.148735514787 280.288685928669
282.212765450401 281.881685722978 282.419538777651 282.080802336831 282.241810578488 282.030805274449 281.743154827629 282.003467999404 281.826982625334 281.887707911162
285.495900670099 285.057971438037 285.494365028263 285.933074931842 284.897730683467 285.370635256945 285.356704588064 285.06900196371 285.133035255008 285.612105104232
289.122811474386 288.889223965242 289.118474844032 289.17379823152 288.740671073909 289.444711673711 288.626782957356 288.958378633842 288.773124116754 289.436137625723
292.522026021687 292.276309368662 292.534524029681 292.587611574967 292.397513863086 292.857837349111 292.298925959714 292.39864191144 292.396214560417 292.895886424304
293.945810848191 293.963098017587 294.069116982765 294.129913527377 293.929386532777 294.129972979775 293.992165128978 293.980068029356 293.964251221707 294.130862114488
293.335621977943 293.313706040882 293.564996388783 293.615402149189 293.368827302819 293.570998612979 293.47497923207 293.416757181936 293.583139771241 293.644664802943
290.960481541057 291.009987774976 291.315979093152 291.150920093215 291.204442099601 291.273494963435 291.320119832359 291.064865876711 291.379947463058 291.254488987989
287.865757551785 287.494832575267 287.658887699899 287.920593757031 287.575019497746 287.452070196874 287.514060168606 287.657880753881 287.734376876139 287.829687575379
284.124398868048 283.62896159069 283.70483448452 284.163715220474 283.580320693966 283.634493378612 283.955524657253 283.536906050641 283.770086397675 283.909467611889
281.219481352187 280.353332282561 280.980689881942 281.257562077039 280.834674086251 280.792159557005 280.984487773943 280.568039941146 281.09574621769 281.29368483175
279.285882813841 279.343152225757 279.135012306158 279.254175736324 279.050859698529 279.32193655525 279.60150403423 279.391650968275 279.66306442099 279.559903608338
280.152623082718 279.889366105608 279.753782943324 280.105827155127 280.151705279626 279.744012075313 280.08164230314 279.681737124444 279.860929870209 279.520372457923
281.807324832242 281.655117128504 281.899160791715 282.015231458228 282.230578361303 281.663838704237 282.203404245149 281.813466739046 282.244740364899 281.994742753496
285.124288597532 285.199992344184 284.92420358191 285.088946389577 285.232508859212 284.985542346383 285.053836302207 285.028045970294 285.258034144018 285.094254823397
288.925019542895 288.951703991589 288.876914085143 289.165738918934 289.142288580201 288.671862987528 289.004379094544 289.156439598303 289.318392619879 288.989593083687
292.539664972575 292.521929913282 292.385031238297 292.498341258608 292.628940368938 292.35518110705 292.549661188444 292.465488089086 292.675847224464 292.451681669292
294.204275746525 293.861648497761 293.833802087059 293.862693621436 294.111668708731 293.692388551944 294.060957612772 293.874249318772 294.180878119713 293.8618270196
293.636540672934 293.665933064234 293.394000331149 293.455794883947 293.634072402986 293.358518372285 293.608241702963 293.54585499249 293.89418120903 293.331315606686
291.31128532014 291.333191072882 291.024105651693 291.286879737019 291.36620443779 291.050515838295 291.409915398936 291.27142934689 291.875894546987 291.083236152986
287.839540778306 287.841293680109 287.56515648517 287.54440410773 287.804005881551 287.611172501293 287.492060954285 287.922894327961 288.189507569724 287.693246166053
283.908557815422 283.809139036922 283.380813934674 283.675410959405 284.260293029694 283.858815015443 283.473928522811 284.05909876161 284.476361884994 283.841662524359
280.86537567687 280.896872264416 280.809053824561 280.329043616052 281.076371041596 280.90289054008 280.408232649047 280.820651761829 281.444464520453 281.055330770813
279.28747282904 279.661358300198 279.115019826782 279.325312213115 279.735596314894 278.859370327956 279.435677954482 279.509449984396 279.971498310007 279.489850462129
279.795930522422 280.298268983229 279.562584273988 279.680612851914 280.554815707843 279.505876776307 279.536172562175 279.850914496685 280.358890583513 280.004584905255
281.786914107152 282.368065034323 281.561781046502 281.747484433715 282.460309488762 281.340395570447 281.783846365102 282.217616560624 282.217450946367 282.055043187854
285.393283395657 285.28648113169 284.867741986041 285.097963439434 285.12566385377 284.984606850404 284.847478679692 285.396547154988 285.261008889167 285.205501668948
289.127562008997 288.77726986906 288.780028926614 289.033930917569 288.942596484176 288.646576450115 288.646409462726 289.044503626834 289.003522711029 288.765927799119
292.576775415455 292.346839859185 292.282521863228 292.404750628576 292.618261029285 292.482237682429 292.428177673918 292.553419302537 292.552243822614 292.541351034605
293.921715058315 294.081208677082 293.764453367338 293.726679415849 293.99585244265 293.902037085417 293.854460411593 294.035178436309 294.015410263313 293.968559439023
293.386046261964 293.749871145892 293.40843822913 293.417454894927 293.359565300081 293.365086099656 293.292531124446 293.49447627554 293.620530013665 293.597524757326
291.22381659336 291.280286303854 291.132343103736 291.204243896366 291.184836877329 291.004481515158 291.000277135328 291.202326232068 291.4362054415 291.31348836124
287.612635849954 287.747519454303 287.869876775206 287.91882344349 287.348643303615 287.623505036341 287.686791561931 287.587102903998 287.827163275466 287.861017824453
283.571744738619 283.934873255622 283.725168293518 283.937573902794 283.281882542738 283.571136814909 283.512567838888 283.955193485298 283.808826667274 284.080912021142
280.956410813737 281.347895328977 280.515642727268 280.85928801827 280.9348142105 280.52703650655 280.355906243418 280.198803732279 280.902539450362 280.846262653708
280.89309944642 281.328674548318 281.15339970356 280.81994441214 281.103109242158 280.913334137301 280.743974156009 281.062522499353 281.082682390871 281.192795356443
281.714074051951 281.861820614019 281.674547014084 281.527154513553 281.736667717959 281.40144690246 281.829876751952 281.421678743913 281.086362777806 281.700086859413
283.531417738327 283.184159335243 283.552184738726 283.517021844828 283.457104548842 283.291796903165 283.727810199914 283.602195278297 283.116445093835 283.377887776616
286.560790087921 286.376483267612 286.757857916277 286.40497665129 286.27979074188 286.229099484034 286.467215426882 286.514833810288 285.880279557288 286.228134701511
290.298912022755 290.252145224471 290.336087061326 290.044468171953 290.009992758092 290.177598299315 290.13290472662 290.245766075205 290.035805454434 290.022061762226
293.738008063619 293.711275307935 293.504602468474 293.348509282248 293.59405441068 293.566322132293 293.676521250987 293.683017740485 293.568729061674 293.601651020074
295.150268059059 294.961992873627 295.058611763308 294.947156251405 294.932957790011 295.250084592951 295.083285148539 295.031459778168 295.091474403056 295.110240871038
294.603011477947 294.50854732452 294.759460798643 294.6158567012 294.525794023263 294.568378146442 294.730037177586 294.75796325994 294.512638974504 294.657588177437
292.407217118928 292.346448396063 292.322298923684 292.467863006535 292.458643103744 292.508844474162 292.598040132463 292.565408115289 292.212111105576 292.284559148901
289.195435390629 288.990734255031 289.011278696707 289.331071873184 289.125689466459 289.113619683719 289.082425417394 289.232719379676 288.919805061639 288.869374605985
285.268243398119 285.277538503777 285.171981314525 285.012772255877 285.372093634875 285.309437928029 285.464967599921 285.417932264596 285.257885359512 285.038610076183
282.457813510361 282.472103514612 282.268652768698 282.347705029971 282.589833836051 282.818706146221 282.519573975864 282.461770396263 282.358012400745 282.146986633039
280.982622780697 280.763625355159 280.856545199474 281.345131566015 281.620170971029 280.797396934879 281.552489849238 281.259368193504 280.514021677453 280.970759673025
281.742159708876 281.482915572075 281.440807261316 281.840658043433 281.992015886546 281.479597210669 281.871855651562 281.774267879755 281.604777018064 280.859030659565
283.393099942115 283.675195562311 283.165534641525 283.708704098762 283.70521342404 283.824409879516 283.138903052059 283.437871833537 283.495755559653 282.811643085934
286.828014473187 286.507062350423 286.230246421315 286.304150433708 286.397308795353 286.830152631616 286.350255610921 286.750508691179 286.570433162184 285.899939733484
290.373782182354 290.344875325228 289.96563745063 290.045590648156 289.957367516462 290.261966311273 290.201244964801 290.32320604702 290.042932787825 289.965844828229
293.332302962639 293.442446453254 293.397921513907 293.525713993301 293.433343228515 293.561144524595 293.502113061687 293.593088010817 293.228837712513 293.478517317683
294.829668474708 294.853380980507 294.549485852303 294.984121427414 294.972988589305 294.832906233246 294.882214897308 295.080429899806 294.761249754985 294.352283752141
294.443506802656 294.371382719885 294.013510525416 294.3169440908 294.389375658304 294.51832030092 294.191574353689 294.655678659378 294.324151585304 294.161551797768
292.085780571186 292.00258390248 291.849954815112 292.112604537717 292.033896088611 292.252153466159 291.906865879958 292.495039546781 292.019343041625 292.018724908396
288.865402998145 288.485391967816 288.611926495008 288.565275835126 288.744104916397 288.832923373042 288.589603643084 288.959497420914 288.748595167412 288.27870673637
285.21788782325 284.806445491356 284.548557123169 284.239568587183 284.924704677221 285.076787116394 284.726608437354 285.204622863568 284.864023219697 284.676948984746
281.907692945118 281.86226094077 281.590965311206 281.572516957801 281.927313133049 281.681412697809 281.769635422512 282.385743778756 281.887408182963 281.507383951229
280.809613246955 280.405187259395 279.852410860556 280.260679407338 280.92679499682 280.239211655299 280.304733449872 280.829223300482 280.775800438345 280.259886288747
280.623262825749 280.673953872177 280.124878299943 280.560170891368 280.834258938385 280.479772778461 280.344570478835 280.530784156761 280.758057614345 280.661492959883
282.765407310249 282.796673315813 281.992495805771 282.760991469848 282.969734875675 282.627017716067 282.289822092037 282.675509995387 282.331377600138 282.121970196034
285.634706606313 285.568176305654 285.567267584323 285.686611362333 286.053912263843 285.41253941592 285.470638917349 286.009815231373 285.493003812158 285.578012734853
289.305124262195 289.314163433762 289.213209305809 289.08511310988 289.578691921504 288.974022094434 289.128311480819 289.504286149042 289.221608395671 289.18804908239
292.403158444773 292.590966468222 292.393417326692 292.461377302748 292.847614639578 292.36757462208 292.43269741239 292.735656922267 292.400323618096 292.518330597935
293.754591850116 293.987939736223 293.780824968412 293.923841681096 294.09329014607 293.816632224719 294.110135523836 294.11775597455 293.883415342528 293.827384317854
293.266517077735 293.555991928294 293.286913342228 293.398245452681 293.602677649096 293.45116349637 293.387179770823 293.563330075 293.671701090834 293.24352237018
291.129157462153 291.277041102842 291.083023606269 291.20137598059 291.123864399717 291.166167263879 291.134181736641 291.408695519847 291.366417309492 290.886877161729
287.657874747841 287.962502338369 287.580373510903 287.833552562422 288.099600595953 287.92388832095 287.730164827611 287.950550596075 288.075226187915 287.471172333552
284.098037683699 284.071459799595 283.742808179296 283.965099528783 284.332704848535 283.923545783229 283.694960792971 284.452741540293 284.201197884098 283.584781666606
281.203977366259 280.720585473454 280.707552532151 281.176270001614 281.314910317344 280.640760262706 280.806942904348 281.331844257005 281.140786092065 280.916061827007
279.734882265637 279.210779878311 279.202184252044 279.721122151442 279.910858155427 279.859368412495 279.513799273007 279.757464831069 279.906523892591 279.378915657691
280.32391429665 279.789271376027 280.124623439426 279.93982037755 280.111251481775 280.664931405972 280.071080914477 280.376187549546 280.632458546575 279.880963900182
282.170257405397 281.644182559478 282.073246957444 281.798666697081 282.366753299278 282.706177736954 282.063758579276 282.62663528547 282.161501584834 281.890629220258
285.318935994989 285.092464356708 285.380923621699 285.114372018906 285.355947340969 285.270799463049 284.904416930223 285.172981965064 285.516585044463 285.037072989931
288.698608921098 289.111901310053 289.113236933153 288.997630391968 288.96585735598 289.201695891487 288.636866131355 288.78925989446 289.366796566678 288.793175366687
292.403075785471 292.510518762457 292.579546778402 292.648296639842 292.406225139651 292.516475735673 292.249366547927 292.406198439738 292.683152836846 292.550655170461
294.042834496402 294.025914038753 294.112456611347 294.111629306209 293.815014898414 294.090918408429 293.731334361192 293.790164081252 293.971963916372 294.155470338723
293.738918434622 293.632757646039 293.900070107002 293.567433408039 293.450497560781 293.677878262351 293.293312878334 293.296612298018 293.505167357053 293.753560410383
291.398694566355 291.473875565283 291.609441494518 291.478804297677 291.031297189348 291.355632395672 291.100705668751 290.891257836182 291.329551715563 291.296554810471
287.883447850509 287.616137108921 288.255107542708 288.15017624502 287.580559677901 288.097270036359 287.637078993074 287.517194250177 288.046977055197 287.975249571374
283.704803244349 283.785060697738 284.462875254848 283.972600903312 283.908421167953 284.317877870113 283.632303633002 283.736444893347 284.149051472227 283.913551401922
281.074913041264 280.708319038632 281.055795817902 281.31786030518 280.697131131077 281.116271936188 281.04311463415 280.967847885665 281.035589376053 280.767190186424
279.681011576988 279.941387741615 279.942259193224 280.053527425774 279.281251330473 279.380529359754 279.089995959492 279.562074893197 279.854148091506 279.7597658856
280.456084291829 280.24692505703 279.960633110557 280.745843956253 280.379196703385 279.799574709604 279.44752427848 279.458865189807 280.369880073913 280.400608937578
282.444380517696 281.725319606291 282.336515371378 282.633486102066 281.714196353856 281.765378757699 281.353548208506 281.869530517651 282.186958704866 282.005830182576
285.617080285856 285.385461681462 285.607167086405 285.771488362331 285.346677313345 284.915728121649 284.875109108473 284.921538317767 284.969223841859 285.508566603754
289.569885379786 289.100762093949 289.284027958354 289.558017012847 288.981035245306 289.007487635184 288.843767944995 288.973459818713 288.621513957931 289.376939886665
292.871938228675 292.674808222305 292.809676506512 292.956871335633 292.579092097226 292.408144576546 292.525102504358 292.559559643257 292.178645843797 292.727449352439
294.191406372171 294.087433580778 294.205222546823 294.352058942391 294.079393194433 293.954496988282 293.969526486773 294.012819391102 293.78909039028 294.155405127904
293.801405567194 293.42026048388 293.988728399957 293.937939887986 293.648225185965 293.630838889152 293.571075646627 293.569997609431 293.438423477228 293.616526848436
291.556731461439 291.421493827717 291.758787626004 291.655619794465 291.242145355383 291.385114179692 291.557279082776 291.278932511996 291.050300330603 291.432417253385
287.800489699101 287.881577189631 288.163806766773 287.867199737032 287.880805170609 287.769350676035 287.834661267431 287.688574271374 287.80082357347 288.049040645779
283.955088030184 284.179289419806 284.171630718236 283.968224118406 284.180505522481 284.114618069852 284.004281841624 283.913961938742 283.967740814993 284.197624406156
281.348628812231 280.665377746526 281.325219073632 281.246958804956 281.398431096868 281.176761132269 280.501781901027 280.698309403799 280.783838494598 281.10140515024
279.796384096362 279.439731730991 280.379776958812 279.620444684041 279.665161319176 279.320289190691 279.257369461878 279.364952945169 279.60734420966 279.956568110682
280.279516290871 280.004622262555 280.31429445144 279.900669231867 280.383873539178 279.861307635739 279.958986168873 280.246917905931 280.166058195936 280.489410385835
281.738239608206 281.671232092612 282.392138270877 282.052796991624 282.225085286272 281.753935112253 282.258732915742 281.93488808681 282.088338236465 282.381111574695
285.371190797062 285.184249043106 285.231625763823 285.096491374851 285.503412728388 284.743770393646 285.207971056022 284.952335897886 285.215513680252 284.793810681275
289.210411706338 289.151635190413 289.555496728286 288.925306101311 289.430140741359 289.082099337769 289.376272326461 288.907158869005 289.26781416353 288.923965372458
292.675720314826 292.630690715469 292.875038995245 292.396844031939 292.634926887493 292.77097845945 292.765872681758 292.543989221242 292.634723062608 292.6229194253
294.059784099336 294.008950256076 294.434084394196 293.857916787768 294.226815159881 294.103806404703 294.050465273191 294.021619530735 294.187773736795 293.957246452042
293.380588100038 293.638871989316 294.098877271685 293.397834773865 293.694734469677 293.84051722602 293.547599397092 293.628953268797 293.896227444121 293.646440173874
291.186038799876 291.402655048337 291.709347395978 291.167481032359 291.474540146406 291.430810813179 291.278789978778 291.384715345564 291.643077716516 291.370939036031
287.691660140207 287.874694344042 288.184833724526 287.835053496892 287.550367947807 288.045890173465 287.768397774689 287.898592606533 288.333277684401 287.963997777206
283.629000348591 284.151585173674 284.385107193134 283.892948169098 284.048495616799 283.759783402269 283.716866258506 283.972985286659 284.261437662361 284.18677595957
280.672341999698 281.247169745805 281.746889797368 280.98528353005 280.811830705692 281.254708471672 280.836164505952 281.189305879206 280.943112735627 281.257710479553
279.341393601063 279.440416792771 279.749841954356 279.498633445732 279.925492524618 279.790893222525 279.56895088467 279.650754851791 279.855264299723 279.36169544136
279.723857000381 279.648344583977 280.291557648703 279.864368414622 280.306713908329 279.745422752996 279.743666455057 280.334492855629 280.250211968142 279.701675527955
281.969088688145 282.011818959485 282.23165495016 282.060193506298 281.987617209511 282.373168068941 282.116094787569 282.585648093147 282.328336943206 281.887745178541
285.131585196755 285.324324527379 285.149388691251 285.401221674904 285.149066140142 285.399197516946 285.369237804086 285.106616091035 285.349901393246 285.076260468642
288.834773773151 289.382669686203 289.312280454368 289.131634563184 288.829685600646 289.305652759793 289.098607794434 288.854916167621 289.491306592687 289.18215986052
292.37725293085 292.775502484946 292.583438320097 292.614903695129 292.699661149939 292.75619079622 292.632740327894 292.531509665046 292.9310853456 292.703327170962
294.068426506174 294.094071702517 293.889629502748 293.944601580105 294.292847986322 293.958070345766 294.090963529335 294.10469428097 294.459755303461 294.037287125828
293.515871100855 293.72314398334 293.567868928377 293.614014347529 293.794586052914 293.419650966167 293.535148655678 293.65010851357 293.918810068506 293.56458179984
290.993281475378 291.440351766679 291.348447459089 291.358448957685 291.587016508861 291.01509660215 291.172813037547 291.60090077821 291.74789145355 291.181473366278
287.406071984682 287.928354240334 287.638573469473 288.005686362319 288.113955060562 287.257340717995 287.565641251427 288.242423726335 288.234811447364 287.879867154057
283.650476576117 284.082081088748 283.992951965077 284.309407988833 283.824676058384 283.645725771761 283.639701748582 284.443019650311 284.245712355782 283.952238988164
281.021831458985 280.893265270266 280.985716024428 281.129495578813 281.292191577448 280.555708777281 281.129341126398 280.97440608518 280.91327679881 280.818352790161
279.780724865061 279.314683813504 279.533047810089 279.358921905776 279.48367755329 278.689948705989 279.803453327349 279.997406648707 280.031507554914 279.148304741944
279.388961262815 279.879753847234 280.218698978613 279.84421589762 280.289398054566 279.295156720016 279.90069253096 280.211681079835 280.150753063642 280.032977408971
281.721377666242 282.340234171496 281.926935423594 282.082955619077 282.018596027229 281.710263377322 281.450507489318 282.413331277442 281.977735463633 281.665554993669
285.079297129133 285.161831971511 285.121291918274 285.682532846395 285.506817923687 285.339877083517 284.979317414679 285.560120068309 285.244559608396 284.937528703608
288.902999033023 289.122917809511 289.441510650957 289.540423467082 289.29430888081 289.295730484248 289.184667827272 289.556846902486 289.417363301477 288.870239383724
292.37837047648 292.55113297399 292.742029251811 292.71395323044 292.811006099484 292.730445270765 292.731285632014 292.919732217109 292.990219159692 292.357757577515
294.096369315736 294.105975007506 294.326331164552 294.195204125022 294.218195340947 294.083285257909 294.11736865775 294.174050856877 294.260421350231 293.981762562053
293.597424007431 293.790899476463 293.699759800326 293.834352534351 293.795941979723 293.630917350552 293.672854445556 293.622275647019 293.8768837923 293.593688019613
291.358435999498 291.480370454265 291.291405005465 291.506427234602 291.469840632266 291.518996736851 291.334520213112 291.340042289823 291.516893298517 291.210914426427
287.663408162498 288.139048459986 287.735829529197 288.180336509759 287.942707559372 287.743645950157 287.921322846859 287.742932737004 287.668641654014 287.839871590507
283.997582402027 284.311079857259 284.131399660672 284.541629226475 284.073882535237 284.259217392037 283.731641718711 283.930862612705 283.874084858253 283.888600366293
280.700108256873 280.763680396856 280.941485024973 281.334074739408 281.377293346228 281.190526249226 281.256292443724 281.188589040372 281.015767546662 281.063159601808
279.722892740856 279.724632802345 279.438447461132 279.422399066253 280.07546775875 279.370237685657 280.291158254155 280.276294199061 279.774062156264 279.758672280643
279.675674086129 279.971962392428 279.984898165702 279.905658521147 280.219084108817 279.418065420064 280.27418663127 280.093632320549 279.743211378473 280.065911546754
282.089132283881 282.210731979386 281.993218758718 282.300602505758 282.204212121395 281.751902567157 282.560904836088 281.743210251778 282.042309348288 282.115752279863
285.447005190286 285.573925493345 285.182483124457 285.460867753968 285.501545043814 284.969413043828 285.10499162004 285.209953903165 285.516270482826 285.584450230917
289.454834629032 289.498143974763 288.973884729614 289.130425225115 289.068358618512 288.948690798646 288.967819503781 289.332368767955 288.999875297203 289.249874375322
292.671736144746 292.963969987801 292.590031327857 292.567922599655 292.615137122183 292.425362278999 292.538082349167 292.650255059761 292.62123664988 292.645151410393
294.133280410415 294.284879824526 294.211442920704 294.020509576101 294.043016469671 293.916458503227 294.065591301046 294.054674863507 294.070233352181 294.221981437919
293.748439188733 294.050598950198 293.890885881707 293.807738879845 293.739946760252 293.486667981239 293.750301633159 293.55653750975 293.676664956014 293.765488557737
291.423453219881 291.899180254126 291.384925416109 291.452938599752 291.292937465931 291.29087736795 291.479018017799 291.202627658056 291.514806050201 291.463880415881
287.842045543759 288.432256857214 287.940280789634 288.093126040748 287.76018725489 287.914409557219 287.955624413096 287.461635531371 287.94260225124 288.016540647436
283.749184534303 284.389450126387 283.872871474243 284.022449358055 283.873701302188 283.883762338173 284.035660129956 283.636031467507 284.049530301924 284.045192659318
280.805472825542 281.37077398153 281.274133141937 281.180669091207 280.848163411785 280.831763710414 281.079793280554 280.716305945269 280.947729551099 281.248797410526
279.489585993857 279.889090687297 279.578408614128 280.204083315657 279.144545455092 279.531433510104 279.754750751494 278.727137174555 279.19172421704 279.520462614841
280.062127719898 280.531611800291 280.183257512197 279.900022390044 279.922204345812 280.345806268978 280.176844180853 279.45763979193 280.118511834278 280.094395286107
281.988944159893 282.087930099442 281.921247401989 282.178956032467 281.702777769042 282.054855900036 281.9804270801 281.851563995462 281.699153105465 282.243757051378
285.112827792303 285.382116964604 285.124533727338 285.33254450044 284.849321939654 285.171489375308 284.957564977785 285.134217039 285.155825377885 285.148349343994
288.918927349722 289.407518631351 289.135253398113 289.189240040078 288.778635256587 288.985781487281 288.927807242297 288.661211988844 289.271615426727 288.931743231756
292.599712172076 292.686165015363 292.792312705071 292.609022388789 292.466434770006 292.564611638446 292.362798838158 292.384957118738 292.673218110439 292.616047427792
294.165374910288 294.107334327759 294.105542688234 294.022595224849 294.064270983491 294.263072889172 294.005506261088 294.220635356234 294.212034625469 294.083176336725
293.743515980778 293.860268660606 293.390162136445 293.707829988684 293.463315134999 293.766661766183 293.599607734479 293.798980644547 293.664859683346 293.47975622144
291.413668073004 291.499819751385 291.510409480541 291.695195714807 291.148447339663 291.421531293464 291.390512829311 291.453582957056 291.445804482487 291.232878763795
287.979177553898 288.021268801409 288.235282426963 288.231664365975 287.724049992475 287.713740187073 287.909014743894 288.05926834156 287.957673607973 287.519319462455
283.905228516323 284.239591909645 284.319293195273 284.686065199842 283.757564942958 283.889610259761 284.059020874847 284.459839605387 284.101456560308 284.009215333691
280.440648977007 281.160856781941 281.207652585312 281.378897399261 280.747896675178 281.186450406764 280.996598702482 281.368572265058 281.504522676366 280.895465668165
281.222058600083 281.128382269854 281.182917707754 280.978553771715 280.756475791581 280.965710388136 281.327146010757 280.983435125682 281.038149654729 280.963982676974
281.540806924387 281.526994028252 281.618554314573 281.982138671158 281.39348369871 281.835266304797 281.929363991623 281.970990616386 281.755834120572 281.70129716519
283.503819683624 283.539747711575 283.589340280234 283.907831111946 283.558452408876 283.263701214186 283.726190504539 283.406902507296 283.005043878655 283.194028033215
286.824252333538 286.816539278573 286.875463833202 287.049967574858 286.685013329844 286.574555808233 287.169309258069 286.714601869513 286.085177711495 286.184749362558
290.472574652009 290.19397740121 290.614472464855 290.768487484459 290.291415343694 290.347953283712 290.276782977882 290.388796677652 290.186498244972 290.268162698661
293.867383126754 293.545016457965 293.797529992946 294.060349147355 293.875640801763 293.627650376536 293.660082683131 293.702324745954 293.686896082151 293.615574679413
295.280523409083 295.170186284875 295.28901474689 295.468659788104 295.210482892425 295.087579024349 295.267806869663 295.065979165168 295.153025285612 295.242702157089
294.687491413978 294.75656356791 294.844321612957 294.976641235865 294.815724542463 294.691850885377 294.835482139383 294.758020551165 294.588271963472 294.669978077175
292.364310554849 292.729958969584 292.437496030772 292.576025444999 292.318832040442 292.504813705355 292.558262386107 292.611105644293 292.465122606916 292.484869124946
288.890566005036 289.201083635809 288.926367492665 289.316825064401 289.265725515189 289.063602253039 289.255263222054 289.136942150683 288.867616557331 289.177281519663
285.252482476647 285.493064066766 285.391050766973 285.325417078353 285.658026537889 285.172735331196 285.321616746576 285.684008780336 285.194337872535 285.205860384664
282.060018071492 282.338453555036 282.600443003674 282.584663202271 282.365185621362 282.246182766144 282.644718199826 282.726198252982 282.41105016357 282.146897216404
280.952243138165 281.149342017408 281.399137145984 281.345533024394 281.231500043407 281.169044665148 280.795894243722 281.293992498157 281.051596394381 280.959713381828
282.08416952101 281.523818679174 281.641873382022 281.626449179407 281.252886566516 281.566958016894 281.470305628858 281.670449099167 282.041597322149 281.649171102833
283.441123462156 283.536985398488 283.648501386115 283.560360245699 283.821148399947 283.474947989805 283.660634368836 283.349809787028 283.530957449086 283.354203422196
286.509677655917 286.832329767187 286.722006965026 286.697102760345 286.909479943409 286.462908488631 286.927483403762 286.700901371389 286.452550066363 286.600044005208
290.478032635016 290.276404991536 290.306640919928 290.327953816062 290.590377461308 290.387048185173 290.454542267415 290.211968383694 290.208671122903 290.457592643966
293.565823386297 293.593842631853 293.68621711413 293.5722897918 293.77938981979 293.480496776848 293.707564592867 293.551344880933 293.634063564493 293.701581734893
295.013542313044 295.092522238621 295.090668173377 295.014317648626 295.202907623291 294.820790160262 295.116413461297 295.070642667645 295.334089544811 295.01261039827
294.718308278356 294.681414960932 294.61185282906 294.793906824192 294.745735832515 294.509778286775 294.779108867218 294.632634099938 294.834185730269 294.722310381843
292.315764190805 292.516423436565 292.621543344432 292.346716895375 292.338864074661 292.391799296234 292.400576009808 292.442380337877 292.4857269731 292.500962195544
288.976432425695 289.369074218742 289.004457260393 289.029911750817 289.073200935212 288.713248435981 289.101494915899 289.301818361699 289.194553764858 288.844144924583
285.553274683993 285.708649086662 285.344144444685 285.489335721651 285.43087389143 285.537890491836 285.304243996263 285.750297910085 285.276961349121 285.334167700839
282.867385949955 282.729149913003 282.461149115451 282.649358098422 282.23377988971 282.33188803687 282.743970863797 282.45256167584 281.984546283263 282.335086889382
280.934784413199 281.144597254917 280.59187584159 281.442929897732 281.183605960939 280.97990907923 280.924831860845 281.511132985269 280.958251030959 280.820503585939
281.267315793169 281.638107564037 280.88363194658 281.591691360507 280.743969032331 281.459130593343 281.083125987064 281.888705838558 281.212528071454 281.321010562816
283.134936278054 283.612650022271 283.127616793446 283.451927512064 282.643354996156 283.232310349219 283.617768579271 283.357051065319 283.06933391355 283.410074792813
286.254523743794 286.438887085461 286.269701789582 286.172270352895 285.829743812492 286.037022406003 286.37253284851 286.40166145782 286.086523023075 286.356810147769
290.1642539403 289.864864220785 289.867706291675 290.024609435386 289.441745921757 289.878663825267 289.812805660117 290.114201905724 289.818655213814 289.98700139306
293.357246242518 293.354484825982 293.328005729497 293.361927338238 292.919345585203 293.63707180376 293.389651102007 293.515810943224 293.581953196206 293.249423337147
294.812159069656 294.962370175816 294.749039299321 294.991239971292 294.64595442009 295.227213425356 295.013698935514 295.156912499664 295.052160428307 294.687467611545
294.495889142816 294.47393470799 294.378854041829 294.684900184314 294.242569063957 294.60850621292 294.499213843777 294.977865188994 294.588541478762 294.2190009238
292.170136138935 292.334544168656 292.184554146766 292.311699900799 292.062426408051 292.277103308032 292.255321484875 292.61729523439 292.39749323334 292.226503342533
288.643146235167 288.98563059909 288.736338854951 289.169776396131 288.673364394203 288.788993729012 288.805004075213 289.384043819435 288.846027310242 288.684871038254
284.785732108537 285.425919040364 285.168415583037 285.220221211446 284.949492565214 285.014810101981 285.250354195812 285.371875122297 285.095049122377 284.850563767793
282.17644841186 281.949901264766 282.336776520719 282.158007586924 282.36705493094 282.10697664255 282.442444837535 282.754204140818 282.165312071279 281.807591978899
281.236900011057 280.611119302903 280.719337626518 280.974019918004 280.863104339521 280.842990551358 280.754514872778 280.967501653454 281.141271872972 280.430364471715
281.381304647558 280.930360271541 280.721042024343 281.096386247156 280.82556384071 281.376850749236 281.090317880137 281.388246477828 281.354899894022 280.743085223462
283.169153979972 283.192949636554 282.732776752427 282.648586806833 282.698524088049 283.163712484795 283.008549491182 283.23550356117 283.287588972646 283.116058912826
286.094597798026 286.062009483175 286.139488746187 286.154491385727 286.273251037353 286.115742512026 286.490600922573 286.291805340432 286.223568434808 286.169657182455
289.706776718698 289.7221740929 289.716237902819 290.259845129422 289.858364416898 289.706200849291 289.926771433137 289.968830740124 289.849405297173 289.952145686725
293.205350984791 293.287218084656 293.126160503674 293.677935789038 293.268126552906 293.098301500773 293.415300081748 293.383770851892 293.644797289548 293.159653461888
294.704228556254 294.655386025505 294.71943028351 294.818802817562 294.754498448801 294.763659298808 294.866995821482 294.879365694243 294.773780259703 294.694524510352
294.524172936754 294.415402218396 294.248591740016 294.499933106635 294.468662067749 294.517239188572 294.384303669215 294.520244252747 294.356845629371 294.418273345911
292.373611327576 292.54717716544 291.966536240863 292.337784965775 291.982447021815 292.29967626016 292.36685609379 292.366228237881 292.033342620644 292.235582647461
289.103509645511 289.33265477769 288.659575438706 289.073459498909 288.750673209082 288.663625359635 288.882736897829 288.890548596778 288.765511972338 288.894104725805
285.327238204467 285.341374270804 285.019551387572 285.167190318525 285.017208459351 284.961625799496 284.999212826829 284.976296355882 284.876423812661 285.078431138544
282.510690960786 282.285746983197 282.026332073627 282.231157311191 281.949210602488 282.205995133397 281.80373178975 281.789989939272 281.906818188237 282.020601922907
280.824965291243 280.869891051975 280.362042064472 281.037933594059 280.996571616421 281.399025377148 281.005972995994 280.44839192737 280.028644116184 281.079456914924
281.48907236212 281.516761081962 280.708467265533 281.436192695146 281.183123023802 280.76289571906 281.535527468605 280.953719633462 280.368430774907 281.071161693537
283.351591130117 283.402990016139 282.869020921188 282.946575398385 283.172601310035 282.958613552088 282.932479387249 282.729754043969 282.644369263515 283.207183002532
286.347078281244 286.073863315347 285.741659345007 285.969101927455 285.978557569926 286.503226355539 285.904450253994 286.094520265827 285.753695255552 286.498855197161
290.246123513248 290.025949920937 289.709767375157 289.667639554081 290.04785344772 290.170680535374 289.836131339602 289.961444163812 289.217411024897 290.293291623455
293.535266813094 293.421629053687 293.133596406377 292.881569031449 293.460713159728 293.364590791626 293.345704480362 293.26489994202 292.890787721603 293.5368027998
294.643726279771 294.717018916431 294.682487774448 294.500609379736 294.897461266313 294.703927408611 294.800091615242 294.750966782933 294.362653252027 294.970961020434
294.270848454958 294.44865325038 294.363262174999 293.946515037642 294.686865028143 294.30657645423 294.446797397922 294.298486029796 293.92244652182 294.374046743807
291.965956320261 292.225373064379 292.108673780554 291.843587192423 292.314278885128 291.890807437908 292.112540142623 291.926266162506 291.705472691418 292.214684991488
288.600451497861 288.715555412201 288.994812220725 288.412041524397 289.284442997894 288.417785864136 288.692807468402 288.546156589919 288.209016198013 288.555570346638
284.655226895048 285.116114583163 284.840882145594 284.503111446995 285.538736216334 284.658333409756 285.012186096382 284.769451353472 284.480724068703 285.088287491865
281.861601598029 281.869066620944 281.660636309022 281.284065911633 282.073824089271 281.727486281545 281.638763303801 281.901559306962 281.401039562513 281.918669699607
279.670908061448 280.583005564857 280.945298719174 280.182496146561 280.725892131702 280.389378256632 280.446330689247 280.558409054727 279.997022203757 280.331945429336
280.366619657479 280.899146721125 280.976549186183 280.271120895099 281.11730608659 280.731072185479 280.672551733047 280.789039550319 280.648157297942 280.546519271298
282.539576822244 283.231895394011 283.338768566714 282.542721374107 282.98841213551 282.956247737613 282.574362626406 282.606405085626 282.549202518774 282.628094428874
285.821233276664 285.926229058139 286.502594151174 285.676352773555 286.310819351337 286.0534960627 285.932856428906 286.053136642639 285.494370445851 286.195177372557
289.724011520698 289.422951593239 290.362211538396 289.538596328977 289.930202914435 289.72725139917 289.84181153546 289.746188490354 289.488887971479 289.975794605632
293.013486550015 292.969382954438 293.606201056697 292.980485768352 293.225876798024 292.8905100576 293.190487895779 293.120007823539 292.930915053732 293.105283839127
294.573485258104 294.582100946032 294.79573897235 294.653768516467 294.646406921624 294.431965331147 294.587345921605 294.499342733617 294.472605240877 294.508816833295
294.119596560152 294.276393909201 294.576909993403 294.147840070443 294.237659447672 294.146634648547 294.067645096311 294.066235539193 294.194745432588 294.183657003365
291.886297281128 291.893398494855 292.095095359781 291.773030188597 292.15537198125 291.991367864725 291.736063979322 291.841498191731 291.739442113446 292.016332247793
288.606298782634 288.560749872887 288.721408860434 288.287372992133 288.46498275924 288.609131660331 288.370394639067 288.304893597868 288.646617974845 288.543483372614
284.786773630632 284.838253450847 285.177537743786 284.321794201107 284.647703408271 284.940353631442 284.334276446995 284.24956785661 284.704399024417 285.225102348691
281.662064725862 281.857647646057 282.184437422342 281.729553700565 282.016945944261 282.042121987111 281.576904414888 281.35015086112 281.954013276122 282.354736178335
280.072190922106 279.775658857303 280.701056112804 280.01215878063 280.289613399545 280.190258789977 280.082177597362 279.997793206191 280.963748484208 280.83021019105
280.866756293541 280.969180952329 280.880861713169 280.630797085591 280.84869497959 280.478216308322 280.311502115551 280.64162092967 280.982397737443 280.90236979396
282.767951729264 283.000690337563 282.033518391655 282.783712722634 282.512014594044 282.70390046606 282.719131496132 282.395831197325 282.282421024395 282.629790728906
285.961549715343 285.725015620584 285.847452827775 285.820747353796 285.983710552538 285.641545866442 286.388323951367 285.562986862224 285.641291006197 285.909152307915
289.605207438118 289.579066420568 289.875289686229 289.409431619808 289.695087825787 289.585504084581 289.99772719823 289.45886264139 289.515636406193 289.821214633738
293.117744039233 293.08374947181 293.14020156164 292.938710202218 292.975650446187 293.00907567022 293.228275782531 293.037494427657 292.968368331401 293.236625003406
294.466819089454 294.445557009664 294.59488573348 294.429561647457 294.471715931321 294.406062431338 294.687705949738 294.43624174184 294.548643952329 294.731402178206
294.2708022311 293.994385006013 294.257444177291 293.98737117559 294.071081050239 294.308441889852 294.297030771133 294.158362439984 294.330626324975 294.217842011025
292.119039682212 291.962245516234 292.089640707744 291.91908127547 291.665381580077 292.009477058187 292.015825592093 291.808608758374 292.281461685551 292.145838599514
288.647684996489 288.4464968017 288.608861994706 288.49514199748 288.462947964854 288.67016964487 288.651000868081 288.492438422332 288.708567095772 289.045897183554
284.73905359435 284.712778493243 284.664368512085 284.705153668726 284.69618872517 284.502144373434 284.838238575549 284.623260021935 284.935329408556 285.278373379191
281.631212452753 281.930523498129 281.491403436179 281.524539247092 281.408967325013 281.993896205655 282.023442239461 281.517390796854 281.996543413292 282.133575316543
280.66580635219 280.565913457457 280.199530147673 280.703637583174 280.384830592419 280.164856094456 280.180274745142 280.427257192446 280.486890469173 280.604135289229
280.532005714978 280.708639844803 280.621648220747 280.347488597455 281.072890438158 280.656290979759 280.867456442703 280.445224521316 280.60483432452 281.275087829077
282.410985935176 282.545896606708 282.866342850636 282.320412352705 283.053982423361 283.17147330517 282.871682554441 282.867261390005 283.094386525705 282.910571919328
285.820391721943 285.55852212402 286.091340298364 285.661469203525 285.683924567352 286.130925490238 285.780645483274 285.746266692966 285.990272530008 285.850976914843
289.854405282337 289.239237928365 289.679616319849 289.509771597142 289.503970836327 289.487820515068 289.334249897306 289.775822931895 289.869913251073 289.875396585804
293.214135176607 292.863684132507 293.188045789054 292.923220074299 292.955339526745 293.039971450099 293.159554080153 293.318484958202 293.159367504963 293.221745446573
294.428147517875 294.618286002541 294.83007011219 294.535580493985 294.620618793071 294.419733655267 294.614546148647 294.627072170407 294.65594944033 294.498988135473
293.890709564249 294.202930084624 294.508590482436 294.166336533627 294.317511095346 293.903661956232 294.373718608318 294.331615471198 294.400655851883 294.157305949895
291.582856393145 291.653980649652 292.191928966041 291.921996428108 292.081106234281 291.805086910304 292.300538679509 292.22703633767 292.191841301279 291.572234717257
288.221129374234 288.118312149454 288.883645899532 288.406706718835 288.819562512628 288.349170502791 288.833068730855 288.607675437378 288.696484067245 288.290805219442
284.273446426875 284.523818742325 285.037403942776 284.562295960306 284.844205700456 284.612169550036 284.79027528256 285.066017521547 284.933533136131 284.844995474928
281.650731772074 281.544847426866 281.787083095233 281.606125521435 282.1114218232 281.475704096579 281.908887444313 281.748594773125 281.729327807316 281.845724706846
280.265817884765 280.638381929318 280.676499708963 279.92573708458 280.885441520821 280.190364169156 280.811907231233 280.118917381361 280.668000326619 280.191457357496
280.69541807355 280.997662610571 280.947900162849 280.181754451224 281.239164680308 280.59019869926 281.391660491002 280.961142243637 280.637925305162 280.051242881323
282.360481447624 282.855738405009 282.754081586841 282.553918790744 282.791836028151 282.673959946644 283.037052288541 283.293377241117 282.334958160789 282.275082940881
285.820905217245 286.00790848018 286.013610135255 286.023756746949 286.059443497296 286.192432162798 286.629440752652 286.561160609292 285.560119878257 285.662796916731
289.539639074796 289.784127400973 289.694262479378 289.71431840059 289.793155523464 289.753471643389 290.347864639327 289.997682969262 289.518380056532 289.349046967488
292.900857213673 293.27046369972 293.205501883286 292.904507955834 293.330689604863 293.01320577398 293.337365488554 293.275336112667 292.947147228816 292.979280819481
294.448536847081 294.771203048899 294.487661066669 294.340574885689 294.697623501254 294.641563539226 294.572931238509 294.574234481574 294.255755018115 294.369466489991
293.95209476495 294.455154142962 294.033622098182 293.68234125932 294.333971434121 294.229425746699 294.440607262397 294.011228960457 293.893945040751 293.895228395315
291.558028375561 292.259213304826 291.645861254496 291.490332501695 292.080219715905 291.973913006851 292.095911138194 291.786039898311 291.682979148686 291.732274657509
288.087737843788 288.692499111501 288.37219326649 288.142538619614 288.593872316101 288.550314912703 288.552916800614 288.227205042108 288.257783114826 288.22806118767
284.405141584892 284.860347829142 284.69001436854 284.392987748042 284.945269793572 284.419816910053 284.968605080949 284.146523077182 284.429851519398 284.237375418783
281.453689971078 281.787031868507 281.71926545735 281.70212023315 281.607731747903 281.152799461198 281.87963721448 281.795592525877 281.507499708763 281.337547342263
279.987572133042 280.234180370043 280.345374660375 280.209456529638 280.739239709426 280.211733256558 280.444109798457 280.255756049002 280.020204803119 280.026994898527
280.177268661621 281.001622313138 280.840375188638 280.286952959503 281.046386429956 280.486975699132 280.598956416292 280.524721975234 280.601734035249 280.089257257696
282.501395226822 282.840072169854 282.720804461733 282.353383985948 282.717531291991 282.612977645162 282.326877915235 282.093582020028 282.4837260879 282.499061585801
285.649420608138 285.976081674893 285.683181955797 285.790317955088 286.242074806711 285.984152779895 285.655873894844 285.645074944437 285.626741641732 285.61337224567
289.536404150653 289.589061061036 289.399188102314 289.13853118845 289.873672977238 289.769977935826 289.537965807254 289.369852459643 289.482275165994 289.302454321479
292.932175276386 292.963291103393 292.957504003232 292.924460004115 293.468759300857 293.053589353666 292.938451133571 292.968758816694 292.980043916821 292.812599817611
294.417527619612 294.594583122392 294.577058756544 294.607291860343 294.524757650102 294.469162544404 294.295923348308 294.310367797747 294.355617617268 294.385490585294
294.316568132597 294.043308354931 293.950444251707 294.428164433559 294.235865514162 293.999853654258 293.832527385642 293.763814298971 293.865534723193 293.878107465122
291.974687554913 291.701006029138 291.672484165286 292.071787783304 291.867568244182 291.793695384195 291.538662022827 291.678085164907 291.651546411439 291.536309251822
288.595078400733 288.139381716642 288.312141273035 288.698593344361 288.351794739927 288.552698039049 288.30027003718 288.267007640443 288.124651965619 287.990415346451
284.708977279745 284.362927842564 284.662019352966 284.635845651061 285.103511138631 284.756166986883 284.40891166002 284.45016540888 284.461488373037 284.497826043062
282.065443291681 281.78677023954 281.119911640401 281.728063785988 281.697177265276 281.330665226075 282.139385671857 281.332755037688 281.664633842778 281.546134658768
