285.716981413693
285.867645072732
286.589132469231
287.46676608277
288.300818425017
289.024808520522
289.237199880212
289.191241855478
288.418962050383
287.364269311341
286.303024476086
285.814948729996
285.245174917036
285.56766568113
286.036431797614
287.058048044338
288.137505917344
288.812363296199
289.139671979889
288.87160736669
288.240442493576
287.244455803267
286.219119189391
285.796558640726
285.602951954889
285.815992839851
286.457583386463
287.301794234354
288.389484483038
288.965379339191
289.163294706302
289.127628851409
288.517866985616
287.318861906743
286.43732941014
285.635875405516
285.401379100056
285.499918185817
286.330425376916
287.173780405565
288.329257086828
288.75023925365
288.978397772303
288.960215289347
288.268580877481
287.31388151228
286.156476277306
285.379909770631
285.389652755358
285.364585064243
286.20256866069
287.138522636328
288.118730400066
288.809612128646
288.979418524185
288.981536450945
288.224388374847
287.213546594811
286.227486564566
285.604352146537
285.417738770753
285.72488390387
286.299817723781
287.312217122597
288.245325384376
288.855775047941
289.095554579341
288.98476950415
288.251114676944
287.285119520439
286.277173099866
285.627659755858
285.487296086383
285.764305341675
286.211235244222
287.303217620998
288.284279860055
289.067576271818
289.4260531012
289.05434444432
288.49277574372
287.501749227574
286.405638231316
285.944878444046
285.753887912998
285.799982382363
286.546148564851
287.460946235529
288.457611611788
289.125245350088
289.293929412032
289.162632989154
288.542902026172
287.464484776645
286.250465415035
285.722542997057
285.255249415461
285.740204840013
286.328597444805
287.341544143516
288.126799960167
288.838117419293
289.247682137791
289.040375163419
288.454315206918
287.447715536019
286.274995213166
285.79945884001
285.587753950091
285.75230959215
286.7442170578
287.578757920661
288.515115787258
289.068878465525
289.410705139636
289.144250890955
288.423448985492
287.562724872948
286.563222566918
285.829251081397
285.575875155345
285.815057802099
286.376226718968
287.481673582991
288.343640320058
289.256997098175
289.412398633915
289.214485740998
288.474697467132
287.416982130459
286.36508675342
285.683042417232
285.566055035718
285.735462706261
286.438987946186
287.211446248405
288.199142828789
288.899774033236
289.016171543384
288.827043221531
288.073126366972
287.133794667656
286.084869320083
285.571224480601
285.473706843626
285.750166215042
286.317287673936
287.3026826737
288.241531750613
288.954651494315
289.166124549096
288.981980872877
288.205185902553
287.350476781602
286.202061050971
285.666355644228
285.412514678118
285.430604993916
286.282965390621
287.392801707735
288.241308199484
289.024028524893
289.251085782876
288.981323166904
288.465905802839
287.513781919293
286.527410418467
285.777524367854
285.698864877456
286.103951968554
286.461093013197
287.537566066326
288.289060714523
289.151956831607
289.400774796383
289.261841005984
288.515920628111
287.585149148427
286.542734752828
285.679448259164
285.437388964571
285.83869364678
286.406073349573
287.321547198447
288.171739759468
288.875589493083
289.250194051711
289.236348963204
288.373209596506
287.322314290012
286.531606527053
285.805347724199
285.426133578323
285.743178288762
286.563633897609
287.343616748273
288.293633435676
289.191349893203
289.301073652551
289.193087014176
288.605759654834
287.695601681645
286.70183238995
285.962236478074
285.658529484736
286.131950119729
286.603352677693
287.70283128815
288.667106703306
289.384962466559
289.59346087417
289.486303433622
288.621762570944
287.532087903196
286.429985613584
285.893666552508
285.51605626966
285.951326427773
286.28562723146
287.316395513311
288.2019310932
289.012845899608
289.270654026008
289.143250657776
288.502365265104
287.47540811672
286.393351478574
285.77493265982
285.340586606142
285.881552609756
286.489180060672
287.550386720805
288.308585817211
289.044773756313
289.281655548698
289.210489046084
288.505576374698
287.40036817758
286.369715662744
285.654959589259
285.5435511648
285.75497892
286.554837899249
287.487067947153
288.523078878036
289.167338416637
289.481218786115
289.33142491607
288.639747509753
287.640408567514
286.782681050797
286.018787269619
285.812460735751
285.992598503909
286.851843426609
287.532185184769
288.578068173312
289.224110359983
289.452564367085
289.249389647166
288.647154414104
287.630934629898
286.644636635929
285.856307924042
285.836838779558
285.890705804115
286.482612501692
287.495549399744
288.488588524125
289.080810767985
289.402311569263
289.383641952754
288.758821807755
287.828280120416
286.646278340736
286.152912878072
285.677114899709
285.997835177223
286.639875605765
287.56819214461
288.250284733636
289.065106838565
289.136169627979
289.171979137715
288.653234725702
287.732103246343
286.747573601351
285.85980960383
285.874995493808
285.999315662665
286.741027773856
287.700987038976
288.615758586484
289.33281386344
289.559907676722
289.388475610049
288.839900084417
287.929611654143
286.843684230721
286.098927438331
285.727239349827
286.106637634063
286.697770842415
287.595868522004
288.479802148366
289.305475217659
289.477364961218
289.409843500941
288.697154600885
287.831164107335
286.771853828427
286.159074887936
286.043761363268
286.047973813375
286.648159063236
287.758741596338
288.564920074714
289.170094239319
289.428261414659
289.294808242817
288.555123236535
287.686333024129
286.604096207417
285.823447229808
285.305361590183
285.594474127718
286.619546349187
287.462961752423
288.374812301435
288.991936458087
289.40358536838
289.221528966852
288.622782405107
287.731259872173
286.693311516313
285.864160272407
285.710253238522
285.902678984336
286.479345770326
287.50731976508
288.487437999105
289.219923992755
289.600858335149
289.376016923769
288.768326771476
287.759288256901
286.763497258326
285.970105716598
285.825280171591
286.12809094733
286.84791574978
287.81623091276
288.674439912273
289.255156631667
289.469084838641
289.358664248509
288.776216783377
287.807808768632
286.780450911209
285.818040604125
