285.934347468679
286.008179697863
286.721584456901
287.472352354902
288.242927878626
289.035139358973
289.201196863713
289.201341912009
288.383875156779
287.250471419059
286.343050482862
286.009803741274
285.490674205257
285.745787513766
286.186212824099
287.111868764466
288.116206092004
288.792095397443
289.187532147714
288.833593069835
288.171585688151
287.287980998784
286.316599302187
286.021059622789
285.858764355262
286.029198876404
286.632192096471
287.430122878001
288.350482594401
288.974524940344
289.197882345592
289.206575631926
288.567491183222
287.275800665119
286.533279735196
285.792475881583
285.610177018669
285.681810471383
286.426616708557
287.260302143734
288.404264217315
288.814850544168
289.127463409657
289.030202811058
288.297981179472
287.314557548508
286.23252713924
285.509412951657
285.649027658352
285.428414225367
286.328178124946
287.236938601152
288.178169381089
288.820708043812
289.079878434797
289.000720696376
288.207626044856
287.203623961101
286.287631560651
285.760374974848
285.640295097641
285.9348350844
286.45869184313
287.403145038554
288.296170865998
288.880061975526
289.214343308214
289.033882696553
288.28513541236
287.336723175986
286.294015751908
285.714422129324
285.645064585321
285.866080177808
286.259224314682
287.318689614523
288.311945310805
288.99139364377
289.420365735547
289.104553883268
288.522250412042
287.446650557035
286.469543194526
286.086169732584
285.90278039002
285.980207873449
286.688138228085
287.628691683128
288.510650341876
289.221621308957
289.473159368855
289.2645883414
288.594729389983
287.469298498624
286.280906113538
285.851677425531
285.391461530695
285.844731648126
286.455596768015
287.375352494119
288.190282008094
288.964629438377
289.403825115918
289.179204434838
288.497990408244
287.466453377407
286.409700138925
285.946197901509
285.767862541679
285.925352632998
286.892914789452
287.685621868765
288.612470116837
289.21132347632
289.586602600109
289.300169525057
288.447891417561
287.565215677138
286.643513842241
285.993429398022
285.832696121902
286.071433856891
286.575927896727
287.609469760812
288.476797084913
289.318532984579
289.576436602644
289.344965308737
288.598270856827
287.471024412259
286.428676052512
285.881468476247
285.771018169924
285.945913612894
286.592777030338
287.355458177752
288.258670385916
288.955710864764
289.119686234509
288.926571592691
288.076458753795
287.162573695011
286.130114784048
285.664865033934
285.590817145924
285.859464861406
286.372393798062
287.278381915971
288.175447037814
288.902792951354
289.157933677662
288.971789077598
288.139453452834
287.254120153573
286.101334148778
285.693559421951
285.572031529682
285.52379197582
286.368014878658
287.425467148877
288.243808757311
289.044892252278
289.328618203798
289.057307539888
288.454287718521
287.451879966842
286.507787577208
285.812363027203
285.731889425031
286.170274312274
286.495112020241
287.488559209361
288.31624280365
289.249434809281
289.54385463823
289.34734979912
288.534955041088
287.559090424563
286.474795393811
285.75420388783
285.50152497765
285.971323228797
286.476740587808
287.33966135787
288.210189048397
288.929470656484
289.328605411209
289.356578834585
288.408351012935
287.219258962892
286.458211733655
285.863724554733
285.585107777819
285.788930796268
286.618222148112
287.418891827735
288.337476102104
289.207742918636
289.391015940146
289.272938324797
288.627035791241
287.641434013905
286.687959287181
286.070353238598
285.849280954095
286.282595530938
286.737308477034
287.840393680786
288.798734679148
289.550795271893
289.860703071474
289.66076123639
288.751220213721
287.602831804445
286.527148494006
286.124181167512
285.80887315798
286.25059065776
286.441147490311
287.448407496395
288.343682963411
289.111351848746
289.436487745805
289.272800915054
288.576079281885
287.525139761638
286.477860095895
285.937653050037
285.541423828973
286.020521677516
286.613902480768
287.623316410255
288.430231182363
289.084678873322
289.40456824939
289.322996372858
288.576733947971
287.381584065962
286.419385780621
285.780119264308
285.704274231233
285.951108988225
286.719510173612
287.624717361798
288.596489866815
289.229381167879
289.622068297389
289.505612777385
288.766531604728
287.73792803348
286.832091536945
286.216553704404
286.036642670935
286.212906886221
287.045184368846
287.727941499712
288.737120222827
289.394706943585
289.739189331381
289.531355345
288.879469529031
287.723028242483
286.7146560666
286.03266419116
286.095106119045
286.094758961796
286.665459997813
287.693612998445
288.661910726179
289.236214807356
289.669189009374
289.626945220532
288.955443480434
287.920723325087
286.751671504571
286.311915678062
285.945116398367
286.231087194177
286.82106925005
287.767482664225
288.447717673813
289.223520757988
289.388004184344
289.368847329643
288.830618107837
287.793493777292
286.837234446164
286.03734723072
286.157189826755
286.270614025482
286.956366252964
287.887338416353
288.786686785569
289.5172110819
289.754146097892
289.582489660677
288.977431165437
288.035136738076
286.888204160689
286.282956014766
285.936265782679
286.312811384119
286.90150811107
287.753926306911
288.61844108384
289.439961598594
289.661546757605
289.642444307361
288.937689605425
287.920460156394
286.838504791977
286.291928497698
286.263718986984
286.245169096283
286.818706407062
287.947485137813
288.801329253965
289.431721905575
289.743805961762
289.56675036023
288.777160427972
287.828039067908
286.74729804619
285.982396861176
285.540625322964
285.832512583211
286.813153519843
287.682971695197
288.582813618379
289.279419862061
289.745207391697
289.503780599355
288.879450010417
287.866949920855
286.820724858857
286.078937103389
286.01583855434
286.186891448556
286.734948636647
287.718767223334
288.720756418323
289.437400389301
289.875414797467
289.593562115446
288.991285681265
287.893014695095
286.903232041711
286.157706502824
286.111566044465
286.350199431729
287.074968686186
288.034226066405
288.850565801152
289.499102831224
289.729720601725
289.583496671174
288.933595152684
287.887410646101
286.878743420948
285.971932320732
285.765842922943
