289.847244708658
289.710842886532
289.161388671329
287.809723245727
286.414208933166
285.244647244857
284.22997762071
284.303141023509
284.567698880269
285.586743576001
287.337690867788
289.120901071241
289.846299505685
289.542721500086
288.624417577441
287.303852887196
286.150651593221
284.844871765687
284.125457468613
283.680728668517
284.217016977551
285.795284341197
287.70487404412
289.338199755974
290.118641481028
290.105914088313
289.195711410596
288.00881412213
286.65481253918
285.252498028419
284.031974221178
284.19006134888
284.858747791358
285.799695556375
287.517543078083
289.036241811094
289.814965908652
289.739721322585
289.014249469474
287.784452755177
286.584286381971
284.865022072135
284.012296376247
284.070959197011
284.508580602875
285.83699584631
287.555361836064
289.087151692191
289.944734585267
289.587917536167
289.070277435417
287.850552796929
286.352812057658
285.089963162008
284.124062207318
284.031595659515
284.372756370234
285.699670849248
287.462280693106
288.904527060768
289.838226249551
289.928504649269
289.051864872655
287.80510013817
286.393851343581
285.010521415073
284.226253874447
284.005812845176
284.524981638272
285.897592640774
287.53306998746
288.957216877862
289.893768393283
289.672994831401
288.916350246564
287.813257108205
286.363540862507
285.269042034385
284.49043186672
283.991334165125
284.687857008093
285.943466461847
287.760421723025
289.212133848314
290.152430082639
289.892024285352
289.252679711578
288.043913887499
286.599477894637
285.3016675797
284.359044983213
284.334502131184
284.833836630414
285.992225919126
287.420043673866
288.901781892079
289.697018053769
289.56533880896
288.862299999352
287.682610372675
286.117519689016
284.96693522632
284.340214122008
284.113883619217
284.681335372743
285.951647097317
287.59509556647
289.133187790484
289.858319400823
289.677644396203
288.968732565447
287.888127784264
286.578845063855
285.180843012591
284.672711403478
284.188144474914
284.428629154182
285.922873128075
287.677081619205
289.211589650298
289.802512112752
289.903955177146
288.996052784125
287.919033473766
286.509216190003
285.478277246143
284.558539082384
284.384694859426
284.753302521542
285.864399606462
287.46131919779
289.063031511596
289.798384625418
289.730271822853
288.963150743478
287.767586366764
286.351220791945
285.196622916678
284.166525293943
283.97506560913
284.364479049587
285.678130950763
287.341148628502
288.814274695211
289.745385533183
289.540023581565
288.873383628694
287.604347228183
286.080526972207
284.90070933522
284.112008974913
283.968055008054
284.327726517057
285.711360251456
287.367258826271
288.873394677338
289.701409346566
289.393940804634
288.705464079372
287.657389318543
286.128254759776
285.098941520546
284.177441619485
283.805639471926
284.638424304049
285.722119844746
287.588724465634
289.03438371823
289.63085173541
289.589188732224
288.899351992799
287.676830105804
286.322795497939
285.378717126884
284.644519764279
284.270282192184
284.612773971439
285.848928142077
287.348543689083
288.838915429876
289.589410651395
289.709967174226
288.998154416312
287.843526364219
286.170429874613
285.081225765305
284.299977030192
284.642180947218
284.715741998359
285.75218782307
287.475971084827
288.970769793145
289.63199325065
289.513980343873
288.927629128159
287.767691806113
286.388289905686
285.42874849393
284.347294481841
284.212968620851
284.721335289338
285.855483219781
287.780271100837
289.240660622591
289.961526100389
290.074166462769
289.232805601729
288.035320816803
286.966096370965
285.800378223813
284.923714718598
284.712792146421
284.889854822681
285.969998115258
287.559615582631
288.981553935796
289.706704026046
289.639295221644
288.881329459537
287.542909927091
286.359712101194
285.312900766333
284.469296075359
284.330317429831
284.818237129766
286.017274597453
287.411720698969
288.741880203402
289.463271423368
289.560249877141
288.908267086252
287.826281697855
286.485863014329
285.413195603022
284.45446344391
284.306537008486
284.832367077191
285.781989140034
287.507126986117
288.756745369313
289.66151151491
289.694242509602
289.030865152695
287.94611162399
286.711762337909
285.533501219114
284.717240086897
284.484472575252
284.958118860953
286.050369179349
287.578248790821
289.095797582232
289.901087576472
289.743502972988
289.334764100294
288.266629460878
287.089913164631
285.699059969812
284.837101686876
284.66687073649
285.137289734269
286.176174684704
287.558328841948
289.049659984353
289.93775478442
289.938019650524
289.084737391856
288.009748272025
286.768368801683
285.528155549392
284.752462211637
284.606546945341
285.084363356313
286.028642284184
287.641535146908
289.123357878273
289.865724357923
289.901088935879
289.115411263389
288.049194545789
286.54627409815
285.556160665928
284.364549253137
284.338838106168
285.024893746003
286.098200113694
287.568259473141
289.116756884125
290.009956238845
289.97481698807
289.286526334843
288.18542239102
286.936503208794
285.787040823642
284.825692394373
284.65890097053
285.043357919456
286.296830923857
287.596384909204
289.221359412468
289.937177330378
289.840076200072
289.290472451316
288.069361361456
286.539929374721
285.637147988586
284.658509041972
284.665538141605
284.961657702905
286.03456843676
287.643114528739
288.944749274706
289.951158175864
289.84604156116
289.166919377102
288.120467819777
287.045077843177
285.685313862919
284.850403241314
284.521641638404
284.803484340815
285.966207131001
287.545103369364
288.763244215356
289.621346136939
289.501536492808
288.907919816964
287.933903606106
286.633768397787
285.363161683433
284.850928349593
284.470924744358
285.086042392805
286.015088066354
287.54297171004
288.970907673759
289.830552954937
289.795134183994
289.147844878267
288.013360197454
286.945751526112
285.703724002611
285.078358428309
284.622959580611
285.057859259568
286.229889702154
287.823924061466
289.143041683816
290.117208876334
290.048449608057
289.437250025254
288.257071345994
286.916924677207
285.603831534675
284.661758296323
284.498864915577
285.144633946085
286.154832337879
287.532998908795
288.949318026143
289.775493071769
