289.470556116079
289.320325553211
288.564783260859
287.337653437429
286.017202792686
284.714858354403
283.924448484615
283.922064935412
284.329746813941
285.366031376957
286.926615076876
288.609763599495
289.412150198114
289.143486942736
288.108370665217
286.880983343343
285.906077029079
284.634098207675
283.839360959966
283.575150479492
284.112023718925
285.396997549661
287.259765989029
288.828679286935
289.610895686905
289.559523343482
288.574830250048
287.419707056086
286.350782906247
284.819481887596
283.680420450618
283.784271522257
284.47806966414
285.428598714075
287.024637317377
288.642844420767
289.387784501382
289.254029206527
288.511220877494
287.219198343611
286.061746073531
284.446924759413
283.53901515642
283.637902000264
284.247270769378
285.453874662704
287.105842294158
288.68092362105
289.478279527015
289.217064943606
288.507340846684
287.252481159275
285.801307693412
284.592175919574
283.704398703234
283.78046754378
284.19568152761
285.348791598694
287.030197179229
288.481911908746
289.366551696618
289.35471386292
288.468874798134
287.268239317025
285.912868802952
284.594516896522
283.802544376411
283.664825521283
284.15342162585
285.419285005386
287.175105688584
288.693798861958
289.561151012146
289.328399576231
288.463975866901
287.356946197431
285.966813560533
284.933632866605
284.149014027103
283.630358556792
284.385184067529
285.699168391432
287.400939611697
288.876208120314
289.769542134509
289.440790672928
288.671751366496
287.380749421723
286.0714859399
284.832430170986
283.83034401168
283.89803115547
284.475645476619
285.584124935916
287.051503264357
288.532697421439
289.349811702818
289.205344034036
288.364618232957
287.205999054138
285.616593460195
284.424810277494
283.799042858332
283.648537401171
284.341836214699
285.526161275494
287.126661339004
288.740042483616
289.511523646573
289.287214442117
288.451045554087
287.318681468132
286.0851418125
284.649648038556
284.157679347435
283.701350342037
284.1477940168
285.599991289602
287.349355216996
288.811773709431
289.417844604247
289.399044316732
288.452228497794
287.343016442617
285.955165182573
285.029781100354
284.053207932318
283.919948134628
284.285964081573
285.43169148538
287.037043027389
288.681631805231
289.438661878718
289.278654265766
288.467506615219
287.213632156328
285.929533934949
284.77835470184
283.77963563354
283.544580671993
284.021162432982
285.291774706609
286.959769413933
288.462385502057
289.434386567274
289.175647210689
288.388491647378
287.1909223791
285.809753194597
284.649802798894
283.801586526846
283.697531865427
284.106272501091
285.446581742968
287.170659297543
288.574941708584
289.355061811723
289.038780998698
288.223848077333
287.169868001369
285.765831282792
284.694744253265
283.817605266527
283.431293023987
284.318925708662
285.421577631465
287.22790698606
288.735587425415
289.386539132589
289.224241134989
288.442479019065
287.156987248139
285.736987766325
284.768681178131
284.078320286168
283.806263223791
284.241638635221
285.502243485909
287.084207361106
288.524039855675
289.316772825829
289.307328233497
288.417403897161
287.265224108587
285.626458803326
284.521378751378
283.828080675668
284.136885856857
284.375202058559
285.503123255891
287.231202543656
288.693501485172
289.369122038209
289.197824422666
288.45807999449
287.109268119136
285.784046883554
284.936191797638
283.804230728907
283.728314231136
284.400748809915
285.65471428091
287.50167028481
288.9654324905
289.599551372264
289.625761067364
288.593343297196
287.317163428605
286.260025200921
285.056582852738
284.104873299968
284.067123852722
284.32612568755
285.468630291078
287.083536412564
288.574437238214
289.339457143541
289.170171273604
288.340811572702
286.980998976176
285.706030459246
284.727858926096
283.860926345796
283.78182957217
284.315135694446
285.490606752949
286.967171522034
288.359024956353
289.165094844798
289.092253883187
288.249009597643
287.085682232238
285.74463642605
284.744890784971
283.80620782835
283.76863688199
284.364519072046
285.437228119967
287.198683573924
288.588993726885
289.427160557421
289.314012366323
288.476940900589
287.287018056302
286.056633030281
284.868452782482
284.053137724252
283.849947629467
284.434288279892
285.593468307536
287.280159109453
288.772562962466
289.530279676513
289.255256004128
288.694730324695
287.475857356551
286.293738947103
284.886497404504
283.961265524148
283.870743055638
284.460101365545
285.668147795208
287.20878330157
288.711326089155
289.577493641448
289.491801227804
288.492268927577
287.215800338262
285.909429893945
284.722812124378
283.919991051088
283.847765365669
284.464121731487
285.567826611498
287.231217547228
288.813414601665
289.471380450486
289.37750244427
288.469167096001
287.283457588161
285.639294757391
284.739281540151
283.500669844793
283.688357564435
284.461361135199
285.712301060681
287.233884900792
288.824232562404
289.600724968714
289.422198178222
288.598533636884
287.331906261057
286.077229933931
284.95865581472
284.063934521928
283.998403630994
284.490185141342
285.806839568688
287.254059490514
288.809186907599
289.539047999617
289.373525686506
288.583656559603
287.325472360504
285.844850556821
284.892018545648
283.946224447067
283.971690632994
284.322191700303
285.614047251926
287.338555061514
288.675322754479
289.554228343697
289.362487082752
288.51609490258
287.303807650507
286.142769070059
284.784566974146
283.937410187549
283.795028571773
284.185844408321
285.428530426021
287.107487997189
288.424984083818
289.24528302327
289.010201939822
288.296031538417
287.123483238724
285.817448497651
284.490091121729
283.944882864585
283.722012832662
284.386821141176
285.572214428544
287.124618742135
288.599424561926
289.399686806838
289.283357251976
288.493148931915
287.215509489331
286.115645007743
284.873686386246
284.243078129267
283.936914760309
284.379916944276
285.622774347617
287.395925021409
288.804614599107
289.643966460357
289.542188729563
288.702756266971
287.37282685607
286.07690343096
284.765901515397
283.824481741825
283.719315473839
284.53030749623
285.626489797189
287.121254604049
288.617641498667
