298.311641932828
298.688905996191
299.258043128214
299.479319814649
299.320814317858
298.781107755196
298.258406013505
298.353554575091
298.609837398838
298.816496075518
298.671345258711
298.543505869109
298.496481157695
298.734535399334
299.214843205854
299.443094393583
299.286855073272
298.923293895938
298.388036945575
298.340344354643
298.62888472137
298.763096290888
298.801431675945
298.649605645439
298.705494744824
299.210175958018
299.554431549769
299.76712913597
299.702203378512
299.162648577891
298.686531532214
298.546481309181
298.769337340426
298.747006739234
298.650529170657
298.420194698666
298.274245313253
298.70164665125
299.223903175949
299.441891894786
299.252879350784
298.679484417649
298.20408956075
298.292499519824
298.472942972419
298.656406226461
298.527226396171
298.26257874822
298.346062014976
298.596387787389
299.13979047156
299.185611618186
299.137131948135
298.532385278623
298.094729213705
298.19695934887
298.372742477216
298.558385214286
298.539863082155
298.317899553748
298.292231303089
298.730943154259
299.114174083031
299.536208875843
299.362757333264
298.810877460739
298.28006286743
298.391954425434
298.585270221619
298.76321222453
298.730757478495
298.547656409643
298.594419521806
298.956067580718
299.434537020182
299.791192108597
299.69109042156
299.177274562092
298.866995751856
298.782569197238
299.064850374448
299.219078167989
299.229655095927
298.934037289551
298.895299878805
299.253379715789
299.678841837394
299.755474356715
299.572398685322
298.893962772108
298.338743534815
298.355130322276
298.648947553565
298.694710083333
298.477092903107
298.169921241152
298.167889552728
298.454242671615
298.85337078551
299.305350817249
299.172024184269
298.690197886301
298.309073540365
298.255238925366
298.593484060151
298.700947644145
298.702202928674
298.424225189287
298.516180745608
298.925950353513
299.307178233003
299.696266740818
299.521590327974
298.952142830785
298.357131480213
298.441870701429
298.631827371473
298.908423639272
298.95122047836
298.729547258854
298.639610973297
298.954678593534
299.357413270603
299.567175546001
299.47371784052
299.073817302659
298.466179981899
298.388737225205
298.64826616412
298.715414062219
298.64492761124
298.551047857218
298.476970949882
298.842779308591
299.374923492636
299.628744006095
299.563288367891
299.019350181584
298.329267435052
298.265352061269
298.526329124829
298.657048214735
298.489265534752
298.407816940084
298.384207234981
298.697291016395
299.233836305014
299.605998370772
299.554349743213
299.020654642114
298.500569570795
298.360791380499
298.643929947858
298.905014299045
298.927334293354
298.741606936185
298.63158518578
298.859807167646
299.320249136337
299.602378613661
299.466892193886
298.8615076768
298.33382384099
298.314442297229
298.606460784689
298.846027784567
298.881433772805
298.693068647288
298.709325116516
298.935676636191
299.443302871603
299.694841184964
299.522673363169
299.121431326752
298.616638024676
298.556484223852
298.739154173022
298.830298326604
298.728029607501
298.51447789372
298.542614754137
298.898363561863
299.345739676086
299.479401611396
299.36781270412
298.861278900345
298.43203720595
298.399826802814
298.672053219578
298.788825712814
298.665086251433
298.477763085804
298.408634282257
298.654187373331
299.266414307077
299.384935833883
299.431660462176
299.118171660667
298.752590419495
298.757710457911
299.14323029248
299.330940224733
299.339956601624
299.130900845753
299.158343507604
299.605577761086
299.845630303066
300.203661023398
299.999637324622
299.302762144128
298.760818464162
298.706180452681
298.863538322044
298.99594615747
298.779854819895
298.473188007488
298.354713337546
298.758800024902
299.164828980631
299.38737514494
299.172355983523
298.766402015515
298.338102693447
298.209616494469
298.459795729194
298.61004869117
298.516460952739
298.304381387147
298.379414680723
298.620995631988
299.049017567155
299.488437187193
299.307169805571
298.736606833102
298.309113808514
298.424387852368
298.648513850599
298.840869077883
298.702928227983
298.460699033011
298.386502947273
298.78611457054
299.325771948132
299.66951083701
299.552233370886
298.912609902188
298.498665353875
298.565000483424
298.753889150069
298.956781307339
298.86505896023
298.761083486897
298.555137075139
298.964135035005
299.515607719567
299.734450834353
299.675645585166
299.066181500856
298.671441011737
298.546544791059
298.741778750453
299.006906550497
298.975682322415
298.869624752983
298.78138683502
299.160272786389
299.426372485098
299.751892625456
299.566638634332
298.987830094976
298.579300484138
298.563815858446
298.812118854553
299.101830864393
299.020009131159
298.772585779972
298.776136433116
298.973187980811
299.451505972023
299.697588076491
299.454964400158
298.834896740346
298.356101448694
298.500719912107
298.760916974025
299.023791985382
299.005081080557
298.867250622702
298.807892850949
299.343029087809
299.688688977714
299.881501067979
299.653745978778
299.124259995522
298.635926870663
298.608036036497
298.893316351026
299.018038029768
298.900944765397
298.715311469933
298.682345172209
299.084823810962
299.398324226264
299.612323395954
299.447463879636
299.090592211693
298.665348936064
298.639274951018
298.865172616848
299.151201995243
299.007701835246
298.836165012724
298.800744936691
299.162784419415
299.448563121547
299.737276984976
299.579321827267
299.065715592185
298.536336242896
298.417986809379
298.678748051932
298.707790439613
298.645149974943
298.392887891756
298.319719778726
298.564550891644
299.080267435166
299.368618652076
299.278558678693
298.831956347703
298.486183445543
298.573693322257
298.859786133986
299.011082750151
298.873399020061
298.591644720095
298.558771972078
298.938191742587
299.328130216056
299.708546811412
299.599384896285
299.272251026023
298.84978741764
298.818623498816
299.134556452778
299.179730009475
299.166998278482
299.009127349687
299.004103292043
299.488815189026
299.848483027154
300.150673585853
299.954773826155
299.291111245246
298.655527027358
298.555746414354
298.77125578786
298.936889744414
298.733973786586
298.404486177099
