298.486531200943
298.816560115327
299.496556435317
299.722178279887
299.561850748303
299.049302741595
298.457977088699
298.545568002166
298.896054994179
299.069584098299
298.834115516875
298.742123258067
298.716031818902
298.882876706917
299.464668342933
299.711405084165
299.595355622717
299.202452563713
298.691210829798
298.712636306059
299.033283472873
299.185882573935
299.104195563767
299.044702815448
298.983896078716
299.517174931884
299.903553489008
300.113058862052
300.019254904003
299.453020447241
298.935488294754
298.826862485429
299.071640366009
299.054522199989
298.927795841139
298.688555304908
298.569047232023
298.960705703448
299.506918098448
299.729559489522
299.563634158357
298.93170208074
298.455954878486
298.482364452178
298.837168612399
298.987344097438
298.804098952518
298.439742179118
298.580353133791
298.603922167686
299.373123718244
299.45994375388
299.434604458889
298.767474008816
298.373117852675
298.483953608547
298.748493778896
298.855045746369
298.808226905112
298.59751079173
298.503659486273
298.968967118045
299.403171477015
299.784300963672
299.63457771786
299.044198413698
298.513934075361
298.585834243053
298.83094590331
299.012615492919
298.943303760671
298.668848743258
298.747120336092
299.081115464075
299.657765563872
299.952889611348
299.880826471964
299.3385461555
298.983687589912
298.976277728144
299.315934538161
299.456566492768
299.442885197918
299.069029701497
299.031539232565
299.380802457399
299.850548616519
299.999361882357
299.787325712921
299.075199841263
298.567361146291
298.584961130297
298.890101202523
298.899777198872
298.607130803046
298.277070056882
298.233203054254
298.541483404557
299.020222579677
299.4371304026
299.339276594684
298.895384564854
298.479335662883
298.490826343498
298.81268394116
298.878905014393
298.884009889925
298.572616697035
298.66324904246
299.000365364878
299.482364515501
299.87899525662
299.717537171117
299.160980087302
298.625676444084
298.693746562465
298.881326352955
299.163768674672
299.127454521185
298.918890780851
298.813749081789
299.130103545357
299.541759264115
299.868270944262
299.767836574227
299.296236591447
298.725703814524
298.639440730531
298.945047003812
298.964448681481
298.928895509197
298.718516965658
298.64649398095
299.037043596716
299.565532392838
299.873637153783
299.766940999057
299.181005116702
298.5674386329
298.469546370883
298.747446652509
298.863717548292
298.623452624371
298.461422128091
298.37831993698
298.725528671009
299.311876671822
299.746508939538
299.618586796581
299.126458638164
298.587503583755
298.504605569449
298.800256447263
299.0220645509
298.995704166495
298.746915168931
298.711769219538
298.857115467929
299.38871982549
299.724876373518
299.606118818748
298.985784723224
298.490109649111
298.472421163553
298.755624145906
298.972316110689
298.899883087508
298.684964407679
298.759453694065
299.01642227513
299.565999750023
299.854516761097
299.720966962426
299.357915791771
298.86485323124
298.789600697888
298.952323299479
298.988732583584
298.824232170042
298.628999528385
298.622318158484
298.975056303837
299.428546258196
299.611599058724
299.570383749807
299.093753129973
298.613051733032
298.561161982653
298.843931701461
298.907038929854
298.711554434818
298.57332787889
298.507626941462
298.706223259357
299.346726643999
299.590289818795
299.594174220542
299.320989528991
298.921263566611
298.89160910491
299.297233069853
299.450771496818
299.457732190033
299.280042654581
299.338125777026
299.695913666246
300.003486252733
300.402647827047
300.193103780635
299.510260108073
298.976488793564
298.922165223034
299.087666559839
299.207576885677
298.960519653489
298.710705466313
298.60494163595
299.008321816904
299.394574379202
299.527154699109
299.324647134355
298.886796942989
298.442016083268
298.396175941637
298.65631774612
298.773424347045
298.644491261195
298.401361203709
298.54953790309
298.775423158757
299.18851543706
299.623860367402
299.436627077098
298.803100943432
298.377203343608
298.520659876504
298.752136184298
298.897650355924
298.795052918703
298.555938653501
298.503433487789
298.881559382962
299.459201791627
299.819166930657
299.681108945173
299.085501831537
298.64781048445
298.674198281882
298.97004250208
299.158908705118
298.99727691588
298.895882528081
298.700742067499
299.096441666728
299.677657716531
299.937813526292
299.846988750624
299.307865621617
298.887951491598
298.726834474252
298.988222905722
299.289959852692
299.222860358104
299.067248182672
298.996515370766
299.297931574028
299.640779625186
299.934148057833
299.774995964596
299.167680606959
298.786535785406
298.727003644479
299.049391288422
299.304109219566
299.228009667291
298.911755890089
298.941460487631
299.100747090845
299.573580306424
299.862142356535
299.64571035181
299.01160541951
298.548108882259
298.67120847925
299.00910972761
299.248602760694
299.239078402538
299.05233871107
299.000604122785
299.501364870752
299.85224216663
300.091088651872
299.882727253267
299.355893522195
298.792174830127
298.797601125825
299.075972135674
299.229157374188
299.073369088047
298.94040689845
298.874837484869
299.242512236323
299.591273319914
299.811337774665
299.644384268595
299.264917327059
298.797140842368
298.821824777781
299.15826720826
299.377012054799
299.205141606762
299.03189083107
298.965025262874
299.355111321492
299.6585082157
299.981709958579
299.801113459751
299.305657839202
298.766236084998
298.649471057849
298.943169531334
298.951044553515
298.904213571877
298.624654713369
298.520982430453
298.772407598444
299.355685019717
299.63696061793
299.546985791721
299.101733551274
298.725127128236
298.796601580334
299.10390511177
299.284425011916
299.114423639532
298.86289807566
298.802632154607
299.157336715228
299.592980869774
299.969303105231
299.839501451713
299.431818749785
298.983119543075
298.966368738577
299.288123625543
299.377626423349
299.367237960226
299.226308982561
299.236087113416
299.632346027849
300.017241421269
300.322740265226
300.086820575861
299.428569351908
298.76413027577
298.625282083499
298.892108011726
299.066085614307
298.885586018298
298.551144308811
298.473384453088
