282.021450228701
282.305516509195
284.281780242473
287.134981464078
290.071646824085
292.825631473089
294.172416106716
294.09954280051
292.20005143329
288.914199262117
285.348410097935
282.898706411308
281.13504890483
281.948853527447
283.748008070756
286.919884641737
290.081760590787
292.739319029198
294.249606826815
293.986457471153
292.126154398751
288.780677656371
284.928324560255
282.703919489604
281.598887229495
281.952483664496
284.068672782345
286.851431633872
290.046152649622
292.696551852269
294.363790470006
294.223089914972
292.276234575086
288.751905773863
285.549016392309
282.548709952072
281.405388128687
281.623899620181
283.83898394764
286.736151532291
290.224242052659
292.7646790162
294.242630443067
293.989446425105
292.08738175607
288.792119250705
284.909692442416
281.931674211122
281.353320731437
281.268910914567
283.586078814474
286.623324405375
290.003526704519
292.551452925616
294.035694662276
293.969845733237
292.042495719478
288.707577072954
285.112982428197
282.616222888927
281.442363945731
281.941165519531
283.865518813605
287.001189938937
290.198490388415
292.749602535979
294.202432741981
294.061952547929
292.045289186449
288.775853711198
285.054961516356
282.471627380786
281.39636077736
282.059165524216
283.602098382801
286.824122120841
290.260349759104
292.713745253156
294.350299604375
294.217773601412
292.35664381599
288.949834652223
285.178664666027
282.960205616855
281.653130697401
282.068391461546
284.123596744591
287.213469478758
290.421822789115
293.141575038213
294.587273754497
294.194674551616
292.355622149553
288.946371078122
285.141768553209
282.801572958983
281.085905007621
282.124124487293
284.048893536678
287.068094615564
290.263044327173
292.962323650435
294.467436109828
294.24452525046
292.314645443746
288.981259657497
285.22430471138
282.759208012535
281.677405682534
282.173060869793
284.817097013457
287.483115953266
290.646095169819
293.241803940049
294.500493796741
294.412194575199
292.467153680941
289.207558226201
285.609946065277
282.775269145747
281.862880131052
282.238912536636
284.155803009329
287.299906047858
290.444377979822
293.158788723016
294.594334122905
294.305235758047
292.443239192111
289.077649218055
285.396032907234
282.699905440898
281.74365171443
282.161555402934
284.222403317198
286.94332998874
290.166119979888
292.71479881285
294.072847175075
293.878077576252
291.788438458002
288.647016439259
284.919080939594
282.515455372656
281.436248758665
282.178906141246
283.871403967429
286.952416603759
290.270367103422
292.904876567489
294.203858380411
293.975523147142
291.951180388612
288.79688005569
284.835409471286
282.513724166564
281.442653712798
281.653643147006
284.030565677945
287.193544979211
290.359362754846
292.990842984009
294.47979478811
294.308975607851
292.270151132993
289.181640088937
285.426850688781
282.590342336177
281.832927114651
282.751359892324
284.090872047683
287.300288312918
290.30969010936
293.120152491678
294.44318951218
294.424417406056
292.457136110738
289.26925270705
285.601047098538
282.669492345784
281.413639303905
282.232679283369
283.955326759303
286.835796351522
290.249948222181
292.777715547663
294.357233792226
294.070976721951
292.100960027511
288.686330102714
285.440452382483
282.756679316322
281.538222304988
282.063881248662
284.308815168065
287.070091849357
290.286662298522
292.986737343341
294.43473739845
294.332908028742
292.532736293145
289.427384808029
285.595647473524
282.900045854604
281.737035807802
282.491024599107
284.24181135234
287.645466544769
290.63137298733
293.301212319972
294.79769142435
294.608730326358
292.612585604761
289.235665493632
285.49468140538
283.266808399227
281.911042289913
282.861886093876
284.000965521086
287.353905065698
290.327653825628
292.90980293116
294.403679416252
294.215284400277
292.333921434005
289.033004925823
285.543999492821
283.133425896672
281.619576234578
282.480793477892
284.319537875284
287.420351122656
290.374599350397
292.756162143622
294.35467305487
294.33945573723
292.32110081875
288.98117899189
285.331644575126
282.803493159304
281.747036947557
282.207975466848
284.408155194528
287.303323099606
290.48121739572
292.925261116644
294.526896507881
294.526752979518
292.574944348504
289.42548688761
286.08593428307
283.337309826576
282.172197765397
282.682310799454
284.755604637399
287.189253538545
290.384327281023
293.090353917358
294.641276975886
294.39583995351
292.621649323794
289.269881800263
285.870983291252
283.015668397968
282.252457453671
282.251498273068
284.246182603771
287.377477724864
290.555452650676
292.944274065319
294.585915807111
294.647343495724
292.826523604555
289.812804365989
285.861807862234
283.500473477851
282.024508438811
282.561085452475
284.526727236711
287.485770782662
290.349161249476
292.890880850047
294.411459115551
294.398856553117
292.63634246967
289.488787440889
286.106209419187
282.957937577316
282.304423414664
282.566411062893
284.626206171085
287.589254441685
290.636870362345
293.247381340158
294.682599801411
294.506078350823
292.911504411419
289.773442552295
286.180023412174
283.344552617064
281.935354234979
282.785546568166
284.512543770824
287.438491252365
290.696952792959
293.242775208602
294.664584473238
294.619350473117
292.913721507944
289.806351876029
286.033895055215
283.639107720691
282.576279798104
282.644296631405
284.470493437022
287.77450245585
290.557580664754
293.178129948231
294.63720868221
294.611859082056
292.75083651513
289.689871004814
285.949492723016
283.201549506995
281.459904508989
282.163488673613
284.718387222723
287.432039784287
290.531858838972
293.195678040689
294.639486433802
294.536636454352
292.672857628028
289.718811775356
286.098478007673
283.186966533018
282.201124153744
282.578648713119
284.322052395027
287.424174249213
290.495761310534
293.171076775992
294.672471166624
294.564164650281
292.924712102962
289.556139688037
285.982540021957
283.172371321831
282.105923212596
282.651949255401
284.712687347119
287.811380786815
290.784206925097
293.394374127774
294.797682907127
294.66812842677
292.722556359283
289.619988954322
286.2244879331
282.99454661532
281.756192774116
