281.792681479316
282.241475669821
284.44413126214
287.436323313954
290.437587415101
293.203064104499
294.430682083233
294.34012281742
292.375375115333
289.212646804004
285.515348308186
282.8495564626
280.898524497109
281.812642973507
283.788119779552
287.071411926861
290.21979514852
292.853988274679
294.316386138836
294.042040947606
292.229867851905
288.937571857612
285.006146897897
282.586755829914
281.409881290912
281.886825856834
284.159372221661
287.015404056595
290.278402865643
292.974918793544
294.519875242783
294.346771454032
292.425825028071
289.063993231669
285.692282899011
282.462514709536
281.244190176676
281.570652748328
283.979869069031
286.96799607842
290.456685005546
292.924474856203
294.296814706917
294.160532307409
292.157737568857
289.027621292504
285.046169549159
281.908746045108
281.128808913554
281.335180702213
283.727232062517
286.865395110829
290.292938145541
292.899046094859
294.134371078557
294.062682375097
292.121895112343
288.930347745179
285.263434378798
282.558392964827
281.294750395681
281.92074664498
283.961200565773
287.196669102753
290.432018952431
292.98462330221
294.266256104456
294.179997787943
292.212660308017
288.999356828421
285.213426135286
282.386347918898
281.23437855729
282.020760550761
283.779981707568
287.082237082469
290.449733455209
293.063292732007
294.575657849303
294.348446849682
292.459663186175
289.148415134506
285.239246704283
282.836869087121
281.560880317095
281.978803554488
284.247354577623
287.383617567891
290.703829732892
293.294403974081
294.642052684583
294.309677987706
292.482065422239
289.202672818557
285.292627477493
282.750869592155
280.988830350796
282.104992391622
284.12705613282
287.320609247027
290.492785459203
293.120801909902
294.577117461327
294.311558198554
292.435618810456
289.223383420357
285.260419407652
282.689945193987
281.489706166448
282.038649904881
284.869373731203
287.678717878168
290.798479151614
293.356727110125
294.546248819646
294.46437719784
292.565859152805
289.377604182575
285.614331476674
282.675688728209
281.557796124477
282.053454619844
284.126837809239
287.461875240385
290.583626021974
293.350808454953
294.650569275735
294.388287768774
292.530905726138
289.253137533666
285.527872017849
282.507977928393
281.513116520072
282.010270657489
284.234987805384
287.042431937592
290.317508479485
292.88870290326
294.130933488983
293.986655600992
291.990228087474
288.825858818534
285.046576847552
282.507857734616
281.33687713301
282.147620604089
284.074001672332
287.250674081408
290.522037630417
293.124833045102
294.407401830567
294.144146892759
292.168239504017
289.103152688493
285.065836888197
282.581761619117
281.292137126228
281.641638974892
284.170081448761
287.458011852068
290.570497213741
293.222614439785
294.56507669662
294.40876068469
292.480056731636
289.456621760884
285.661904277146
282.64273898481
281.831986145628
282.807327491946
284.307326468933
287.759081673409
290.695155415866
293.404164773248
294.601987245508
294.597837995852
292.659950269349
289.524283649133
285.842811928749
282.666191757188
281.383856649787
282.1967276273
284.224558311697
287.219467177209
290.570962830035
293.098176258566
294.551760572447
294.21723402526
292.238303466908
288.99386751873
285.67343234616
282.748486283345
281.308419541416
282.112079368632
284.497647706336
287.416244063783
290.652929449832
293.312167098772
294.668850909202
294.526461781364
292.669154005988
289.580681381989
285.731769581858
282.778970828721
281.529957288813
282.450410759068
284.431882361597
287.920680004754
290.922318395592
293.584708732996
294.964985492291
294.789783141208
292.788223785025
289.450801889674
285.617867834269
283.049736051626
281.524101942843
282.563400917928
284.059443491977
287.494330889775
290.554757439923
293.169664352007
294.561374729499
294.387886573335
292.56285762847
289.317597207222
285.662833807837
283.025748001704
281.344009374518
282.50041097909
284.562016340283
287.857998650244
290.726655447366
293.216517976095
294.637993120629
294.533504751835
292.516542606452
289.215489457539
285.37964078047
282.550687193609
281.488004392508
282.020976587049
284.462472062986
287.527473274398
290.843937574764
293.337497438099
294.791780912494
294.694339797646
292.716823804479
289.540248193801
286.126778814583
283.096343582401
281.92230747445
282.552966745697
284.840719047225
287.42833939716
290.716084801169
293.430733743019
294.822002119017
294.505557331852
292.701936752547
289.443458947475
285.914984510056
282.823748205449
281.918747512715
282.110687875686
284.300039903489
287.615943307009
290.924150027076
293.309562653526
294.763643642592
294.799756044103
292.924323607188
289.941474826647
285.898175061989
283.322192131897
281.705063310749
282.442324662258
284.639405899183
287.693936671161
290.713332492673
293.262592438413
294.651451669776
294.5335743489
292.713588813635
289.603276866828
286.098397397749
282.71935113117
281.971995699133
282.397534429875
284.712488833762
287.909525485424
291.009231656121
293.579322788056
294.937595491118
294.659564832872
293.060385442922
289.908162263815
286.275030403066
283.222552025499
281.743151426366
282.667231191647
284.643964230987
287.708616356168
290.968741325567
293.588447059384
294.885804219972
294.725905446378
292.937212220656
289.89823815002
286.041435567857
283.468734062616
282.356035966796
282.556442154711
284.611947291408
288.057986545517
290.844072206076
293.425247887557
294.800770651299
294.67857288135
292.796545133202
289.805435488588
285.946347315362
283.057234527344
281.192094322051
282.005508135448
284.778803817038
287.645917024339
290.787979042439
293.362820726749
294.74012771797
294.597861190779
292.725869136603
289.744104303042
286.101022380731
282.95968924315
281.849395453578
282.349250747667
284.296693704018
287.638550946396
290.710650018387
293.432273069061
294.835760126602
294.691544036689
293.020999010756
289.746113345872
285.964655644461
282.95770834982
281.826068041033
282.531876793685
284.817531464027
288.096588640548
291.124126413551
293.613732712478
294.996598411174
294.881666146599
292.897062690879
289.848372221344
286.286741497029
282.85263948591
