286.087295052277 286.202305054704 285.805329440559 286.182537139815 286.305509270502 286.27666166157 286.094273062186 285.993078784748 285.838410346525 286.229350877697
286.286142130896 286.397823754291 286.135609559099 286.397166264415 286.279079869314 286.401459642788 286.265147595444 286.294125553175 286.211660680193 286.162969761105
286.771211204844 286.740713114086 286.652965394299 286.811896374383 286.902805136234 286.965514546328 286.797118923133 286.752985459482 286.837691659915 287.071513677913
287.739338660229 287.923296483286 287.620212202645 287.846645960324 287.888371957875 287.991128447125 288.017186443987 287.807638206765 287.84728522727 287.979106632549
289.125379283588 289.064453908191 288.92383706701 288.968162371582 289.19850995673 289.302677192104 289.147331473341 288.994776146618 289.099819771289 289.198146160591
290.247141646681 290.023911976275 290.053233095872 290.218156656945 290.244446874542 290.25504504522 290.235792230359 290.122347569036 290.177919332436 290.200917205404
290.581341708855 290.574828349159 290.461185406695 290.547041682462 290.671172154972 290.624069182807 290.554822490839 290.515121195155 290.591734010127 290.578331815258
290.301667113866 290.227665461914 290.179487759759 290.373890875334 290.523929885072 290.350605063215 290.266000510169 290.228796726831 290.250350010838 290.319321501429
289.390406653492 289.562217914 289.344426916365 289.547175300178 289.640073294507 289.559805630259 289.478819987549 289.406032661532 289.443534875798 289.460302905341
288.223001592274 288.176068562056 288.140051497568 288.458561193431 288.496135218789 288.361726948592 288.183766937711 288.167260586574 288.402740937752 288.331199724091
287.111786788206 287.140996260547 286.977829393174 287.242775177425 287.398438490227 287.094104911436 287.113777465195 287.059116885017 287.221108922654 287.140311899678
286.36111673746 286.332398449931 286.213960951485 286.541302197788 286.668930877138 286.375170879489 286.204866823167 286.33861406119 286.439346575677 286.396339165801
285.902761142712 286.04476154497 285.951504565551 286.312963738148 286.378208943773 285.972695595459 286.142220584643 286.252867088966 286.126935423348 286.11448091223
286.026815981825 286.286222668272 286.144080664357 286.491942280291 286.554271204735 286.245163772512 286.331123423316 286.189128669572 286.354602696543 286.227583336111
286.70751773979 286.765655642852 286.630602807671 287.095115072323 287.177341224321 286.904652005346 286.861744219844 286.92160865802 286.914034592544 286.804868321556
287.849139628501 287.965654821749 287.685817522666 288.076832355895 288.141797566765 287.87928643877 287.858169632688 287.861866890404 287.851886491914 287.882800278925
289.111222020915 289.055212989548 288.948696245369 289.258353932857 289.354123029052 289.085371193798 289.00592544172 288.995483629151 289.131690969035 289.121000854615
290.058623843476 290.123845656148 289.995284974811 290.34416973796 290.369812158143 290.169119004711 290.118503932152 290.12697333229 290.144795665259 290.179665631347
290.478746521563 290.424451272018 290.440296987833 290.74967323286 290.680623971445 290.534533756712 290.488489985648 290.560109035733 290.571085992747 290.529003554114
290.226432627064 290.11086298613 290.27861912575 290.376629126629 290.547252436385 290.205424899569 290.185916026903 290.463225274016 290.452408492663 290.221948243986
289.294406900059 289.398968169543 289.366483288385 289.655020113372 289.619299435483 289.434128676175 289.383466351395 289.563104603502 289.587030034655 289.444501666147
288.060252578747 288.059862891788 288.176651738897 288.370930903024 288.362891222502 288.204078383297 288.229372641679 288.285565412681 288.317533902806 288.172848817579
286.866027303698 286.883362743037 287.156404800643 287.203398712029 287.218833132351 286.974960149041 287.138845564516 287.287724565681 287.224547826405 287.225320635643
286.190664958717 286.334775649902 286.30305184716 286.511720943301 286.359790409554 286.29844503505 286.3989207473 286.484591570405 286.331766950319 286.310842793617
285.967292017868 286.00284544337 286.084841904707 286.24943931509 286.17310495775 286.076841155189 286.031621687984 286.210358008788 286.22852715818 286.201684768441
286.168688862562 286.1003974493 286.201671496934 286.499346017173 286.336610566632 286.022585562895 286.433570149307 286.351084124837 286.518858143166 286.365950337382
286.774842061302 286.538683063994 286.889704510191 287.248757448666 286.842129674145 286.985486184293 286.942612163756 287.038015843322 286.811702672616 286.889195402726
287.718033786227 287.572061565441 287.870063091932 288.336368684459 287.862344217074 287.915249721925 287.859083999386 287.848115165353 288.018692444417 287.825531196395
289.147535381016 288.900807294698 289.081306197074 289.366903838324 289.170148273775 289.088824650864 289.134576640676 289.081696137993 289.187259852367 289.064347518038
289.972048104468 289.976342806644 290.05656249561 290.403538536789 290.191431118942 290.126719361344 290.240748181371 290.176988071405 290.269378708669 290.197822495913
290.385948689657 290.339189133722 290.44156288227 290.726618007868 290.565787483908 290.546639854787 290.580502766411 290.569797227103 290.583732231034 290.588948405825
290.220567138423 290.088134091439 290.216509120335 290.508878205159 290.319914333868 290.350841454481 290.349327245645 290.35074115256 290.447121481568 290.424997356339
289.338734627297 289.346788612565 289.507756698072 289.555185730372 289.452602594939 289.509571782886 289.544302537757 289.375371153128 289.58183680628 289.587885021184
288.112289448723 287.984152022243 288.139605586539 288.393097502984 288.243708797353 288.228892497255 288.320234345632 288.213047448958 288.292020347075 288.273743929041
287.103656610292 287.06635089004 287.055411700933 287.36317113557 287.066766206099 286.984107263047 287.251922907501 286.958234058524 287.107924541141 287.141176235419
286.238299340505 286.189114378623 286.355174877613 286.622027128212 286.322708082242 286.319712136124 286.489752046535 286.275747485162 286.302433034698 286.462135238199
285.94944775721 286.003553312438 286.051042479556 286.238011367895 286.093694514679 285.970559232794 286.150019781789 285.923263677152 286.10537015538 286.044911808404
286.156319241789 286.104412804356 286.146397799481 286.346676897576 286.102484384277 286.144576093386 286.371985766284 286.089359893684 286.124926327272 286.220843398743
286.800808573196 286.649472962296 286.648498136204 287.077400561375 286.940630318843 286.71048482211 286.859308655197 286.66837698645 286.784004726853 286.641236093344
287.774318835521 287.78592303935 287.777265851165 288.082402989758 287.898354186357 287.853713176592 287.906157356838 287.588152910411 287.810959170714 287.799007241342
289.111541538538 289.042510287996 289.094238013674 289.157427297344 289.22850584285 288.997361908348 289.158003261873 288.989766746549 288.987208624931 289.137690397103
290.104523329901 290.008823303599 290.099767816004 290.302027895755 290.30242206543 290.184587693365 290.113363762678 290.072836604031 290.175731466956 290.213708613949
290.501146097131 290.365455130745 290.33448623474 290.673768557783 290.616244134904 290.545568398759 290.518665091537 290.500446050133 290.418950397207 290.58434099863
290.211911273528 290.005613296402 290.209659197609 290.291306380837 290.447238490534 290.119141444086 290.40501904552 290.293511040562 290.17458133876 290.235046426277
289.407291073466 289.347283722699 289.412076031709 289.608768280068 289.639829245346 289.345192929951 289.570334742638 289.520957297227 289.251387708209 289.436887252814
288.102320956122 288.101408398902 288.153471887678 288.312064578734 288.37405553179 288.05491242192 288.40215695345 288.326033250363 288.231844434919 288.223517497189
287.050301402489 287.028343233203 286.951800167958 287.141018375139 287.239907361481 286.955246019721 287.30144686091 287.068039126159 287.057898355797 286.983715066674
286.366554575753 286.225202586248 286.175000805945 286.344321365646 286.546105074533 286.257779925876 286.534638913326 286.296046822646 286.205710160335 286.263441849422
286.076357419338 286.040972567427 285.918213505748 286.145834115239 286.167652369794 285.927708066545 286.350362712778 286.109280018535 286.009494825022 286.00182356807
286.125505073438 286.257048814412 286.222194439984 286.351782038684 286.305695255782 286.072792760965 286.313982632027 286.147703400343 286.049757707699 286.091249548563
286.811748499026 286.589647757725 286.67638912204 286.847149739784 287.018546623375 286.57652518414 287.004020094629 286.747659813156 286.798378196243 286.606843721105
287.687222453436 287.596142262373 287.785882682242 287.963871410123 288.053090868324 287.702664556606 288.074470861237 287.895989995468 287.831567123371 287.681643773142
289.211321031401 288.908406041041 288.998937394962 289.195962745586 289.382825868872 288.968950650919 289.217849697465 289.029348533699 289.06364501035 289.111059435086
290.228788681526 289.870300542882 290.015169987184 290.214498355614 290.314147451871 289.943055293648 290.179389809019 290.173693324993 290.165006304351 290.158552005415
290.610595761617 290.41027358436 290.365951626232 290.546142832549 290.599470842864 290.377480666308 290.565433818115 290.527761975479 290.508915821834 290.505570720877
290.230005036339 290.098529237314 290.013116411611 290.295522900556 290.405639769178 290.195540995644 290.376300814421 290.264444009183 290.326507120207 290.202820551028
289.485453935029 289.286384237989 289.391058673202 289.563210100921 289.633750984354 289.419940969271 289.50985238458 289.464781090809 289.469024981945 289.460234807581
288.304968702727 288.132046949358 288.032819740616 288.354672914586 288.53170977188 288.201902148859 288.348195589975 288.28423237921 288.165289562192 288.193497769344
287.065855231125 287.038324602075 286.826404930628 287.150915428277 287.343876426677 287.010100739352 287.234254960133 287.28499322555 286.926944179142 287.021345455732
286.290525466639 286.301170319766 286.129330830782 286.201045785058 286.579771479976 286.276562346667 286.388588725836 286.42594359259 286.410608718901 286.323325619391
285.951388196821 286.136491907221 285.96025928084 286.062141426883 286.243669988614 286.116229738892 286.086276200083 286.206091601129 286.010341167173 285.976503627937
286.094708458145 286.364847208642 286.063315671278 286.308963526246 286.593802103714 286.248501533523 286.220934418633 286.681745309072 286.001229265968 286.323227008495
286.733638109133 286.833782292582 286.678908212868 286.7817718253 287.067103057916 286.920733680024 286.798123020277 287.047168135476 286.8262858684 286.814210308144
287.749321865514 287.694960059381 287.728579669187 287.76365601271 288.038898008882 287.926370316379 287.816936019688 288.00058734629 288.103969601153 287.867619607968
289.028326452581 289.019178436256 288.938205375844 289.066674215176 289.320447339208 289.214543673879 289.106288783813 289.329073293348 289.197773195589 289.258418074176
290.198894703645 290.080482981169 290.007782341724 290.107349874116 290.376915171162 290.106835523547 290.132351700952 290.247337956741 290.371670400474 290.300462398882
290.507309408478 290.406859547486 290.330145138474 290.449706218321 290.665617794546 290.596373792633 290.545380922405 290.732439853606 290.635233926558 290.72890852709
290.156491572919 290.172828562393 290.073488915102 290.206586442763 290.47035074707 290.346185648785 290.31133234428 290.424647648704 290.453760551209 290.445815223204
289.44534391817 289.381991223235 289.304751358527 289.368871982275 289.64463243249 289.50393922768 289.466479612976 289.623637850841 289.729165851553 289.68124948294
288.11488625897 288.359529146956 288.050325714644 288.229390433872 288.447747336226 288.366085520741 288.18196865955 288.470976333458 288.450019794624 288.55475559972
286.902370377422 286.981428857517 286.946013440841 287.12630271759 287.382566655648 287.32488414222 286.96692908381 287.381239108304 287.355894290886 287.332501640602
286.138774806953 286.43172362847 286.174375307202 286.406669981137 286.545052052373 286.432499078242 286.138938424026 286.596004138826 286.536769712402 286.599341567799
286.037852266684 286.104800063433 285.829143451342 286.121146978463 286.484186335548 286.234748029625 285.914292858808 286.283997446074 286.356040215099 286.37278883637
286.044393276607 286.367332326285 286.061694726571 286.332629763653 286.627123033204 286.40019839124 286.156501407096 286.564619727178 286.409254384171 286.490801764032
286.829423184389 286.884479456225 286.654201571163 286.85941017784 287.150929349303 286.98197310184 286.622289211238 287.015390442844 286.875019615458 286.860820665283
287.977463472788 287.833565924595 287.780500808136 287.950501762481 288.155367493671 287.998032593401 287.720466231694 287.972961578573 288.097417823155 288.145753643116
289.096123461674 288.956586644115 289.057000708707 289.019758078309 289.305901037674 289.326458727913 288.979870826234 289.42303360569 289.285698279558 289.342571973893
290.03856769673 290.03091128363 290.100848667679 290.127852358974 290.283592876779 290.267677281995 290.145379453763 290.43783293947 290.329664405488 290.338324725868
290.462036130371 290.450451318818 290.55126290573 290.305578014985 290.629739917233 290.612548592655 290.521617753023 290.882493677565 290.678645677253 290.670603757871
290.142529871559 290.112856288841 290.306843544201 290.120914988113 290.414039375591 290.255152795672 290.268913648154 290.546193947084 290.442427166081 290.388504272255
289.424258788897 289.419051491542 289.406824989443 289.294865255303 289.557425740968 289.516754301984 289.489723876034 289.734110440981 289.598513695954 289.53581339207
288.151728119833 288.254475973586 288.224870974766 288.172839559776 288.453856827121 288.394328992846 288.189887093521 288.364099768064 288.381670591563 288.152498462759
286.946545507693 287.032869056899 287.053363633683 287.022720412106 287.215994612677 287.123657019773 286.987817969208 287.407173427674 287.102102784742 287.023506997298
286.183009684273 286.11888104377 286.37428027422 286.149289022647 286.579380502086 286.349180345026 286.263335644561 286.76519994756 286.506671926342 286.21590546746
286.033784810494 286.12796965368 286.054084825503 285.859233330928 286.312771438277 286.097847354164 286.041361889574 286.524457901493 286.273566093441 285.830605970012
286.149656874672 286.306475227696 286.032257033671 286.056321812972 286.260899446723 286.253682803332 286.134351175867 286.48310193574 286.333188108849 286.053304878845
286.739020506242 286.681773225466 286.942593767136 286.642651702969 287.049384036234 286.770286273292 286.723715694323 287.081601750081 286.772695365281 286.568131308513
287.83409329938 287.818024345711 287.955739948094 287.754821275082 287.991490582101 287.828567570514 287.557056752709 288.160218138982 287.97262622582 287.756405795824
288.996435958163 289.103157017462 289.100418563688 288.932526365995 289.072280436194 289.012358575983 288.883752345014 289.200019427138 289.081018211496 289.010206211813
290.11911831441 290.113491247213 290.145287898258 289.941303205944 290.120321514142 290.008462267316 290.029840717437 290.337109035085 290.198267366214 290.120094636841
290.55770264098 290.498808971487 290.502528986205 290.180946577801 290.492033462142 290.440364293314 290.428990991443 290.673423016644 290.607448276006 290.475802479862
290.193810654573 290.300560036963 290.372611947995 289.989478938483 290.242290846766 290.034395533348 290.276856143857 290.351587104618 290.34143378629 290.176480738358
289.431063343199 289.466260786614 289.503466526629 289.269927287399 289.366994916035 289.353340368146 289.488705500525 289.587229280097 289.453582485828 289.328507791371
288.264120067691 288.336524811278 288.403332915324 288.087574813955 288.16636892219 288.162161865552 288.26352680781 288.31389693957 288.187015438975 288.148991341206
287.116199128351 287.155006809372 287.179447010183 286.868744354654 286.886714122922 286.817143953055 287.14922870599 287.197509178648 287.145484087747 287.08768629648
286.346441354967 286.320872445775 286.362616481713 286.157088480103 286.301423324557 286.106665254377 286.336276160759 286.385775422568 286.396004736684 286.334740998208
286.134632890444 286.238869608074 286.224846112654 285.766638428643 285.925660919719 285.812050233116 286.217474788889 286.180712131863 286.034476513913 285.972378971111
286.173972468984 286.471314148853 286.268797712365 285.919022513333 286.360418146277 285.89556155981 286.27481374769 286.175618819859 286.336417493042 286.381654386786
286.907874503675 286.919796144958 286.919346508968 286.545765378907 286.866243788281 286.478527687798 286.909143974899 286.970576554585 286.709281220369 286.818014517449
287.831631826675 287.861369153972 287.933711671027 287.682909740379 287.70658982223 287.548729249467 287.793887910412 287.813463120326 287.910395928252 287.886858954351
289.281080385832 289.003994075631 289.143314185013 288.94470703981 289.031832552138 288.91723947029 289.102455590519 289.137255057281 289.117290171497 289.152359321637
290.23879962065 290.110349052951 290.155073507622 289.92595950098 290.032082865993 289.998258508382 290.210456469547 290.176461268298 290.201010233414 290.194188109968
290.55773688593 290.449394054508 290.534231346127 290.35421310677 290.504157309758 290.372529685794 290.582162943064 290.586722701873 290.665229138763 290.460679525323
290.327900376788 290.202441270584 290.252688077786 290.033657943629 290.269296575903 290.108761852958 290.275313190593 290.168001506685 290.38532573079 290.265870259386
289.573794915632 289.344161910302 289.490434134242 289.312100309914 289.502130618572 289.388093011035 289.581723214108 289.274380151585 289.636911240177 289.358742906246
288.318563074269 288.336742588614 288.226521667976 288.099095382296 288.198062801652 288.255325152815 288.28079512561 288.23871290899 288.410810617531 288.328210274043
287.17204282209 287.117961581416 287.048171613644 286.882919566587 287.220295533267 287.030349159903 287.176435531235 286.830893483105 287.382285710818 287.119684780299
286.330074860823 286.36887592515 286.322252694216 286.174559537037 286.552402404056 286.28606563596 286.246143761955 286.157121687026 286.37206379914 286.483536110143
286.128748284247 286.106414834565 286.084024313067 285.959365157492 286.464585882584 285.98903281138 286.273534795903 285.857836981936 286.227876064856 286.115245108102
286.208542327697 286.095000341982 286.274577686027 286.307703850907 286.54365010701 286.170237711998 286.363109164771 286.066976932305 286.528697344561 286.273511859969
286.765096152543 286.570544070684 286.657813819389 286.799273516541 287.208111209843 286.876768088483 287.104214070186 286.556057821143 287.069358211167 286.906540308893
287.852566565882 287.668598563902 287.72976909929 287.877373672623 288.236042329739 287.888710201236 288.062322339688 287.682552170464 288.083218384862 287.855716566067
289.164789093301 289.041942142931 289.10945342791 289.251867684143 289.27412202225 289.037591127922 289.251377123689 289.015525054027 289.231184720065 289.197406539338
290.236421977689 289.975129218392 290.230993854761 290.246781757133 290.301253158123 290.203532198431 290.272429580398 289.943727734637 290.344183035836 290.157265107483
290.607345615418 290.263644244644 290.586955798256 290.645955515249 290.60608212835 290.618651304714 290.700505333417 290.353032595575 290.552549467828 290.623793988451
290.331485404326 290.134046683021 290.304513466861 290.452229075767 290.323191138064 290.294659383579 290.409302572169 290.146406941521 290.324979014394 290.410806283721
289.555095172242 289.301859993062 289.520714230203 289.741504012823 289.534255588104 289.583356634273 289.62560342204 289.398939883937 289.644594646615 289.665787184676
288.346870507885 288.142973612519 288.252790171458 288.621246321323 288.39767486629 288.270127889437 288.351383156295 288.157002321543 288.400781586524 288.50716994491
287.171263644025 286.93810255796 287.067316800589 287.330459472075 287.279029221432 287.007338254815 287.019229066208 286.945094842873 287.247108756927 287.228607281586
286.286261301537 286.041371737554 286.38190056083 286.587030346176 286.379236299203 286.243048478241 286.178804484538 286.210571428686 286.467296056136 286.303889995821
285.925509481732 285.807077707382 286.120963006527 286.268915645441 286.339751278914 286.038486110301 286.116347735052 285.893937927723 286.120820700963 286.15958550704
286.243625414118 286.014588244772 286.398072741048 286.463245604005 286.383500089032 286.288583637696 286.429107192137 286.075564828355 286.434425781496 286.367840027717
286.584249991463 286.664047913314 286.859891136306 287.104463814031 286.82091952029 286.941214848349 286.778719799427 286.699465004334 286.999468174727 286.963723301855
287.836655697522 287.733063481031 287.850841708428 287.992072841044 287.975081680625 287.915526839358 287.719814862977 287.677395365437 287.997869017865 288.007169122383
289.151271295544 288.961401918034 289.107525330425 289.239510730415 289.252190787099 289.053920249689 289.101525896355 289.017308767343 289.124055144819 289.294714135083
290.14015588469 290.023156894566 290.158963119958 290.254928792537 290.298371932812 290.059805783313 290.14309079152 290.01948032811 290.172011137185 290.315913790837
290.566806752836 290.493006151962 290.477888511004 290.697303996799 290.616108843879 290.599089962159 290.465068394107 290.458646569227 290.60584497906 290.684480535386
290.260198237447 290.328879951008 290.197687350364 290.460695867758 290.249039005373 290.26881115514 290.296286659366 290.209723852963 290.458369266626 290.49453293242
289.386290271125 289.40918547101 289.566234190055 289.68970995504 289.535867737324 289.572913102623 289.52796114814 289.345863483225 289.522136367727 289.691678018477
288.16816388348 288.243238298663 288.285840839783 288.4168775041 288.274845679207 288.318950226307 288.305843421734 288.035570746553 288.298489209692 288.421815626383
287.055574492552 287.039330568796 287.092906124254 287.354705788131 287.029922143269 287.174214335101 287.172882226764 286.945358604205 287.085669967072 287.19466896058
286.17268523234 286.569031642329 286.38887553506 286.541550935268 286.305590714872 286.371503003632 286.329731091062 286.165590503942 286.465347195327 286.501154340399
285.755459496987 286.209934336499 286.052412854189 286.276726358001 286.106154471617 286.122869471702 285.885964899074 285.936349695977 286.301231483157 286.255129588006
286.099259487169 286.428744744301 286.24062478195 286.518552366064 286.399140570971 286.178636863579 286.295856957082 286.15919802252 286.572013584833 286.531746518007
286.643984485533 286.950250377712 286.999327707738 287.042460045452 286.871397456278 286.650895684193 286.80085487771 286.871624350861 287.173519943661 287.065862210951
287.86669314492 288.199476147322 287.879500098962 287.994808740854 287.84055432337 287.877202967218 287.788985750755 287.764631407498 288.175824839282 288.041480210297
289.102248414598 289.283467833542 289.203896055806 289.245878154872 289.087465393855 289.153871401133 289.097519225 289.113775753655 289.423395442326 289.330873250649
289.998307995738 290.330573568112 290.203737398202 290.277308888016 290.094184465719 290.283681321081 290.262969373458 290.056641709498 290.26937830332 290.374892905999
290.360192305328 290.646273914855 290.508485250058 290.575759008386 290.430037597488 290.53098886704 290.677106473294 290.457446714884 290.75778046188 290.798989946842
290.140756912042 290.441661522827 290.312154444126 290.283186032162 290.12101859395 290.439975734582 290.381096705244 290.257221106069 290.546117983769 290.38800147537
289.336276703961 289.579147868239 289.382009894275 289.498064635246 289.3123985665 289.598539469546 289.612243629062 289.505433371855 289.754823917075 289.557494562786
288.085934319605 288.429534520345 288.208655236419 288.263166216935 288.121127723456 288.532248585769 288.367173977432 288.15284574601 288.507336647442 288.507205017568
286.946674335391 287.220450708789 286.907590141655 287.057299320647 286.974660847995 287.384891592921 287.098214175305 287.052020622912 287.360260603274 287.226071777896
286.243927690482 286.461858395481 286.172688145676 286.414971511537 286.321062821748 286.624937941388 286.394554369561 286.344107824018 286.562497784617 286.424057775798
286.020028112596 286.182102015801 285.86653235176 286.070923616851 286.139461651373 286.295478564686 286.074110664875 285.995517707954 286.30316656289 286.133432435277
286.190371382845 286.351932887654 286.268583314448 286.284430760668 286.195163828048 286.2337598109 286.28649803389 286.141709474867 286.356118654047 286.456264784471
286.789979520716 286.903235179236 286.798029706338 286.7731883579 286.525451335707 287.004158170753 286.981533577113 286.856321983629 287.010778806653 287.078437726219
287.807569704132 287.797636627029 287.841511809258 287.785949616817 287.740325767209 288.049747374426 287.981313703658 287.815049716351 287.995221687004 287.898460666296
289.037001951231 289.098642660364 289.030279397325 289.034706583611 289.022582828645 289.386386507052 289.182697126905 289.157035373933 289.309006489891 289.26704718096
290.14888910249 290.117618815907 290.031224554817 290.062945687437 289.93886524539 290.317839659431 290.204973348885 290.145790816398 290.264898777135 290.238497335126
290.589775435727 290.505629876522 290.48284840815 290.545778967326 290.341997965481 290.667410471042 290.463051326429 290.549314637499 290.583402512892 290.684846474138
290.343002098222 290.313745370534 290.276916760645 290.315395159105 290.121197381799 290.348521087914 290.23047996185 290.272102976019 290.35263119538 290.407987112274
289.569989781751 289.443704406326 289.442653369416 289.487562452767 289.429496538385 289.571588795639 289.462841808163 289.4125460791 289.445136109499 289.626236139386
288.348596148318 288.212742284438 288.140943007029 288.311901767644 288.258170043129 288.300347163865 288.043607187839 288.319981591002 288.198433417857 288.372595629654
287.116297396072 287.11490725305 287.223469728849 287.227080537262 287.17984020999 287.280271649656 287.014442255477 287.229199603904 286.996771100777 287.207586456016
286.412520349032 286.382059588171 286.399805315952 286.506831880819 286.334528225817 286.450276434646 286.311567022238 286.427218916846 286.276533718909 286.260420720159
286.170235654983 286.1489813802 286.104062907441 286.263688648332 286.040145570243 286.392485229255 286.030741678899 286.280748081894 286.050188270042 285.954177811599
286.371251773813 286.216130813997 286.409649702736 286.576581860173 286.138183131683 286.556473921318 286.459171948472 286.394932953016 286.140423918657 286.159977388155
286.942302487616 286.805026355177 286.752003026479 287.020028770544 286.827083416858 287.007472366548 286.99773444169 286.909114479 286.837919379697 286.889693601381
288.024217932194 287.915621482147 287.893620559413 288.062902701931 287.847528905527 288.134916186354 287.92566863701 287.889496758165 287.765250840663 287.918014579725
289.314976849847 289.207649497439 289.154215969441 289.362812298085 289.107841308689 289.323745234445 289.197980922842 289.158888042281 289.015025495612 289.098874400288
290.329253835896 290.153939596472 290.150902299953 290.293195728342 290.176176295145 290.363429773353 290.189160040917 290.152607733615 290.104942478399 290.174131035165
290.651200141326 290.552265873938 290.564071895088 290.674031487906 290.574629659865 290.722539983122 290.626649862696 290.548207070553 290.45998025568 290.640665157613
290.394737846091 290.317054579156 290.299067851609 290.471266369567 290.305403114679 290.465730658692 290.374090178081 290.258167109455 290.330403794528 290.408743024306
289.664190673219 289.535495433201 289.573689804671 289.806918177889 289.497643527219 289.538093217001 289.446466787294 289.408762685941 289.39788490617 289.595820028307
288.4251492047 288.322355036894 288.337298443068 288.580131147636 288.345358306359 288.449934286545 288.255618317979 288.194358560409 288.133242945222 288.358263848589
287.31024359192 286.984272083056 287.230252820921 287.486723404852 287.201207938162 287.26711647436 287.067165262088 287.136305120921 286.895293495388 287.112458114001
286.663747221794 286.338983706301 286.491951047761 286.679722614589 286.402145366482 286.398150463265 286.361857131415 286.420604621308 286.255459924017 286.391632411721
286.301498960538 285.981803872542 286.234248769543 286.46468467181 286.149882640583 286.027786573668 286.072163947602 286.124007987633 285.896892528008 286.040515299771
286.611612098621 286.116482509288 286.401309516591 286.731142079925 286.262526843205 286.255265522199 286.195767515316 286.206999916922 286.062394771992 286.33754685544
287.127542612886 286.788949801889 287.011198765706 287.213122690653 286.934176323422 287.013819617367 286.797102246297 286.694232773668 286.678626039292 286.862360238145
288.105398159278 287.856989863627 287.920700041029 288.440708959263 287.854205819172 287.886146853425 287.800233957561 287.760940447022 287.776534314094 287.789128292416
289.372738179304 289.078352508487 289.237976282069 289.530270662855 289.215971085638 289.165339418714 289.107848810933 289.037818573751 288.9823524521 289.104722407914
290.466262426341 290.0470971853 290.296683115434 290.496359725366 290.141390261883 290.238900250763 290.075985909858 290.15252667079 289.982980541951 290.143754624109
290.957058057471 290.400457225824 290.61976800121 290.95918791008 290.6048667625 290.578865318646 290.428782820796 290.508213105239 290.388969402478 290.601304294513
290.612046615343 290.226310359142 290.433005129921 290.755475331963 290.346962846716 290.354125211618 290.222029880668 290.163138235147 290.276999177476 290.440519533591
289.835034410647 289.545025493259 289.593149176824 289.948566920527 289.605791621321 289.571871000231 289.36693660115 289.405240251768 289.392400112066 289.616801903036
288.601917340686 288.371281745336 288.336091038133 288.846397642945 288.520529471511 288.340495012538 288.151223300137 288.309082275423 288.238698556255 288.369526685935
287.432501186985 287.116192072723 287.127480096118 287.67289329424 287.331074598591 287.108907392558 287.02037131351 287.062868068851 287.117840257343 287.161507007945
286.704861272707 286.470645361394 286.488792646447 286.956273686933 286.542999991221 286.414260354618 286.381871444634 286.348387233549 286.308630318621 286.511104028984
286.476552381521 286.097977533334 286.355833594747 286.671886259496 286.3032914413 286.087548243231 286.068688881753 286.060797509119 285.938332849188 286.338413387807
286.499335564249 286.274338591337 286.470996110659 286.804169696012 286.639806270063 286.433865610072 286.426303968053 286.258555506542 286.030871849062 286.400806019186
287.147916244298 286.697142780276 287.005540638369 287.424197910683 287.094078089359 286.896382521641 286.849002698251 286.50929142919 286.851447975344 287.0503023814
288.236072332987 287.787293212868 287.997563027412 288.412946064778 287.963921770305 287.960585344294 287.811921450375 287.719533665297 287.833495242943 288.100951956112
289.477115078489 289.060431219118 289.221662801082 289.646346804423 289.301292291157 289.116144703675 289.041071580749 289.036109628435 289.044789534339 289.395981523079
290.485327849422 290.149839881342 290.327615508412 290.563290310743 290.264279865539 290.17146002728 290.085539623094 290.100874053384 290.022154474903 290.347722334522
290.811512602853 290.65451737144 290.637423900548 290.883789153251 290.653048111295 290.387117333803 290.486377576717 290.455967918957 290.489531889559 290.621216928287
290.626526967116 290.335789666487 290.49229671394 290.518672102934 290.35006437176 290.326242724491 290.248292712892 290.11991580684 290.250114140413 290.463346071737
289.76566344549 289.608453332268 289.644457215789 289.720552736871 289.479301939742 289.532310487383 289.502137634111 289.429393782932 289.439856164724 289.579157182666
288.620430475258 288.492836174211 288.507281948522 288.536032185704 288.271110009429 288.284685295479 288.28647169742 288.251907547943 288.266352609743 288.388798810204
287.447101711342 287.347060201929 287.37642635429 287.296881320573 287.11890755047 287.117040636762 287.086379607653 287.1720410496 287.093795485023 287.249725393299
286.584089090563 286.628823920878 286.477867590798 286.495348578542 286.455475678122 286.369101056579 286.446740099289 286.346452392392 286.36053827347 286.56680752136
286.206203938438 286.210960170652 286.406258893655 286.166290737075 286.091756430451 285.974932288733 286.29952628129 286.019349068903 286.29357312274 286.304431558465
286.262186809135 286.624971310596 286.382706979611 286.379141634977 286.44138988235 286.334967008364 286.201440887536 286.1350671965 286.352105036486 286.394518108149
286.708743470443 287.354544169592 286.854300613463 286.910649903914 286.94169953413 286.845383100723 286.785880270109 286.739276883918 286.932808467244 287.100128896779
287.854163919331 288.213871720023 288.018834328892 287.936939159187 287.886664970313 287.887451796644 287.969354572254 287.841923844165 287.874039254921 287.864945625108
289.106986546726 289.304098183664 289.202990521578 289.135797716197 289.158045498977 289.05711083843 289.187574773569 289.035258543969 289.21422303736 289.244556689755
289.988482937714 290.380093556227 290.139785033331 290.139727053016 290.201617642116 290.187223499897 290.135756190578 290.033713563866 290.314246370985 290.245436952762
290.415878194278 290.674313600305 290.425549625149 290.491213810607 290.552439593311 290.522549106127 290.624848792277 290.532394630342 290.729005584194 290.671094660764
290.196143836742 290.407899838996 290.294118949934 290.280753426271 290.271887761856 290.3629273433 290.505323471725 290.270888429977 290.514021842608 290.5769364785
289.33871087982 289.600529645516 289.529009596489 289.539604771542 289.385635233962 289.559364890282 289.588302780134 289.384246654276 289.659378673699 289.666549125862
288.055533131986 288.48405093308 288.264514815864 288.43566768052 288.269660287133 288.339357468574 288.465702641698 288.170332674128 288.542943324645 288.517277522634
286.890863357582 287.447533530329 287.069761964543 287.043165949138 287.136753247128 287.073774368307 287.17587339674 287.045684902785 287.319857499644 287.352896891725
286.146679753531 286.677869897106 286.28241676441 286.348680863163 286.262581873964 286.57521287064 286.387464209046 286.317624146578 286.585806883172 286.589505920776
285.744641352913 286.281851898564 285.977552632897 286.052481016985 285.883804639958 286.213409415488 286.210385827326 285.895344551796 286.326556986134 286.284546941549
286.113054323379 286.471306045505 286.371379011563 286.004859714073 286.062410869584 286.319637293535 286.287104426053 286.109129180564 286.531840959648 286.440452232589
286.582933623761 286.930331562341 286.896159473393 286.735247261318 286.754167070591 286.971264112763 287.015878814672 286.739864584981 286.959299208054 287.197097565472
287.559057836694 288.123472314639 287.894739892633 287.938034787698 287.656874316489 287.899485928237 288.093261338863 287.765202396243 287.978297197946 288.267096753258
288.945101630461 289.173694951258 289.101704575941 289.146743755699 289.002189458857 289.317717071972 289.260563731877 289.075924801642 289.295320195226 289.309300743308
289.911333361799 290.232586532932 290.097802277263 290.003538864837 290.09479305947 290.229476620379 290.398173605559 290.19239741289 290.301692240028 290.442382547241
290.240187982628 290.582835884428 290.524589661492 290.465117867637 290.526226755987 290.69702810015 290.624609691013 290.512609862967 290.555632097433 290.839574591294
290.026682585203 290.296835952292 290.2397265923 290.11437012757 290.322773444736 290.386545192415 290.359552454937 290.255465886393 290.36513432837 290.684922960175
289.243523725452 289.424622378892 289.374881484875 289.34704720908 289.516819830168 289.6448006443 289.461491726709 289.426221952209 289.548211680564 289.81541445098
288.017570064893 288.294834655682 288.265894498087 288.172525755715 288.191657326789 288.443460732951 288.279174159098 288.244937462677 288.263270336574 288.680364544358
286.900874268977 287.136505514003 287.237162412527 287.022819749543 287.044492349794 287.154480267763 287.078620692361 287.047106059025 287.021823928011 287.568910081289
286.174407047285 286.46314176944 286.420107302662 286.373743286359 286.501391806827 286.403918817645 286.364211198252 286.455857229468 286.40552559053 286.776541052319
285.727854452448 286.043423300758 286.384512508371 285.954337764761 286.262744670451 286.224105936642 286.014833144576 286.091286652252 286.144033371351 286.411955960012
286.013453343284 286.391947972999 286.383182380918 286.183602047046 286.345285893155 286.45009932282 286.246700446989 286.232693221295 286.278031670292 286.716887540456
286.54660095011 286.88178597348 286.995511126204 286.667722844783 286.870796042542 287.038444838673 286.645553278347 286.837243920289 286.777957632462 287.411468032656
287.694849370095 287.827524448471 287.915051454232 287.760457384054 288.023098967544 288.034882240052 287.79610894936 288.159399814441 287.741752786508 288.209971206566
288.856168629867 289.108182544566 289.346836262744 288.959290260256 289.178945183244 289.27423190847 289.076417419412 289.190741323826 289.139263450407 289.438177805807
289.877804611128 290.05378656361 290.341430835094 290.061088879733 290.148003065324 290.268648871528 290.055969072134 290.276139525053 290.076444895783 290.407152535443
290.356122658607 290.365947127383 290.66002179374 290.391147683309 290.555663023909 290.595585283002 290.537310958063 290.577816160252 290.553568382863 290.84456215932
290.103476331895 290.209754267594 290.36777044836 290.202624463542 290.273752286659 290.322718162206 290.278412052867 290.452251161382 290.301004044064 290.424996277169
289.23603234406 289.404488568608 289.552248325708 289.313478710425 289.466155674663 289.51703834854 289.562439492113 289.45652681257 289.527647192915 289.646863686224
288.192712306136 288.103301294875 288.439189626986 288.230482638971 288.277375756589 288.424002361834 288.31343627785 288.298489203726 288.233198377372 288.417120455988
287.05279816062 287.069633729585 287.28714570786 287.077363582047 287.155161052439 287.226560626168 287.105218180683 287.110129913869 286.973868129748 287.236794077685
286.149370304438 286.346812292545 286.73529778577 286.439565304764 286.489253350408 286.697532402082 286.405390373545 286.297956244726 286.181327788505 286.609406661627
285.76924659095 285.881244542898 286.285569735381 286.098283033253 286.129373292696 286.246552671919 286.102349847412 286.103768328637 285.982675692761 286.217149826628
285.994581365765 286.020828507995 286.482538529811 286.252061013115 286.246607144027 286.479375407962 286.323604759086 286.305371038416 286.112711074158 286.502334923757
286.794324702571 286.875072755169 286.924750943238 286.875428951995 287.082919295854 287.009582151458 286.936459656826 286.955754219735 286.560730579961 286.969396112509
287.800835978912 287.811525363838 287.898472033979 287.820938559032 287.961954145778 288.052554791282 287.959801702739 287.908929853965 287.542389290995 288.203993295559
288.906632294326 288.97596974767 289.166509228648 289.039194894095 289.069369987512 289.295350866497 289.148605380625 289.04502038067 288.95717194727 289.285378426147
290.056809583727 290.022360664662 290.101003902123 290.07296291242 290.162885199273 290.18404719024 290.296209358986 290.173051700435 290.020349185515 290.292525799961
290.366493144956 290.238464809809 290.505207563328 290.405903233299 290.576649280256 290.690349943134 290.626524643775 290.728513621542 290.390405806916 290.678374446265
290.151975940859 290.025811536832 290.345619281913 290.173569768096 290.24811142324 290.245468879213 290.321867279376 290.380188218646 290.211808223 290.502634088151
289.460351441828 289.340099189203 289.483399753561 289.414543877874 289.552004277676 289.528668187557 289.522323418976 289.463063911002 289.335151255561 289.709492001
288.175933242152 288.063942539633 288.303843669606 288.373989708734 288.246378432474 288.339414224715 288.277197496926 288.206637742207 288.101035726096 288.483800039046
286.90169766665 286.815843270212 287.192005377819 287.136412562522 287.020108146121 287.05478173279 287.146466116975 287.080930981137 286.894156742546 287.274147763972
286.265849519512 286.041535742499 286.474714605597 286.271243701975 286.504633414456 286.399545022051 286.311448821075 286.33328874395 286.252852486659 286.486270219278
285.876784807123 285.851324731414 286.269168213083 286.124794574652 286.112796930595 286.231444922792 286.182987056553 286.150455271365 285.788829199964 286.266401443162
286.279708667164 285.958886255037 286.451570023115 286.417934832418 286.127012745423 286.308801814022 286.340620729309 286.308211865393 285.797954967643 286.533544146335
286.628697444679 286.555113145868 287.094054038938 286.971729086322 286.845951951104 286.706097874214 286.836558876087 286.872575510241 286.547195733865 286.981705327935
287.72269027113 287.680786051065 288.081071916969 288.002567259837 287.933232951827 287.929061875901 287.837733559339 287.884589218126 287.620400012436 288.024584071412
289.089082271746 288.896216959755 289.220526321336 289.227555869719 289.112019560087 289.053067697527 289.10721518562 289.079308835488 288.877191270668 289.419495779947
290.068010460354 289.996454942139 290.203028748388 290.154068887844 290.133556996715 290.181215866342 290.176789968315 290.153387531211 289.88674388731 290.384480966278
290.438772723081 290.337933555682 290.630744104318 290.536711990412 290.455724191035 290.411666998992 290.526993696143 290.581963669003 290.449772263574 290.644098544702
290.142493637566 290.102857672836 290.33644800194 290.42075465701 290.156539184374 290.136479757056 290.257584892631 290.288825140382 290.162892883704 290.355964716338
289.450537354569 289.314374935884 289.60015126103 289.615895689015 289.407580176699 289.468346663449 289.492353546966 289.572141453149 289.278675904901 289.664524318339
288.174878553419 287.935642656338 288.300884375419 288.401722760812 288.223509821097 288.149520938995 288.382181568762 288.184001371714 288.177139738812 288.404606935918
286.989663263701 286.901452385924 287.183604541389 287.198324455327 287.086536504631 287.020197771204 287.20852770871 287.096915277302 286.968412053738 287.161719710187
286.336559435726 286.171510590138 286.456365446389 286.460161562466 286.431977816078 286.307277751909 286.380588528755 286.426010185492 286.270881615536 286.513552162301
285.983317389078 285.796511434461 286.318044783256 286.238127173537 286.069828330341 285.849796329446 286.034548106695 286.109843194425 286.062063672545 285.992242259591
286.118196364312 286.033695995174 286.395897702856 286.494741009063 286.306226149939 286.136746980333 286.30905686048 286.304506844572 286.141293645537 286.138751836131
286.785689933678 286.665125339506 286.946603845262 286.967763239705 286.781295272573 286.843977756254 286.760466381823 286.970688413233 286.595007863976 286.716044262724
287.846234559769 287.703321862659 288.013700520602 288.007527304544 287.66804786024 287.822787190339 287.894208586027 287.958441954263 287.661107276197 287.947792470058
289.077868339871 289.018684156616 289.292645881464 289.268892674962 289.013716928479 289.089206587879 289.206684960934 289.250367492722 288.891071492426 289.073171196363
290.201934777 289.974735395265 290.264146826728 290.128315561187 290.156492228911 290.09809119405 290.146425547349 290.227820596802 289.966094439376 290.183746745467
290.511916808447 290.360365411368 290.631712246877 290.534956655477 290.517530334221 290.441934162393 290.574082988148 290.682028779578 290.431806128849 290.564831180552
290.289235042137 290.187452906175 290.490572781728 290.319952773589 290.235303332294 290.258514862025 290.418949728895 290.478882263723 290.246698394095 290.257435295083
289.48265445878 289.357702549891 289.632114597468 289.523744695636 289.409508267197 289.526569849843 289.614415049348 289.63052715878 289.444565700713 289.590738745111
288.296985888183 288.236523006709 288.397526139485 288.504924881444 288.234868463379 288.366313817606 288.38680243116 288.382513415159 288.125059428893 288.316317343389
287.184027508821 286.972489683045 287.397475971919 287.502831717824 286.987056262292 287.193359572963 287.160233575435 287.331965104101 286.968964582753 287.177776668867
286.313152072826 286.211543396807 286.624385467013 286.760364809591 286.269972756745 286.314037030069 286.46042920484 286.602252519578 286.384523073925 286.50804583389
285.942443521809 285.943503121363 286.328865810714 286.428761803733 285.792203112007 286.230816941289 286.119512000349 286.147132410961 286.044131870493 286.145620339689
286.218516975404 286.168368838342 286.494724719502 286.556136802718 286.075409110606 286.396827463371 286.202173557717 286.267459915115 286.299877479779 286.217900952758
286.759631448935 286.569011317789 287.031220056344 287.233503905311 286.697509894187 286.786687522044 286.859566571178 287.09020920716 286.862509860253 286.712582279148
287.669431879393 287.640047964247 287.983105660163 288.388095680708 287.801576397601 287.985575158134 287.930353581937 288.017817834151 287.908225826118 287.859988104376
289.118273662628 289.030120714658 289.199027209191 289.479971029971 289.038506598576 289.219268870451 289.302086406972 289.241498283381 289.275014627721 289.121841702038
290.240766725312 290.098907147774 290.333018368605 290.362499843345 290.179090661843 290.176342440466 290.139386864753 290.253189888965 290.382404604649 290.126684403107
290.607352013716 290.46776535703 290.599455054651 290.732014577033 290.537105320185 290.56878702798 290.565046833987 290.629237173501 290.703091957411 290.513389944925
290.360069149456 290.204356311542 290.362428755381 290.479474956189 290.421420442124 290.453818794236 290.296561491874 290.399815038071 290.501922498906 290.271328707006
289.527113308133 289.464396415659 289.521017372567 289.635509732129 289.559462015703 289.589747988011 289.516966075366 289.487048145868 289.638525191632 289.510675508529
288.407366859865 288.219595098783 288.453576676671 288.479691620846 288.246540031784 288.298670861099 288.251836968922 288.25861689674 288.481032412538 288.248831858161
287.409820837004 287.10884832232 287.375465039287 287.432389065697 287.110871116551 287.249241230236 287.071655244715 287.184330679441 287.406982863441 287.26884396388
286.543173848824 286.529460130023 286.714360106143 286.633389837612 286.446422155961 286.491063914688 286.295133206115 286.453706544815 286.6863917383 286.421067787688
286.341189327305 286.328716284855 286.530990436811 286.424435264649 286.197844242221 286.297875925791 285.9113298651 286.124309076464 286.361438925762 286.121163876984
286.405103904657 286.43222553136 286.554861528065 286.481948898307 286.426149403395 286.251826207737 286.236392353543 286.42895210963 286.435552581714 286.308576828353
286.929082430886 286.932465653638 287.041425320848 287.011959600093 286.993394854044 286.92271700278 286.753026773213 286.837999222914 287.01819017783 286.906961734313
287.952002098736 288.03616086086 288.229899125458 287.891778325377 288.11879576657 287.833810942106 287.83266780274 287.997539971543 288.056955064 287.928125964158
289.171892947856 289.134267646256 289.464281227095 289.079249077945 289.30752326343 289.158057262111 289.026590358728 289.188425171657 289.342636185874 289.197983462078
290.16594271786 290.174582244184 290.47098731757 290.230086413383 290.379497764226 290.196950614112 290.087856938093 290.14845225405 290.318825015727 290.273015187362
290.564375383547 290.611589820172 290.794932676514 290.576437172982 290.661128137068 290.602341221479 290.501148355188 290.522438959603 290.728683332386 290.66643934021
290.349625272671 290.368981211444 290.587162700774 290.31019348812 290.384537987273 290.371724926721 290.272428438956 290.234325819107 290.630708662942 290.467132968189
289.562437498127 289.629612778389 289.886670075948 289.443787829899 289.565279011144 289.59548740311 289.43782858662 289.444378337288 289.812747896135 289.635433571124
288.31635584498 288.402444548291 288.645656715451 288.179292068207 288.387139815055 288.236300622414 288.165083406451 288.219275558256 288.537134143812 288.302663088825
287.2090532283 287.125065739864 287.622756873253 287.056011898053 287.195363398672 287.17867178979 286.957056448562 286.996769834797 287.342881298568 287.097270533642
286.295320032778 286.334200367871 286.664140880396 286.357598454658 286.478901899367 286.470256823418 286.35009722298 286.349245641736 286.599763917841 286.284621148092
285.955981696858 286.137007903416 286.566712367031 286.090920044579 286.031919186753 286.162427272403 286.083140352866 285.883109288131 286.293947965125 286.24286275451
286.257492076255 286.261217935125 286.633299122472 286.165553875773 286.243514387479 286.282160360171 286.255273807315 285.971842607211 286.396137191169 286.400839751856
286.689171029828 286.779577383643 287.201610811897 286.559840330227 286.773954395727 286.91479657574 286.70160679034 286.780221470065 286.796542627925 286.981762375455
287.529761475033 287.994165695329 288.063066224733 287.770567755085 287.836709514962 287.89749783721 287.889951334632 287.855347665953 288.049896011503 287.93798867197
288.887811537038 289.121205103924 289.338209061856 288.967469559774 289.100808842859 289.123196344507 289.178851935843 289.150255023466 289.270462448784 289.186391609005
289.994649238608 290.121697578026 290.381801406029 289.978178931522 290.203023843637 290.205285649721 290.270317149043 290.089616191008 290.274050742107 290.294177227646
290.275934880314 290.429304813669 290.610580129985 290.421440291676 290.568081397567 290.594724952962 290.657896908573 290.46290704655 290.709876800808 290.644802753254
290.074638392967 290.127713793269 290.374705008275 290.274659182191 290.259220268072 290.414521304411 290.544735845459 290.219543650976 290.377168481477 290.466017202669
289.22553749679 289.288741163124 289.502237404349 289.330692774874 289.538734395091 289.517006396244 289.692618539951 289.415299427636 289.607201574544 289.686774034372
288.066346839702 288.122142954149 288.294189320878 288.212834030787 288.262789329583 288.276596913376 288.437127661408 288.147701141947 288.369562160003 288.307884133507
286.995118188729 286.886901112366 287.168156641906 286.9453294946 287.192747270365 287.089298621309 287.270032712268 287.089100455178 287.175152690839 287.285661918397
286.274668764842 286.068515481632 286.46797144703 286.383858659559 286.46736858926 286.448012928927 286.443172662169 286.237928819913 286.328479655797 286.548016579093
285.75781722581 285.704516891196 286.145717533829 286.005010680826 286.098660947276 286.110629011041 286.349686281512 285.845579259291 285.954260170304 286.330852235302
285.933169485444 285.995337856457 286.077471977774 286.21492881853 286.349617228891 286.428920060248 286.554122878834 285.846415245804 286.160982010121 286.568729904104
286.604478502971 286.591219532968 286.817713262489 286.672998261876 287.105257973875 286.923273786395 287.108326293049 286.575572890608 286.843550142559 287.096156005376
287.76661250107 287.67735662357 287.725534156311 287.596826699289 288.010967285835 287.769532940149 288.156665459079 287.737094007879 287.878495760169 288.123657959898
288.927178959031 288.89643758292 289.025227533439 289.036888055034 289.179335972602 289.000719149828 289.366158557679 289.090637869396 289.139523878471 289.182440497959
289.915844098441 289.971642346273 290.032941041083 290.049513636423 290.175606902084 290.227939877834 290.43931345688 290.08382912577 290.085750978019 290.258592219673
290.2955155958 290.312800453278 290.468779913731 290.416400967876 290.55686817599 290.550994924705 290.783051591967 290.577142204614 290.453909207677 290.646167927339
290.038563940581 290.050915164549 290.239417140389 290.187799767189 290.266754217854 290.322794198733 290.605039932762 290.276995190509 290.317643246146 290.489341247428
289.284340960643 289.227699447391 289.435725069869 289.472358150255 289.494648854403 289.559961601248 289.775037701243 289.458730762124 289.553345996627 289.711000835643
288.035051895311 288.070255061208 288.341096289902 288.239423938849 288.292061184948 288.299374095852 288.570019284358 288.258708759277 288.206683584026 288.488389436416
286.833839056836 286.848001029791 287.105263271663 287.172699805137 287.094978605537 287.176105475589 287.460186135818 287.126099121694 287.076323223149 287.354440387629
286.129748223543 286.238819140677 286.224819266572 286.353195351287 286.350440586158 286.462892599585 286.600243339095 286.264270979548 286.340307722554 286.628270274589
285.629003925891 286.007342199571 286.110708350168 286.139800459977 286.04613681576 286.157898410479 286.401435028109 285.875111001131 286.020317590348 286.325684493606
286.020185158464 286.14061530858 286.316788923255 286.255461417626 286.182446292923 286.501855778695 286.524738866516 286.239109774461 286.213419983483 286.401801245071
286.418643578324 286.724334288262 286.839075603937 286.942741912289 286.82482151543 286.816478151293 287.116187937632 286.597569135689 286.797211410939 287.04731627965
287.604041611757 287.773204853415 287.924693132432 287.849882780639 287.838697315132 287.858892726985 287.969890805968 287.879162829665 287.780648093639 288.048900048583
289.07545564571 288.975692268634 289.08612314359 289.191801700043 289.141985249972 289.156002692173 289.311888593886 289.148952856989 289.119556945283 289.203225900514
290.068822243764 290.0661423981 290.1629477837 290.224652393572 290.172993623099 290.261350670448 290.349356031848 290.11319195848 290.086591736776 290.402225033883
290.396835988595 290.428907487298 290.480187721747 290.51266926808 290.432758011777 290.549243188433 290.671467003798 290.544997101378 290.449823068362 290.608061479271
290.197773335029 290.238860355692 290.298478648943 290.352589582109 290.27789647619 290.22952612826 290.387407714369 290.390960130246 290.123389683663 290.448248367182
289.322042878236 289.514303924385 289.557983193436 289.562941238789 289.427923942428 289.438427083204 289.609468344475 289.530180584716 289.488591636153 289.47583577732
288.198158911521 288.307907265324 288.393690276627 288.305888343198 288.318901303266 288.306030928618 288.407251820325 288.417132582888 288.254724455033 288.318176488745
287.1026170274 287.101492479698 287.184949141179 287.082719251351 287.128517874119 287.077006708418 287.208667847469 287.243523699557 287.127572416985 287.179674439098
286.279941262515 286.376001109373 286.427267746174 286.270986056332 286.470765946447 286.232698931881 286.48559347703 286.4046247557 286.293962337417 286.399167247333
286.157753408573 286.09866261951 286.122918546035 285.918487082703 286.209107118329 286.193015466122 286.276945035063 286.291425978237 285.911921741045 286.120490448476
286.321769039886 286.275435565204 286.299967854378 286.335512451415 286.248572233835 286.269948176366 286.321558444881 286.582828091184 286.112137168209 286.280154959583
286.753088236639 286.675268028112 286.767016893466 286.76610104981 286.827140587168 286.88688743347 286.881386828746 287.088359061735 286.849296109837 286.740372522381
287.864774774807 287.841778977496 287.879560827376 287.90530720656 287.944059619166 287.830201242828 287.946759925379 287.972864367256 287.964166698557 287.921792679808
289.084699629843 289.135201148626 289.132934127392 289.097281565448 289.159396231069 289.117947904349 289.245173953417 289.242153044129 289.147392760041 288.936490481965
290.28847260706 290.219082875786 290.154778046014 290.204685576339 290.200943173841 290.073981979256 290.24003807342 290.307997134634 290.19130262092 290.040402316318
290.62225372553 290.570665341487 290.622955583035 290.525634383905 290.638742927975 290.524505387083 290.527688843121 290.662783337498 290.492189529853 290.504516073941
290.364630845151 290.348549773285 290.32194929059 290.23396356525 290.490957578567 290.27994774798 290.264862146021 290.41387757772 290.309909950736 290.282726113147
289.596329965049 289.538212272046 289.64012735865 289.413021991468 289.7304712596 289.423436877306 289.607011936899 289.604542780555 289.523210528304 289.465350510361
288.263322852368 288.393039030934 288.360414101637 288.28562289562 288.533724682049 288.138179421076 288.413535997597 288.433067441553 288.269216487169 288.288903237615
287.092301272174 287.322667371457 287.256759105549 287.159807873884 287.283514053227 287.041385193027 287.210580660695 287.26952354387 287.140396376718 287.083078191569
286.335136723858 286.540435004752 286.33827990325 286.303487720193 286.565352302285 286.364960402886 286.555560979241 286.52024080063 286.417223023184 286.366380011614
286.179051197705 286.307254458667 286.159625269604 285.955888012305 286.19517957841 286.066992195683 286.226969162692 286.148707414487 286.224285702027 285.976206504322
286.456742795211 286.306189879538 286.324304263352 286.339839117948 286.339231359436 286.143224715665 286.296731464313 286.383715693078 286.617127955751 286.236006111024
286.913652390367 286.726074546914 286.947891243417 286.942989765509 287.04790872212 286.862808382162 286.807856559834 287.054603797616 286.989624829714 286.750795008246
287.919810717544 287.932223649844 287.967028264687 287.960060247808 288.051805638226 287.880866116715 287.9732282848 288.110341739709 287.970763337982 287.616116020154
289.148518057505 289.152999200594 289.166454426187 289.179133762745 289.168306328601 289.12850120975 289.121782652181 289.275147912244 289.275448595749 289.112768922587
290.149731930867 290.145749066926 290.298395573212 290.179668549407 290.238655884365 290.262026362735 290.215627519757 290.21202484505 290.255941065772 290.117140151488
290.539847313859 290.479984636258 290.661070035055 290.530258655346 290.67728334749 290.56099231765 290.547114632268 290.519052520505 290.666282915294 290.56497780563
290.299094981499 290.100402678358 290.384368045562 290.23215846559 290.447849272789 290.246484957181 290.241223017377 290.132461826233 290.452446758691 290.277329510053
289.522804792079 289.451750172086 289.542440421547 289.566673484601 289.623951045912 289.512264748981 289.476695589358 289.392463816541 289.695015150585 289.580306852931
288.259896845088 288.204165197767 288.438677368707 288.1959363296 288.517975971656 288.394097338381 288.245073343019 288.146236893954 288.545284875992 288.365990406553
287.136448893007 287.042544993741 287.297476276742 287.021352456485 287.246198163987 287.261146288572 287.141601212823 287.070898092019 287.375844441219 287.099371207537
286.293784939003 286.290299814991 286.458138486375 286.424016773525 286.404389214196 286.46748323551 286.345033075841 286.378771539199 286.56268898516 286.394270453539
286.150297888962 285.815845397863 286.200565593611 286.031032347298 286.2042380672 286.201596076438 286.209624619274 286.078895616463 286.102323192358 286.175233375909
286.244375666365 286.183256143638 286.339551735995 286.130097289301 286.492066346159 286.298604557283 286.315215987335 286.051377421157 286.382757491468 286.414436259118
286.746365649201 286.803112061083 286.949213293296 286.7352402266 286.983654929716 286.845607304023 286.746987407383 286.698394230129 286.967299750025 286.872034833352
287.907372666723 287.665052366728 287.840370968405 287.749758418015 287.986617577068 288.012984943815 287.803616875497 287.855467001681 288.132803717865 287.861859257011
289.161294527286 288.927817329061 289.210749937393 289.069553822804 289.239754737415 289.210230539195 289.105670665812 289.086460390293 289.152529838561 289.191729015912
290.258284984738 289.979237228859 290.139289575718 290.135283093803 290.307280320834 290.232191082018 290.037332130362 290.129586930889 290.206178843716 290.317122025657
290.480650150534 290.300464941414 290.507405779496 290.610525122954 290.608986790772 290.595118968108 290.512199928316 290.529551093908 290.552532979292 290.746655861707
290.289620685617 290.067721196088 290.150008144778 290.285050335094 290.375908230616 290.381347473414 290.270563760791 290.281163602362 290.182523946937 290.484599144888
289.535954240221 289.397018706378 289.430714279092 289.615431343313 289.532092603899 289.577076500039 289.489231446571 289.498560789358 289.460077077403 289.775711232695
288.340407420254 288.12546871458 288.296023861377 288.326706504161 288.404749750266 288.439309359754 288.155090940226 288.341530969083 288.222343793012 288.55123749739
287.105415155302 286.928930212341 287.157596723535 287.161442630842 287.311764471414 287.251295796551 287.061409933274 286.941992703374 287.202082378439 287.418447536376
286.388959963967 286.144680718958 286.538923192875 286.434831769012 286.531093676772 286.466588953011 286.234048047419 286.216938455235 286.535921256672 286.602906938868
