285.712141994963 286.031149776062 285.555743548008 286.02160019866 285.931014640244
286.0368162358 286.152900135768 285.974425313137 286.082604117529 286.148039033854
286.513301754325 286.716548671933 286.550879800763 286.601691814126 286.635140210291
287.46404181344 287.653660720447 287.273034573965 287.730966285755 287.450770314262
288.798276084982 288.865607031233 288.661652614496 289.006848670281 288.731430395524
289.918667823892 289.95848537565 289.629181353519 290.103110200583 289.858980311234
290.332313256322 290.371114727905 290.006224358952 290.398740328079 290.261527319972
290.047097885938 290.186412560335 289.808067540531 290.111953207405 290.017203823206
289.06035646353 289.324582438283 289.130513577601 289.306008642153 289.163991312961
287.882652610521 288.119309400396 287.923702365392 288.204986384896 288.015217759585
286.818001547075 286.989490747987 286.692321785468 287.046286945555 286.921327187263
286.238512151617 286.426030466383 285.940817399018 286.267827530102 286.11563537982
285.859979598956 286.123100141303 285.912457017792 286.118922897338 286.019242922259
285.903695807939 286.199493860709 285.802370557914 286.174757061772 285.932754888253
286.490498475405 286.813332944332 286.359747917576 286.679392015118 286.549127419506
287.475859704004 287.819242066916 287.422440300656 287.534952351437 287.489909097221
288.641605465706 289.097809587236 288.730233725157 288.855718140996 288.752372635717
289.66733250162 290.140206056044 289.71715507047 289.771399482485 289.872977356421
290.107110265012 290.488637365645 290.262262810416 290.110376421713 290.153908522155
289.890002842078 290.121179229031 290.024797362849 289.782856816518 289.907929432295
289.005018045446 289.346078517756 289.292685913816 288.954171435771 288.969512543268
287.488322108882 288.187972889864 288.023791486102 287.668230269016 287.70168835352
286.395216390676 286.914256210586 286.962893804205 286.420825899869 286.592130559027
285.704318688984 286.25692672811 286.225389431578 285.644109445556 285.928394960004
285.450910402587 285.900193679052 286.061797917087 285.502470693871 285.58321170261
285.61383019044 285.787909539476 285.974712110949 285.50120387502 285.824115761124
286.057085434622 286.411658524501 286.643535926003 286.192978290237 286.140375891702
287.16505180223 287.545252337333 287.646658089672 287.207623031642 287.222989849787
288.411188508783 288.654954582163 288.892048489742 288.393436074294 288.4350016348
289.409288284078 289.572418364385 290.122517327466 289.425249042201 289.387535156811
289.9187738804 289.910250527355 290.439971902582 289.908123935023 289.895584283001
289.727947803807 289.706141955249 290.077481922879 289.630754328579 289.618750835378
288.901257472376 288.837699952143 289.193962213423 288.802980772334 288.823778986114
287.641068096256 287.524366188271 287.978839079863 287.497751779712 287.622825936951
286.387754783199 286.425602974098 286.809304492113 286.439044497799 286.491689685522
285.740939436518 285.786107230009 286.118125825134 285.862451607537 285.863015008027
285.519128991289 285.348150322473 285.696507016876 285.422124724332 285.703087469472
285.602631369465 285.418004514563 285.899286736929 285.606152088427 285.845647453063
286.289944154782 286.193889367236 286.416382997703 286.096083115235 286.26429000992
287.352849322633 287.199359492357 287.510644415739 287.087693778488 287.040811067866
288.587916558196 288.378974203862 288.690728724107 288.352722753565 288.4757388541
289.568407578635 289.412384720721 289.707621999745 289.408063180473 289.658490681961
290.00720412566 289.819107469679 290.182207079526 289.976707186651 290.18208407518
289.701201735476 289.62621974189 289.843040825456 289.734369493847 289.922468637755
288.889857869757 288.879184673889 288.874860214673 289.116660371921 289.063722751943
287.677495227105 287.540231717756 287.743899446917 287.834573213557 287.767759150887
286.618066516088 286.40234116513 286.557403530147 286.767717662524 286.696798969387
285.826516560856 285.631720215141 285.833230785157 285.987516082252 286.233030987994
285.471379010884 285.476225678456 285.613794546048 285.637103154846 285.805306490118
285.803475383958 285.683796284368 285.657149502033 285.720791457698 286.08775123462
286.277835030446 286.334845125272 286.286369686657 286.32980412081 286.472263364121
287.320646673596 287.228926499218 287.32156940074 287.50372852067 287.47636046391
288.620902896955 288.439754751499 288.491070543731 288.758413819303 288.698560653837
289.762907700673 289.424753179312 289.390042902691 289.773979647587 289.766334367983
290.165594789287 289.801475243292 290.002610030481 290.066998065237 290.235837807635
289.817602280957 289.614782461286 289.782022224378 289.826078351216 290.087855782761
289.145178310962 288.814954133064 289.022569136288 289.062897444263 289.130596585209
287.761590987725 287.509499667945 287.813543591489 287.891842583172 287.912019350829
286.798753509991 286.532315807701 286.604941702126 286.803712123916 286.899564143783
286.070036765499 285.900827814966 285.99472419336 286.022348654286 286.244414022191
285.72937332768 285.609760861235 285.749165135795 285.763923690639 285.872725879135
285.942071554312 285.747486729808 285.727656610403 285.960023601889 285.957252258537
286.343711784442 286.30967351928 286.487744893688 286.446772809659 286.599085580456
287.394880037432 287.223800709399 287.441658114255 287.456062057359 287.681752848221
288.645193198179 288.571769860339 288.641029303896 288.72873880008 288.778500015066
289.792210393016 289.568932347687 289.623705009056 289.690363287303 289.837855220623
290.332430876233 290.218085625332 290.045694605915 290.246080415669 290.229103233009
290.033560926197 290.00488371171 289.813887224565 289.970729006532 290.036194752841
289.153904066587 289.148968988376 289.02710419249 289.131930596555 289.158000175036
287.887126335711 287.999200591892 287.739370945532 288.076104412294 287.858648652656
286.874119282135 287.00780753404 286.689916124521 286.856715056482 286.843053381477
286.250878067172 286.256543297253 285.906027295546 286.395273933823 286.21539738368
285.875485711912 286.148951363482 285.780087567968 286.153647610935 285.728667080415
285.993756642146 286.158803381144 285.843012074306 286.285620431191 285.803892638082
286.630551077185 286.69093134886 286.454214806995 286.91823619976 286.3479054041
287.51785088976 287.668057679598 287.405653866007 287.81531875144 287.339159403538
288.837243764342 289.089831777412 288.637557137088 288.941283925413 288.657178345549
289.950851823646 290.103640865723 289.68418376402 290.144041397328 289.680936257375
290.375284547242 290.474048304716 290.134937838716 290.566925977917 290.218974002247
290.114639565387 290.213628815506 289.943922769454 290.409237584682 289.888657871147
289.236416601621 289.328811041016 289.092635662962 289.624813102875 289.095695895801
287.970573173261 288.1903588605 287.920627809521 288.463143773601 287.978448202536
286.808259217849 287.087989448825 286.832528855392 287.444212549342 286.93638355816
286.025383298081 286.498582918116 286.065820865073 286.694567764492 286.305988719314
285.991390058918 286.17500881716 285.899219855938 286.445603467646 286.004494241928
285.986770326133 286.208666893053 286.073161010935 286.533308038969 286.003892033897
286.549747237971 287.007680918196 286.616028724021 287.084200107664 286.531559441699
287.439314689592 288.115009089072 287.630184330952 288.191663933778 287.494678724708
288.669607634321 289.11428089593 288.675950930863 289.161971937723 288.798427068669
289.698734242519 290.221868305474 289.85465348843 290.313512419431 289.802064269774
290.241626879222 290.465439026799 290.30974597794 290.627995298372 290.148296234656
290.090879978795 290.237110366275 290.129651715619 290.279110482476 289.863851829296
289.22272811075 289.38027121912 289.244776916399 289.357595200575 289.13662397259
287.799059743077 288.171610793983 288.298616816338 288.107128865427 288.000824567727
286.62776167896 286.953796875499 287.078288979058 286.891305816203 286.887265528356
285.853058285467 286.319889375939 286.433768872693 286.102310764309 286.359491171654
285.637984993839 286.038181693888 286.030324234666 285.755632330807 285.971570599659
285.983099287603 286.08155742436 286.296100232175 286.078430747803 286.085200332087
286.40179619657 286.744302608746 286.905681106981 286.61609024361 286.716173650216
287.495426257169 287.577416562791 287.957783135219 287.650509997805 287.714644829401
288.806992865629 288.738580042187 289.097697549705 288.687638737334 288.914580537568
289.759946845939 289.784346363724 290.145669223763 289.831120432126 290.07276134752
290.263288662281 290.246671617773 290.57781701177 290.182532492467 290.27250470788
290.11917495723 289.897417728209 290.285436241224 289.921436475148 290.087191719798
289.223887323449 289.171285309086 289.41305009475 289.071467033758 289.410264706942
288.03792363733 288.004068548668 288.205560265727 287.740327994555 288.207249373213
286.826916062057 286.648811689225 287.134348134597 286.693324705568 287.051967707892
286.085239860441 285.89815673024 286.364006380133 286.025994581505 286.472688563268
285.908975516893 285.616187189731 286.249857440242 285.559420002561 286.135483836728
285.996756266383 286.091417177867 286.222743300561 285.865546335047 286.268493381626
286.400936239997 286.673881194583 286.809283647357 286.468775958739 286.675716656189
287.511823727988 287.543649856239 287.641360719168 287.410850835429 287.56124306858
288.891894443415 288.737472609028 288.858723617158 288.726544099675 288.875355285865
289.971242171293 289.861632841419 289.883418905196 289.759878319277 290.033868024894
290.37362065935 290.195471123006 290.301062061115 290.250338429281 290.47275777003
290.061838846861 290.122769133149 290.169987265702 289.98940099532 290.288461234935
289.264366237856 289.205498286213 289.270183889326 289.22323310763 289.406293092574
288.148015087764 287.820168362399 287.955861497047 287.886187513233 288.173481998511
286.887632778552 286.808821698065 286.86089930652 286.743131925557 287.172270023684
286.106286562001 286.168721516123 286.308000655773 286.110522798091 286.308113880575
286.035362733219 285.833436709725 286.070311766247 285.816890452651 285.964070691317
286.071341495842 285.972404071784 286.138402600841 286.078978190834 286.189838462664
286.673916637613 286.582758413498 286.595457076239 286.659158722343 286.626303182527
287.846134707929 287.563191355691 287.496896868353 287.582836119555 287.569327712251
288.81549596165 288.745784243226 288.796571145561 288.874267807624 288.724331400798
289.982523732895 289.899192980068 289.790752085551 289.918209913431 289.783478450337
290.403065144088 290.283916326369 290.20273663599 290.349097777268 290.173514670972
290.138925523065 289.992639941455 289.967927798565 290.219419747158 289.857275283623
289.229470889245 289.165153696346 289.125081713711 289.343720782871 289.026410796293
288.040963335589 287.930601877228 287.818177916541 288.03300181263 287.84932030709
287.073042816193 286.844279895374 286.661479927584 286.799630726217 286.628846515304
286.25149688452 286.166398976753 286.052580903648 286.269089680497 285.951609106108
285.946668400104 285.630291214748 285.828573898432 285.876310990274 285.521167501943
286.004007372523 285.891799588961 285.854627016834 285.987719164526 285.554842150015
286.52927147763 286.402095276019 286.281932055547 286.518193775886 286.103355727214
287.500015499275 287.355301939125 287.303544943327 287.484336252232 286.98401672036
288.753562691941 288.480056174424 288.425889188425 288.669656133688 288.231858073577
289.861698134486 289.42430873783 289.570461242537 289.717585080786 289.323010989336
290.28147529895 289.904272314865 290.084765927953 290.174557625705 289.694634560576
290.011991764062 289.702948865589 289.801177496138 289.827001461226 289.508666429038
289.182035061154 288.776076829085 288.878672110576 289.110948424987 288.718436205403
288.157558586439 287.488906760061 287.773385415493 287.959891275011 287.512128314537
287.015360567901 286.405601920037 286.642871315115 286.865460790441 286.31809561596
286.447767713466 285.792373381562 285.79762172265 286.055150246111 285.759108407431
286.274809019692 285.473487083746 285.741216921937 285.81125522802 285.481440573301
286.411433411047 285.691253488075 285.915691744018 286.053944901644 285.580045186546
286.787654153986 286.350847335176 286.451725290327 286.589710837345 286.042171908326
287.915878769187 287.282323059504 287.453347375271 287.531231417856 287.064200885571
289.118789675176 288.437940755766 288.717175147403 288.88821396467 288.453944097671
290.075290383326 289.548363659751 289.643230068061 289.796965500602 289.475350517484
290.685130606741 290.0263506446 290.154317486297 290.281274859696 289.948546565773
290.330451067578 289.839721284539 290.102897843088 290.013555063758 289.675344883775
289.452142701594 289.030926012566 289.182348511071 289.10690263736 288.935463597185
288.411406800927 287.879822481775 288.022037972809 287.974443627641 287.644135634801
287.085518754192 286.584984448629 286.913708544272 286.943334857714 286.514112489064
286.514749651527 285.975755726698 286.130953585395 286.0893812866 285.784946440119
286.234963731983 285.72980667277 285.96971625734 285.845561118433 285.585458118798
286.208369091908 285.892246650781 286.203737483879 285.877880280744 285.656995252932
286.812879452747 286.347370302077 286.759029596549 286.446025979511 286.306502621824
287.77224334636 287.422570947815 287.775514876779 287.447392455319 287.278030704792
288.859264489682 288.649475342333 288.997716116145 288.728644991963 288.486682797773
289.799622311237 289.83928262957 289.854301527819 289.883086479091 289.550066934796
290.230476983307 290.279448591786 290.404215984386 290.300855678624 289.970872611535
290.052789612967 290.05145496292 289.985181890686 289.970751951751 289.783084551129
289.129593378846 289.297821834232 289.180761872427 289.16324689046 288.952455418859
287.923998256309 287.965256166202 288.062868296725 287.967696797922 287.669794897618
286.699687426927 286.869323487074 287.028034716989 286.925416001346 286.637472188398
286.105967443095 286.293803380196 286.172965900487 286.335436648168 286.047878397434
285.716832205803 285.952420891381 285.845720965992 285.88627828402 285.724900226222
285.949444137976 285.990319444559 286.000830777913 286.272241026724 285.854325555116
286.262541519128 286.374145999395 286.406371400099 286.622317992626 286.332193564474
287.436481977243 287.654072618285 287.404325678303 287.574267193127 287.347879380903
288.638790021794 288.836533293814 288.799538336564 288.891610381019 288.637736893221
289.707607710336 289.906463154733 289.837251679365 289.827712911452 289.719406854973
290.218627006117 290.388595121223 290.186091826515 290.271333966895 290.117222797956
290.016854072953 290.180679309005 290.013093618558 290.030645101462 289.932626826501
289.167349005973 289.349367873716 289.267329405134 289.316167868167 289.061878454651
288.03766223604 288.039256642904 288.018723151855 288.142719092691 287.980114835758
286.770868165928 286.79398876148 286.898968034754 287.03624538163 286.929271127607
286.065750601778 286.018128743583 286.245822896108 286.283405518408 286.233919423139
285.815055170694 285.751632968246 285.910613825475 285.923726667253 285.823703104313
285.89513270223 286.047752825181 285.655980574229 285.98304220252 286.065749052902
286.548125028557 286.625562788677 286.359357790961 286.792836858529 286.747167027117
287.510442743786 287.622628536303 287.415837761454 287.80793752206 287.549938930681
288.791538089784 288.732113903088 288.756156966062 289.086083877062 288.767473463283
289.95031172115 289.776528017402 289.62918596055 290.0949407345 289.881278815571
290.408880499431 290.096462937508 290.185647750917 290.443651651904 290.355755152233
290.228848612333 289.977953252849 289.861409767951 290.238381188681 290.197689173189
289.222781273998 289.094690947508 289.099433384585 289.280895035205 289.347719193576
287.972655944583 287.978060779466 287.924110438827 288.051321883885 288.119091829428
286.910165209523 286.767317105727 286.77136312208 287.141063429102 286.952759847474
286.267971247026 286.149011649169 286.157196314154 286.396053038526 286.392484320037
286.05293509729 285.783118403746 285.700734953058 286.10342482825 286.126650024535
286.280581866569 286.072481008749 285.905524851946 286.383431808021 286.308178597849
286.887247511451 286.435754671815 286.576771130761 286.692351896741 286.742210795202
287.755419401979 287.693962803941 287.6550535252 287.455675528279 287.663679698191
288.950917748758 288.862161005421 288.712999742486 288.872153546862 288.890470015836
290.060491567765 289.908834824607 289.863363703236 289.959348833569 290.116000023063
290.475698473988 290.333076515007 290.24786629722 290.235777634068 290.421138681318
290.330398037482 290.154598230286 290.052842849808 290.066908008968 290.190903562335
289.505254177036 289.425070457024 289.291839574144 289.26293755285 289.374933058909
288.367193273228 288.196463964755 288.218161556206 288.279915744415 288.264844568199
287.29473954776 287.070539506735 287.027025229791 286.950389358028 287.059535402268
286.690941616601 286.428487387214 286.421757631051 286.326395175608 286.372660837242
286.137251129249 286.1238121586 285.99200582163 285.88994648096 286.049539252245
286.317906463142 286.227436499571 286.275265422593 286.061714712968 286.073113451279
286.787893704431 286.942172732893 286.656596444567 286.655323649496 286.778161360541
287.868885321481 287.642890094189 287.789776785737 287.628546637811 287.551318187925
289.095365743191 288.866983507917 288.881133840264 288.804901347514 288.718436010932
290.249979689354 289.961068568014 289.961725886171 290.00296141385 289.865746329061
290.525439915916 290.457686524021 290.377426091284 290.304749881799 290.258997135991
290.2535218642 290.218414773952 290.203538695624 290.114477061312 290.070577276772
289.547725951535 289.438571943282 289.480060365474 289.30930089981 289.168872121806
288.270338226485 288.2917193959 288.136098914025 287.980237503397 288.075076412792
287.253214343846 287.034983793587 286.999000740137 286.997383385036 286.866534176744
286.51641446721 286.440128229868 286.352113319173 286.159569536386 286.249315219986
286.312386145245 286.079059080899 286.071524929981 285.814337663578 285.852499245027
286.346967033637 286.143537025552 286.246589895077 285.934400110849 285.905069000352
286.90519706163 286.634638743807 286.82208338843 286.471674872158 286.487302408113
287.999445909176 287.71676855578 287.696892382753 287.575237869661 287.475708594712
289.161776739871 288.873393382822 288.843851592667 288.885318374415 288.794603839796
290.155119497171 290.066096981792 289.932139815064 289.925643484597 289.787559447123
290.484744587911 290.428901016512 290.471180477712 290.387803107005 290.212500531025
290.371995921636 290.167961317364 290.222258140082 290.199970224328 290.029897080844
289.472474928837 289.346770295348 289.459915507892 289.426035608204 289.280763067286
288.301803159799 288.152109043662 288.309194248806 288.123636785213 287.937093425911
287.143186670457 287.125566280587 287.080896846037 286.97272900901 286.791574567082
286.486572085606 286.414860924061 286.341254430925 286.292777058995 286.110143428656
286.18183656606 286.096151802898 286.114309322144 286.082074130084 285.765005704193
286.312840655482 286.193648337828 286.402882814742 286.130488820367 286.077620667577
286.890992323722 286.68692284769 286.750718331285 286.857426426619 286.486057621293
287.750775400604 287.572401620081 287.831544849993 287.802745049021 287.475303304725
289.026382257775 288.947376312635 289.023619421309 289.105807238514 288.728831120711
290.12841301201 289.999219010301 290.213566312134 290.146831024236 289.816754046653
290.498624178629 290.386378260443 290.506830359032 290.660556113686 290.270278152731
290.311246156921 290.199943128834 290.347891709379 290.423613117769 290.05269834148
289.508030320112 289.488076023434 289.524192919392 289.635397126913 289.149362413753
288.258965632825 288.421684445846 288.370390720792 288.47921988497 288.036217869463
287.298204143348 287.251272165094 287.107518451895 287.334408625953 286.84447298393
286.669854416849 286.556510381694 286.425063690573 286.854067920116 286.180886647253
286.21206030387 286.176079716472 286.214468923473 286.566137182712 285.892904588534
286.381183907854 286.383238052447 286.359990642794 286.581897678963 286.098323828123
286.780963048435 286.90430766091 286.865601125979 287.059537386063 286.562829454048
287.94018768744 287.769091758941 287.804455441643 288.104179356693 287.641576722569
289.07709044681 288.992954942415 289.091036356455 289.460841595471 288.950595358994
290.108294693442 290.065767819596 290.183317326544 290.575169808501 289.958308847965
290.554186223488 290.447246416577 290.637692293142 290.983571195453 290.454261764441
290.286048428987 290.349643208571 290.412255583142 290.708764935658 290.189036797807
289.547832724421 289.558703677914 289.663635131088 289.949477505143 289.437302455592
288.330735182477 288.500498655789 288.490277619202 288.745316307246 288.156115840674
287.138483943477 287.324918399903 287.316739693929 287.571710897615 287.083660593809
286.486466207937 286.644840522491 286.619065210741 286.951899830899 286.375880885153
286.248540090473 286.431161834644 286.195829924065 286.717626770249 286.120540570485
286.44938165062 286.467156653552 286.420773440631 286.659204634504 286.377464261261
286.88669392401 287.015934869576 286.861007964034 287.296497267949 286.567780745619
287.723348584933 287.99349138676 287.850542766381 288.301781754883 287.768046126187
289.152157696548 289.288023781505 289.109037659129 289.377356275961 289.112655631577
290.245008366315 290.390879094798 290.207828681792 290.382548255083 290.166692380453
290.686502239599 290.85575611147 290.524748516794 290.769973421996 290.629976279786
290.455982738949 290.531866160444 290.367502900877 290.45343212795 290.364404513774
289.592091110688 289.718936664711 289.57596034693 289.560926870594 289.675779651526
288.548618801118 288.565122726844 288.45505111608 288.433604432001 288.409369043439
287.437835887996 287.434536100096 287.271017917725 287.127883849519 287.361376578829
286.585750089989 286.767290796868 286.57365622735 286.418710861229 286.651439739483
286.476385774389 286.426606402957 286.276926316632 286.061437453544 286.488160383092
286.55848579955 286.395468255797 286.353640753548 286.026438936668 286.448117399759
287.13928577006 286.894741623137 286.967160878132 286.702330282966 286.759626114741
287.937458977858 287.904091349924 288.029765657112 287.688336020102 287.898928997464
289.175954769418 289.077405601681 289.131586165724 289.004594930154 289.114450158447
290.256080517899 290.163590447675 290.280828933591 290.061774412876 290.21943648493
290.804705877467 290.554693190017 290.779671298868 290.464239178311 290.634313458898
290.588847221028 290.253590174394 290.518490404867 290.194193093856 290.266814342407
289.849084744666 289.422605679217 289.670944234859 289.424439911733 289.348736828295
288.638981844735 288.152538903999 288.44318631854 288.288666475586 288.298262084384
287.478668316799 287.038474020012 287.377951871599 287.064012055977 287.08104641361
286.707420125493 286.262877574341 286.774653416208 286.302925009092 286.409532783381
286.623196456522 285.900283840486 286.3204718303 285.848310016143 286.064786708454
286.682158219389 286.14471126589 286.447144339745 286.094516247866 286.295896963497
287.348511091807 286.621621801126 287.038193629953 286.533728598276 286.910839922279
288.100193337382 287.630331334053 288.102425036444 287.661825205105 287.668875148639
289.423814574469 289.04702561108 289.387822595013 288.87996053446 288.994096733836
290.532577607371 290.018884908021 290.293475539272 289.951119076205 290.033889001871
290.844271790928 290.489416052857 290.699160821014 290.456509477891 290.494134033195
290.640882745493 290.321159279709 290.494295190549 290.181339105278 290.263710127443
289.907747126408 289.488792559983 289.693124476047 289.359617569885 289.490207401562
288.911458130149 288.357589338967 288.499158573652 288.21446720908 288.215401016737
287.796110301538 287.231646266844 287.286475555982 286.926733080635 287.085007818524
287.210171933725 286.503555206782 286.636896047323 286.210830986545 286.228720851532
286.835733288698 286.180219842781 286.163115650036 285.9720418039 286.056748378984
286.802464514454 286.238201304694 286.218629048957 286.303009668437 286.199470357534
287.289853850776 286.779181948194 286.883749259995 286.789398559126 286.522547614314
288.510696248276 287.808063777693 287.89379261487 287.591943885911 287.58438033663
289.521033731533 289.183872820626 289.066486883814 288.864510795623 288.917469395651
290.560460404263 290.131472709948 290.016723888098 289.945943068483 289.90663630469
290.953096701397 290.558932123396 290.576317665537 290.529910729879 290.381432752645
290.698679712436 290.368057757544 290.33854604288 290.336709743167 290.12911245512
289.746895222502 289.572080193302 289.510595259205 289.561205504609 289.374548655331
288.59718913445 288.459675128752 288.322884651518 288.282603409971 288.08628980324
287.488353499402 287.188697239505 287.140371951659 287.154515133778 286.918906636611
286.765303502981 286.501237808619 286.583359516079 286.518521204097 286.342710270312
286.404126047585 286.130629658028 286.203846631878 286.247452020806 286.100207702324
286.509258874167 286.45757036958 286.257221309472 286.246480212269 286.110827678898
287.062260044425 286.862151113952 286.833471610037 286.918671656431 286.591036676872
287.953544114445 287.915519030036 287.931645700604 287.843383143263 287.746005349348
289.002778978628 289.151858642169 289.195445397371 289.08258562536 289.009574970423
290.149641745253 290.213052304755 290.21650489904 290.178144243311 290.023123159605
290.564631904043 290.548755086409 290.673736556906 290.584230393077 290.4531295307
290.28560334924 290.438949332714 290.421755160053 290.428566211044 290.266890248162
289.596146781277 289.552238307599 289.604592537665 289.767631216806 289.433057250517
288.503663485511 288.34810313846 288.532787204411 288.50596119166 288.196466975351
287.306674092153 287.271700464843 287.549918928893 287.509680644082 287.105037292234
286.672771838153 286.431910732959 286.694769379772 286.852913544066 286.340936112241
286.428773608056 286.2994223295 286.532306759702 286.556514273172 286.152316894198
286.517559521889 286.64538546684 286.819529947182 286.607438800636 286.221925774034
286.956373792639 287.042976552318 287.358054713178 286.999999019751 286.649787344409
288.098307235625 287.885606990314 288.289701559394 288.111966458381 287.866584346437
289.298382699603 289.006252906334 289.393657170446 289.403049317676 289.057688303446
290.206204176798 290.200930138113 290.459895379488 290.431232414868 290.19711395447
290.625506793661 290.712457082435 291.024443882665 290.894064159534 290.52224919905
290.402475080248 290.409352731418 290.844873901349 290.708485695094 290.280909066739
289.595872111997 289.659378821454 290.070734816542 289.892988358038 289.450324092728
288.422729845023 288.507696722276 288.812583054578 288.750718201922 288.407161211089
287.234641715392 287.378322045137 287.799869885214 287.671398565085 287.276331884409
286.582771167501 286.636397018206 287.280019682187 287.098368924734 286.620212270679
286.423651866629 286.513449301466 286.902026273371 286.723852954002 286.202248656134
286.490566369119 286.508726877737 287.015922224745 286.754572750106 286.28413110549
286.872414547177 286.872644718018 287.510922087555 287.333501520965 286.715470315068
287.962004621053 288.079640051902 288.446339332996 288.272484972242 287.811324167543
289.138556024208 289.242129313453 289.766048738284 289.557965485028 288.979136498692
290.151047884755 290.395320904178 290.719684723947 290.766250891068 290.034824294787
290.689004013048 290.935281483588 291.081920350047 291.029034749364 290.489672794619
290.514679149785 290.666685098039 290.733650315908 290.702959860474 290.228500898206
289.699059749971 289.879699442606 289.940699977807 289.87715443457 289.59670597041
288.630408577242 288.796645709158 288.77150125241 288.728304293879 288.491188247626
287.427583335499 287.72083318249 287.638446268963 287.559756019605 287.259018964875
286.736125864232 287.105961093711 286.820605676901 286.759607811456 286.630863147774
286.46063328504 286.673438975339 286.375119568534 286.436954992522 286.138855172632
286.50880252231 286.919356491298 286.631037071854 286.708352163264 286.372608783018
287.118309874631 287.539300148099 287.072376825295 287.199403123912 286.894181639909
288.132532235635 288.466744537031 288.013498496315 288.007680207295 287.924921448324
289.382773260898 289.713920266301 289.194072017353 289.228101629083 289.141823868519
290.526753397273 290.692963231685 290.221817270855 290.182488550009 290.29733962828
290.7938836933 291.158651746914 290.689500048254 290.587722950849 290.725091104642
290.636275436547 290.876676344515 290.311410918342 290.362127396198 290.412338863005
289.813261167321 289.983487899829 289.506441030843 289.657413397522 289.675940562224
288.690719997998 288.877331952052 288.337692269041 288.378434416958 288.480556265622
287.560066755666 287.697217298958 287.169518423776 287.214089917115 287.46662267646
286.899522014694 286.765390007247 286.451066267218 286.534917995249 286.751300214408
286.565356648803 286.442004019697 286.013052110249 286.038447126874 286.38205413675
286.776107625209 286.536156897203 286.1752249595 286.284538163893 286.400441353854
287.314660997735 286.912092622949 286.606997413227 286.813627311393 287.122582565614
288.246491650723 287.988897091003 287.589146949207 287.797774300324 288.084635912556
289.538218951339 289.232123536659 289.004845707828 289.099584927433 289.272350173259
290.472991174053 290.212644375618 290.120712188106 290.13199458422 290.251205292321
290.907236758938 290.60197560075 290.504089881159 290.553733660236 290.588212863253
290.651836432375 290.371228941352 290.317675930531 290.394163013816 290.438015561533
289.88120692066 289.425622612697 289.529595223657 289.581170247899 289.610476575721
288.641073557649 288.2825403584 288.320788804567 288.437907407519 288.407450758307
287.436910091003 287.116699713902 287.205558240967 287.217000526817 287.297175076926
286.810071787983 286.40951014529 286.529181139266 286.534615819709 286.533311750151
