290.243514053952 290.301171464977 290.238618258142 290.232967499312 290.409785766533 290.281563395993
290.037855239922 290.198112346617 290.093938140118 290.079536932139 290.242164022649 290.190891580014
289.443058874334 289.470443583277 289.577097330022 289.481964994193 289.566886922091 289.510948410581
288.443426366725 288.46583250817 288.467300210796 288.70540804501 288.534684843229 288.566069490926
287.406901621395 287.227264929074 287.404077851671 287.379181483757 287.458595198381 287.35844214351
286.275771118514 286.206043331439 286.336704659618 286.408331714604 286.48748904206 286.36257461657
285.490916142479 285.622419369971 285.745406466573 285.65392764066 285.902771532695 285.630806836587
285.460571988046 285.401560299929 285.465757197546 285.532095080043 285.524286981339 285.453503838576
285.751638269617 285.976352970446 285.834244796814 285.973381752435 286.043971962997 285.851815288037
286.664341409567 286.94959923096 286.736336850422 286.824730560625 286.815663617915 286.748618616743
287.954609806142 288.10889554536 288.102969425395 288.2005549828 288.161274115046 288.185284013879
289.464009976214 289.536678817111 289.515072430484 289.47221210361 289.532772586902 289.517296798975
290.345362901979 290.503634236255 290.341246052123 290.269922975035 290.438227575517 290.408959312401
290.248166210877 290.303157419522 290.266985818088 290.22312428053 290.373132700367 290.222651844024
289.605539979519 289.660518394002 289.639470006805 289.537932120115 289.70741023022 289.576514334756
288.566029078985 288.539407737755 288.697030545179 288.446905419442 288.539366358374 288.646806845563
287.41007684537 287.537214862058 287.640463498404 287.411885845989 287.433495136106 287.573560023638
286.417971303565 286.346008002241 286.579575753519 286.488693374065 286.419048594367 286.541120226367
285.668237854919 285.79099477819 285.86244104339 285.640979683066 285.899505446895 285.783116909136
285.53367097687 285.530251281673 285.607656621083 285.530647645418 285.599215748665 285.631646021761
286.049917991626 285.85615477252 286.090606859285 285.850121501562 285.797996907081 285.94950826728
286.709729616434 286.789342641238 287.055269379172 286.781863490885 286.91794243682 286.773418390658
288.303257078603 288.150871871808 288.321130430573 288.040201062411 288.103750786924 288.021046841697
289.636418437755 289.53799785894 289.712865310463 289.376232817528 289.524328007989 289.58121847924
290.437109607634 290.337514956734 290.659393094251 290.128147629639 290.279145015371 290.376229087889
290.312681940818 290.189264178683 290.616926948221 289.991923432204 290.347116888791 290.188397422925
289.598016882366 289.667088782514 289.875681535121 289.467592688798 289.659739757442 289.548155890184
288.587041010626 288.680284624506 288.717282446829 288.420203314299 288.648169845661 288.486309667548
287.464662259949 287.565169228666 287.683418609208 287.288649044864 287.483360510003 287.583899696726
286.493624825055 286.470325780222 286.684144172162 286.224843378996 286.398014578805 286.413611355663
285.778937000505 285.882388184292 285.977975448871 285.622109157261 285.75293110194 285.747905508678
285.371287870625 285.793568421136 285.715672601906 285.523950427644 285.765040914959 285.517225804055
286.095182432446 286.222886309229 286.033978748579 285.733494006615 286.08731846069 285.739854545926
286.84577895415 287.041607205812 286.801299072552 286.888644421578 286.958546421812 286.802993790076
288.305210217328 288.372378417481 287.970297111191 288.071832572163 288.388342404032 288.019452318126
289.661608436081 289.885977709308 289.526100539346 289.364338698746 289.714444738773 289.451453051811
290.481629343227 290.747282570719 290.268232501798 290.228640591278 290.660533102065 290.25618910152
290.363398460099 290.744960139541 290.187607023802 290.144097356217 290.568488757167 290.270942961344
289.637785126955 289.948847599927 289.522342610289 289.537558156677 289.876539189913 289.452401149818
288.743181379197 288.932525597222 288.624298687872 288.705702312229 288.788300315062 288.504426267521
287.516013755306 287.938277850404 287.380246015124 287.548307804817 287.681637240861 287.437204019791
286.368607426561 286.933827108375 286.311844806812 286.377663936257 286.603007335777 286.466199331656
285.847463605195 286.317635625536 285.584693892508 285.564052043486 285.8507311465 285.792528447606
285.775418086001 285.987331567056 285.515191073132 285.625313334018 285.554138383904 285.37119996324
286.02308572282 286.25529650559 285.807503784401 285.872893071139 285.79876951659 285.800205151805
286.812242120635 286.871028063536 286.566797242984 286.718231739461 286.697124977298 286.795310419858
288.23064053657 288.289924960378 287.742755883114 288.066050395003 288.112514857983 287.96482913254
289.594747070192 289.509877027219 289.1695194805 289.407599108922 289.494417288213 289.40184404757
290.344945590172 290.358054285079 289.98013851444 290.248317365297 290.205595918233 290.280267537354
290.21061298723 290.179172811744 289.846162261818 290.177829315817 290.144119930855 290.128317267604
289.598437331874 289.449997004306 289.226066380354 289.564633592513 289.444877415569 289.392876485206
288.526547239309 288.543982870401 288.177174659116 288.620590250744 288.435300171644 288.398257280932
287.49650111417 287.51962209288 287.263813156106 287.25911447429 287.343754941179 287.323619471613
286.483015409093 286.215556582078 286.101724665602 286.420202698982 286.207543274152 286.249629565903
285.648884841549 285.599822703198 285.433511315803 285.634795724003 285.691899626673 285.573251272927
285.640135854682 285.273319759766 285.368502187098 285.476287306043 285.5038409614 285.501199998765
285.765204426743 285.703868544492 285.873648074206 285.783728273089 285.826292007252 285.81757128538
286.646986174732 286.469909181051 286.624067555907 286.643628323429 286.739262625852 286.897531789798
287.97963829712 287.770084280345 287.839094840333 288.092131958318 287.998545285498 288.132366141123
289.372527715831 289.219105004046 289.287031362031 289.484870234363 289.351716529557 289.366882859847
290.201279189323 290.046449611645 290.150808822 290.350437856382 290.144671767988 290.19385349312
290.155070225209 289.932348995063 290.133011973302 290.237936918916 290.16996744607 290.071450766328
289.516117570074 289.213092581159 289.380027839003 289.549580493839 289.425909166156 289.492146715741
288.530281289099 288.208231801561 288.614706772546 288.579311884402 288.501104265178 288.500967830881
287.313398115805 286.931178154707 287.470647146585 287.576639862702 287.39008523163 287.310422486096
286.365529905573 285.998813213347 286.235224674999 286.533179924524 286.304585761849 286.247943213316
285.731083003668 285.420948605164 285.522811301752 285.897747717513 285.620001421099 285.552506034104
285.357528074133 285.14185353056 285.262210381933 285.716836632986 285.489293518241 285.567775161144
285.900534670508 285.498862097505 285.844355974075 286.19682113221 285.759668562255 285.845094732743
286.970062646902 286.570457112866 286.814324211157 286.996462740109 286.423192457429 286.883953806077
288.078510236109 287.762648503839 288.135757037287 288.40812862341 287.929766491436 288.183396021674
289.469451919522 289.155353375119 289.477063074459 289.836400424481 289.373266960859 289.53592475039
290.215747577008 289.971284438677 290.227399384279 290.671237791978 290.153660441209 290.283408671086
290.183158397804 289.934262802653 290.294318226093 290.501614049598 290.098837679896 290.336613169841
289.440637340412 289.173328132886 289.376782755979 289.880346183207 289.445474369915 289.569192053728
288.543960290862 288.10004281162 288.593564183685 288.919124741547 288.663172982723 288.538567297512
287.486713705163 287.190318787614 287.473155369159 287.693032271719 287.465915262105 287.413393300791
286.37235299029 286.326427351147 286.442385988629 286.574488797295 286.354258617019 286.183691811596
285.65891378933 285.517119284524 285.569777257609 286.088029332029 285.645465848739 285.571359112382
285.670555671348 285.3617777546 285.542914705233 285.838067243338 285.698436773754 285.579515970794
285.932251165043 285.762541150582 286.000858227452 286.156512238015 286.009450014458 285.781545424747
286.802426505697 286.753058902578 286.903891305869 287.015082095003 286.836542126529 286.891624226331
288.068682393642 288.024702620076 288.23710050267 288.32519497745 288.055383487426 288.150528480633
289.431594219132 289.400350719113 289.672069579363 289.686268904951 289.445126541275 289.480159271826
290.279537846917 290.205917476062 290.544155476379 290.389131664542 290.317464821957 290.31479018772
290.2233900853 290.052110748434 290.459527039946 290.308221146847 290.205542774127 290.252078872148
289.522762439246 289.415661830692 289.756076864949 289.797744353495 289.469817052702 289.485951593234
288.474863584826 288.455594298229 288.794317778597 288.71674619163 288.644244840512 288.687583791549
287.31747924379 287.330300504483 287.795798915208 287.602576842651 287.54863454971 287.366305808281
286.420853992292 286.29261147911 286.766452010617 286.573600619667 286.423644853394 286.42959870147
285.786230698136 285.513120933629 286.103838181044 285.891827048352 285.632890587775 285.83582558205
285.589604369396 285.425965216584 285.822241169816 285.619014519987 285.445190301195 285.628895301428
285.895768073524 285.709026225453 286.160784651364 285.836672908583 285.932999261281 285.748325087979
286.705135439514 286.836922913111 287.035966112703 286.728241276444 286.863224219735 286.843195392971
288.030606901859 288.035691473569 288.575378919524 288.062354566992 288.262410703928 288.087057509073
289.491565586918 289.374803362262 290.052364255078 289.394728087988 289.752486559668 289.416772000534
290.157971454272 290.171892374186 290.729960129843 290.169268001523 290.494904980468 290.237295626244
290.185029447203 290.059821473303 290.532392341633 290.045653930622 290.297159680074 290.134223022441
289.484839298483 289.385406496342 289.721216016371 289.355148995831 289.690842694247 289.446583806091
288.566430994501 288.624867205381 288.787054953141 288.506153077365 288.72178725537 288.528431560121
287.337689022066 287.327296306282 287.648664933893 287.227392340462 287.547028265671 287.473953411866
286.417253164094 286.344747426612 286.648750546207 286.292595183804 286.557232964064 286.484880571381
285.5068342125 285.671887941069 285.827546352386 285.57798051325 285.946829675295 285.839183355431
285.462462406195 285.732670373251 285.633665521127 285.475247253253 285.676631302428 285.682398369037
285.823728999468 285.923284961794 285.973722804137 285.636764019516 286.102248317771 285.895960601501
286.683509527255 286.785188353961 286.721519005263 286.588561231208 287.065465403554 287.001279503305
288.115094061035 288.19034126459 287.985723359162 287.878280711872 288.528705772215 288.333158183828
289.596197484103 289.543896961223 289.278536276356 289.18304295095 289.810677651966 289.712253597319
290.476475749474 290.38302265608 290.122502697597 289.98654922856 290.778633777596 290.53912035952
290.394077031708 290.226291059488 289.998696602447 289.917513005615 290.525722671684 290.438979864572
289.61497011981 289.626681580781 289.274800312391 289.22454928078 289.846626343792 289.69145689359
288.721125818881 288.545493543159 288.345162914952 288.304500532779 288.995724486856 288.709007848409
287.612378755505 287.371538082043 287.125429703118 287.256208234034 287.546358562928 287.739494007821
286.384736964612 286.511013469162 286.060184761265 286.219822909548 286.724791952662 286.541371464313
285.804086268371 285.778355972592 285.366249462396 285.604319652504 285.931100003218 285.915247882629
285.601111466481 285.582892516847 285.139964253008 285.341146942318 285.684084999369 285.793741768923
285.923246531226 285.995531576828 285.713969056207 285.814677942415 286.041636615126 286.034156114585
286.910128733477 286.834038938881 286.56337557563 286.572792887123 286.778229774007 287.08871046344
288.321960434555 288.310590911176 287.937540967784 288.018043222582 288.069005787708 288.47478098789
289.889785403134 289.543953308166 289.39407538584 289.287462655474 289.334622188358 289.781749974968
290.675493145886 290.312751294781 290.080574715367 290.1146046634 290.170469849844 290.549511527971
290.583853041147 290.331678861369 290.085157967311 290.039872525841 290.198194689638 290.549822102073
289.92929711202 289.657389416362 289.318699512733 289.408381900704 289.570809538055 289.836473114105
288.923992025267 288.64919437861 288.226915331297 288.471449002994 288.597861977929 288.815197024995
287.56630288323 287.393999515255 287.248079295569 287.434756357979 287.309578382147 287.648507315465
286.587035012985 286.478099306506 286.242860974654 286.463750704164 286.374924813102 286.695271721885
286.0174999191 285.820102303489 285.499448936289 285.515381137845 285.503718096361 286.113403139722
285.617748194148 285.6995752996 285.604993919075 285.459894803116 285.430906790829 285.61965423762
286.17903718561 285.928732119809 286.026269931571 285.66996610721 285.723262665867 286.00587913431
286.868755975466 286.709619632178 286.768953422542 286.701876730816 286.618177674745 286.716429588027
288.121189222278 288.096745499173 288.077584257063 288.129647024051 287.896344164463 288.066159321742
289.517167479946 289.31164096607 289.415060768104 289.4353829651 289.251150669741 289.377530985234
290.341485025267 290.142915049447 290.221813031546 290.254340621613 290.034763439131 290.053209097245
290.118006678878 290.026557603479 290.167485690931 290.024654413978 289.960987873895 289.881440331308
289.337868613512 289.338738735801 289.317624561818 289.30643856602 289.20048319739 289.095534756516
288.535541696295 288.45007846755 288.4180928753 288.334419355481 288.25169871344 288.233657165877
287.369558848424 287.334553308152 287.345870107987 287.215785144451 287.26924700467 287.103330438681
286.445958880125 286.455808075175 286.239738283751 286.045926613039 286.15147817394 286.187553342564
285.618787161037 285.550058939919 285.546517834762 285.609675094531 285.55585037043 285.302879269071
285.54311863199 285.500851119503 285.452932409469 285.42430069494 285.290736567946 285.172642500259
285.771845231294 285.79399142708 285.650715239268 285.838389893815 285.772192105229 285.596190888698
286.618540025566 286.743165114893 286.473920580831 286.771187834573 286.585979634699 286.495236726704
287.876549515948 288.193986362861 287.913683006069 288.073244030445 287.917467960656 287.648363130716
289.297060138813 289.599790216549 289.325304102805 289.575764529884 289.214637966064 289.181588482737
290.218161602981 290.402432053873 290.24740295599 290.437959763201 289.958374080255 289.901622964868
290.045106845629 290.394421198319 290.215466001379 290.313469780374 289.848543601507 289.774080482562
289.390285885522 289.73325755179 289.534646840423 289.643678553016 289.112774207697 289.088634072418
288.260103514486 288.808890705438 288.525603613559 288.750933154527 288.260341921989 288.137362178456
287.196081084417 287.672946524364 287.492794287909 287.56884404014 287.144782013831 287.008851747732
286.276781864137 286.709491268046 286.493392608102 286.424657961586 286.004426524529 286.111710029851
285.596146184869 286.122217279704 285.93352610568 285.574855601069 285.434070305074 285.325481868194
285.421164972357 285.784265361389 285.641472722127 285.516426139715 285.402940931636 285.385436618761
285.721019242557 286.281955942728 286.06837829556 285.829082954853 285.571599128221 285.54123510577
286.63831964691 287.248989829621 286.93301656201 286.827351101099 286.656778916434 286.382382004322
287.915861922673 288.692125947539 288.325411346243 288.175688817139 288.038186124801 287.784357611012
289.304581982875 290.09472859539 289.779938830636 289.656115380049 289.392231831227 289.106734078273
290.105787340649 290.924453386598 290.600741354466 290.301500811136 290.356380706897 290.003637991525
290.036372606557 290.777561554537 290.439004954445 290.105180105223 290.16704839804 290.030866654612
289.365250372346 290.067439874713 289.818776755356 289.487885962213 289.417661754959 289.286423402199
288.512188063814 288.995283624934 288.913854901783 288.417063750085 288.631852310543 288.22910069271
287.107093169416 287.861558443617 287.61431294781 287.267825144496 287.285953846839 287.165220464128
286.17273724133 286.973113966085 286.765182182934 286.444407354802 286.448645321357 286.053926313639
285.388505730283 286.124344067083 285.932095972624 285.750640016312 285.693742447822 285.561985435342
285.297130914403 286.004365539197 285.702769137828 285.399323538263 285.367764705655 285.452388173914
285.747196674009 286.350660194564 286.020566959411 285.935303755851 286.042706625836 285.878587214043
286.528248842329 287.069137960596 286.748795270874 286.757464461167 286.625575162753 286.675608991722
287.90069413662 288.170722792987 288.034915910661 288.021734521552 287.975524319125 288.123763715614
289.222336253232 289.437749804395 289.353622981881 289.28189603281 289.395216803653 289.442861384712
290.014022805665 290.232270636419 290.122720779275 290.030588461913 290.206599769217 290.272849854575
289.906435731057 290.15467414025 290.016913655273 290.01064388669 290.078002036466 290.266481806491
289.288427969636 289.456004233123 289.345781925382 289.312506707376 289.379757840831 289.534750517003
288.306689655654 288.614408923902 288.416277166561 288.48062393315 288.462850237037 288.524459608947
287.304306055571 287.455936565778 287.42016083106 287.183503184362 287.26077787537 287.516051989569
286.13696205324 286.510867476178 286.236957931182 286.221675938277 286.204416964383 286.258724568546
285.592534222237 285.821401346887 285.597182738165 285.531077098687 285.48694440519 285.640216156798
285.430682981637 285.550974150708 285.2844817749 285.491813608937 285.438724862735 285.440382968143
285.698151601599 285.834582881694 285.723485495276 285.959614349505 285.911223736779 286.061979339599
286.580073727643 286.696765722963 286.535744946551 286.702343127833 286.719858956081 286.947694769285
287.906687831494 287.918735855148 287.792389978604 287.817495890133 287.930306371081 288.33570226814
289.347493830424 289.322920894433 289.285397688598 289.225103369478 289.332308275086 289.688762357559
290.224550362294 290.139214487333 290.015380138113 290.041210475571 290.17949350202 290.472852497135
290.077699022397 290.048805787435 290.001445500581 290.03785504438 290.242291032337 290.296320140089
289.52278088483 289.44136128652 289.319355295339 289.409185039094 289.504059686697 289.811496856003
288.450489977268 288.517149343664 288.393981360418 288.427644400749 288.449032863474 288.730604716855
287.335336688433 287.481295824384 287.270630153987 287.327769720345 287.263111011948 287.467241508619
286.302883808861 286.293981269392 286.275954717488 286.239526283737 286.358462550195 286.576118981464
285.618219477633 285.636791877048 285.547558674676 285.586096305836 285.59295543672 285.762385940226
285.354304689116 285.319130723094 285.506531625388 285.478615472614 285.373240176546 285.882031413313
285.807025817466 285.655625565647 285.785719101298 285.864330245716 285.866583557336 286.059898793487
286.768392481805 286.657254416155 286.669923485155 286.710491853924 286.865003055288 286.997715798839
288.102717427507 287.903222518181 287.929162818179 287.918343646662 288.192331927654 288.498755047367
289.407568016566 289.248747868759 289.268706112318 289.376042846885 289.475004032526 289.959245995615
290.193999079399 290.105277528933 290.209240480818 290.068508608304 290.246670968044 290.76814848753
290.096612370121 290.002271868792 290.075929657739 290.074953720689 290.124405728734 290.749093088434
289.483488316326 289.315085423051 289.385828067077 289.318025713247 289.581627865765 290.017665530155
288.635623333075 288.235941667656 288.611438625361 288.329742928854 288.53754650847 289.173528687517
287.598525673119 287.265419938359 287.340942840403 287.255580560463 287.503624756859 287.897277806661
286.438368500763 286.213724361218 286.416257510877 286.19600832803 286.431863200531 287.176169786471
285.902216490784 285.496545805085 285.676035086777 285.706518448264 285.856351164825 286.294105285651
285.778306714241 285.374489589188 285.520771003748 285.535387027591 285.721068732803 285.943775122164
285.967536121831 285.894245644322 285.903306907924 285.908171399732 286.169128848287 286.158850236621
287.091842018792 286.892136624378 286.68191696193 286.84937571043 287.000044205634 287.078466663076
288.522882661105 288.193239385391 288.243210834485 287.955703015425 288.464033611789 288.457529908945
289.839162801766 289.550108325048 289.642900334726 289.453548542379 289.729805571732 289.820084362621
290.618533437033 290.398598599173 290.385344849987 290.170179862575 290.52815976539 290.567490044274
290.521210657902 290.379357853766 290.344836583796 290.047731842005 290.453638065894 290.410621011655
289.74903101628 289.514709932006 289.63052198272 289.512136562553 289.783803385293 289.680601670321
288.925535411811 288.523036398968 288.65377692532 288.558708572967 288.803684343674 288.688414397585
287.672527399265 287.456664423335 287.457819690485 287.43776234329 287.787484707566 287.608705092278
286.590514410878 286.443516153185 286.527760425663 286.433604927439 286.689849045565 286.422997552283
286.083284204768 285.87084320901 285.800702121621 285.696768541063 286.029477951271 285.925494459711
285.790845026645 285.693406082509 285.594130855143 285.579855530195 285.77602033537 285.819823957229
286.19247181689 285.954559378621 286.010408055797 285.744686717231 285.974420700141 286.075784040021
287.137354437995 286.820859831585 287.006656144963 286.699824913491 286.986755543668 286.913685254333
288.57213302307 288.19498550617 288.54564252242 288.038245587755 288.321726581609 288.058647584358
289.858538483513 289.41549067599 289.909352572381 289.437715313433 289.700406285622 289.366206834012
290.71699554025 290.19737390706 290.796357038387 290.248090486259 290.503672469018 290.173161417768
290.567236608934 290.169059963204 290.685569230604 290.282494854681 290.407988315994 290.157212204841
289.804519914042 289.46686262122 289.982277194934 289.482838608787 289.665372963026 289.467760242424
288.693157296955 288.488009459565 288.909833594086 288.46314996561 288.648717779629 288.499066123637
287.718018125471 287.503740638239 287.968019238594 287.287810834803 287.454759631336 287.424182503538
286.69244802472 286.415889619705 286.908653766154 286.488251743631 286.461611243416 286.412150951775
285.776170104808 285.737002499532 286.106485826764 285.857731427439 285.783224631198 285.842998585584
285.782381256116 285.587343300967 285.85870912123 285.693097158933 285.558746180763 285.708887399594
286.16057920845 285.892914945941 286.172285424811 285.916053271036 286.00244147465 285.936581946331
286.911350506319 286.894539937667 287.001606142667 286.905233367031 286.832922540765 286.891947957298
288.118546880485 288.342516141828 288.272931087039 288.397018821316 288.081038788277 288.174322935992
289.503380980979 289.674125143718 289.714664881593 289.678077242679 289.400444157106 289.59099557352
290.358817152615 290.407358658328 290.448729980672 290.409671868655 290.270009433341 290.277818851219
290.187420435033 290.414987898885 290.341082530287 290.295270606427 290.158455873073 290.245436770103
289.490354496702 289.733351924931 289.598831011064 289.635815778116 289.455785253367 289.647016731544
288.658994524362 288.702477474743 288.629627088295 288.746688769209 288.612180268351 288.693117152954
287.625918343816 287.722350297278 287.397528839893 287.754072110194 287.433179543951 287.650006643113
286.398903309696 286.664237528908 286.452234221871 286.53409487626 286.351407142048 286.499022188565
285.89169636698 286.090566081146 285.551358126842 285.746647480442 285.800137859957 285.9770127519
285.606239613466 285.926110877214 285.41508415343 285.739439528169 285.742804492468 285.743490237265
285.975905898352 286.088675499475 285.702673094009 286.20770529912 285.963526782502 286.171052576133
286.647639328291 287.019491513945 286.430967886769 286.992735432571 286.85239771043 286.953421217224
288.078508600668 288.265915169721 287.850017299305 288.349546958033 288.026435069162 288.211503715433
289.429047617975 289.629852336295 289.339998403608 289.701283621462 289.315132185754 289.551881822782
290.188975797934 290.406547596201 290.180715658465 290.425000533399 290.12173143658 290.391711119257
290.117981168285 290.349917296803 289.94721182122 290.384049308134 290.120099502761 290.387909833446
289.488265789952 289.598438441625 289.320867829631 289.65580898883 289.504344461899 289.81360954025
288.494423106359 288.789400653677 288.396968210327 288.689167679608 288.460554535801 288.684166179008
287.404139146721 287.556290474526 287.129441991407 287.652906279448 287.404785456082 287.622272413071
286.352932725381 286.590963013418 286.261717210672 286.630585535291 286.396490107922 286.521938247825
285.738232670328 285.857755221623 285.581659288846 285.977317715184 285.798107634632 285.900678078708
285.633165634813 285.607217839834 285.593383387371 285.686548086271 285.592312798048 285.782128640009
285.886232798209 285.991072109602 285.884627159332 286.173045409777 285.965849839753 286.151748971916
286.722531076046 287.191876520653 286.741928098988 286.928448681597 286.789718025857 287.010697693218
288.012852556189 288.297596315644 288.021437378622 288.269985245625 288.026391244854 288.520626564145
289.569708117171 289.876414645355 289.473661207264 289.639901591672 289.518377457755 289.898756235839
290.379311000448 290.689734730278 290.340354055608 290.414151989018 290.307473231607 290.676309764992
290.297852068442 290.525166004806 290.266700281924 290.357261112021 290.159537585236 290.501226918965
289.635376730638 289.719694176744 289.420819637777 289.578347977057 289.607173291273 289.924558342694
288.636917317534 288.853934413898 288.559762172549 288.58144899869 288.63420543332 288.97352931098
287.59158027771 287.748733019744 287.562457570437 287.674524601529 287.355862558434 287.82636027585
286.482185128507 286.644720581343 286.513653443226 286.528557564923 286.394090919544 286.836868386665
285.789397250074 286.023906168068 285.855658793473 285.951386043227 285.816558182132 286.172386876835
285.501701619017 285.66650210518 285.740959808762 285.832590212518 285.748542054579 286.136884943158
285.995518989574 286.07653625494 286.175204345464 286.14267190728 285.986889847484 286.311426775456
286.972029236772 286.801551544659 286.876017543339 287.055177284503 286.980684854199 287.301736136218
288.200939487673 288.197952100309 288.434883765752 288.277146249393 288.202621684892 288.86244151074
289.792988040087 289.751452149735 289.792786023516 289.653586776327 289.543219984354 290.371864776897
290.668348344336 290.450076383325 290.621636437582 290.490151379961 290.300478881094 291.061136372265
290.444300894789 290.395261935235 290.576572101601 290.377050176954 290.246708064796 291.045199758478
289.885277879372 289.637869871772 289.959274176692 289.752773886396 289.672069155688 290.339415877355
288.985554981006 288.810712105262 288.780812504422 288.800746638844 288.656077152401 289.356322164377
287.829712295076 287.717949570222 287.69370313665 287.731347639466 287.51439522905 288.171950467549
286.800687644731 286.642929384517 286.680971699506 286.679343116727 286.36237325511 287.105941070338
285.968350474712 285.814801417929 286.193666625857 286.166931490776 285.841614335336 286.36574233211
285.854837708965 285.921903831373 285.939639687859 285.987926848348 285.789208595625 286.133461586055
286.2050514017 286.257348895278 286.319524640809 286.11626242662 285.922826319948 286.300131649554
287.087270389474 287.138147611675 287.118999250688 287.114053952721 286.797007194788 286.950253301021
288.601967595658 288.48521568443 288.624886833084 288.396459574905 288.178647404341 288.234242743208
289.938699212705 289.941598639081 290.079034046117 289.745976241982 289.532033346889 289.560378098977
290.678756543014 290.832042494733 290.928237926568 290.6253528171 290.342689516217 290.29993137175
290.601870338785 290.842297130643 291.058840422109 290.445468171932 290.303988439885 290.226016234841
289.89831940456 290.205477833639 290.305634419587 289.926851779942 289.456983757289 289.532240717778
288.830091704761 289.192007813109 289.362641419429 288.908081560356 288.629110755475 288.457232431158
287.583668579951 288.041695558564 288.178373934304 287.967900906763 287.448641765373 287.439142827874
286.556128566256 287.103957757714 287.204745421419 286.696605973571 286.504435215339 286.512139839482
285.791841865994 286.383170591529 286.265038228882 286.051417965896 285.609717109477 285.774200652606
285.726347920116 286.096189543852 285.954566453686 285.986404147286 285.756628518549 285.671363964011
285.995241088275 286.326356891393 286.186770063665 286.199718912982 286.02585145188 285.960365284775
286.843875235429 287.242574956168 286.905380668165 286.902300479525 286.949776987308 286.73204765237
288.115668688129 288.712170842865 288.366972806455 288.36042312375 288.296751550096 288.072193316741
289.476091532467 290.147610569949 289.648782398702 289.655616178802 289.576855963122 289.448975488827
290.199495505977 291.013676455428 290.483905099576 290.515117526363 290.418693571442 290.292640999784
290.146941888306 290.92286864695 290.339786478207 290.329784305889 290.20036680254 290.253766463367
289.513543233017 290.252292853782 289.548895867431 289.646670736721 289.548910841626 289.645092229217
288.606479851679 289.272558202177 288.74341264404 288.823291900612 288.761846193279 288.536088815991
287.361344687655 288.023968110776 287.637962557307 287.704818982432 287.625538670706 287.533993667013
286.371904473318 287.016243978624 286.476399151254 286.608169708281 286.531012130414 286.481985036868
285.849114702 286.455430094288 285.793139982196 285.948784752338 285.827967747425 285.836773414849
285.65890892867 286.120723482494 285.554172150036 285.695794837626 285.675150129837 285.703044002311
286.127731588202 286.366733063135 286.10196834415 285.976000133963 285.981602518064 286.079649468195
287.013825120313 287.114932576816 286.78487700813 286.997349584809 286.964405837333 286.956834369826
288.284491610852 288.277353897489 287.985587571961 288.250418891701 288.371136210886 288.202773160208
289.553165919782 289.666389117863 289.370560208369 289.697438052573 289.644568031138 289.556327223376
290.385342287386 290.454875192524 290.187247866752 290.431191215438 290.448061952617 290.434368032665
290.25475082725 290.330158343586 290.066604906347 290.347178328635 290.414891344805 290.403249960309
289.568825675583 289.607984813519 289.358304200677 289.750174005489 289.809328595467 289.674622494505
288.720210345624 288.684769001802 288.53564039007 288.70694540105 288.842162841781 288.736501542698
287.554758475649 287.447504633903 287.577273466819 287.47786713494 287.753663456261 287.730244775883
286.403100238528 286.495786281341 286.384501174283 286.53545556508 286.494690268432 286.598206194465
285.734629863373 285.740079090399 285.902485385842 285.715668637034 286.023133600611 286.03661755108
285.691574424894 285.418308871095 285.747172144061 285.697143652271 285.865126666196 285.683261241346
286.000155469492 285.879524487386 285.878959884321 286.14424826464 286.133284504299 286.136554728159
286.875169229889 286.769674798038 286.80413858534 286.864756693473 286.992064360286 287.010632043609
288.21660203376 288.069028528277 288.308359572115 288.167349754003 288.411586402178 288.28632758057
289.557495848693 289.510156994441 289.646498970396 289.616678700117 289.669839988104 289.696830005794
290.420026411458 290.16144846292 290.457645243954 290.413406433699 290.501789030176 290.440682727493
290.267928734262 290.05582318967 290.256502000662 290.201049537954 290.369037736972 290.314831435219
289.605114583423 289.429325463121 289.612574941127 289.652605419835 289.741402968981 289.716060968739
288.605134197218 288.417990076502 288.723431666485 288.653190235742 288.784941373802 288.791323686608
287.500129301701 287.508828192641 287.550572202584 287.606571236203 287.663083200045 287.594821552058
286.596473508334 286.355264631766 286.37275162445 286.415742067687 286.713472690118 286.66610555932
285.893083834398 285.653527749514 285.832986945162 285.6219313348 286.094345253865 285.789991518365
285.937033021742 285.349278162077 285.649243089641 285.83519701365 285.783774893422 285.749621460259
286.237378302896 285.746047944069 286.125775980347 286.136770256196 286.234786935836 286.194592605394
287.179840976631 286.873393399221 286.894075761336 287.113379471624 287.101213147597 287.191251846922
288.376975724432 288.022778858156 288.429569150044 288.506338230645 288.341870567584 288.541785361116
289.677361590005 289.490632340492 289.698315617233 289.837867284267 289.784796682647 289.922834597729
290.582678808674 290.29005987904 290.53980295087 290.610077103442 290.756735613093 290.797275261181
290.551898184566 290.366925188239 290.537593273077 290.44819074555 290.54961931348 290.614455286753
289.897321356424 289.576694022792 289.92424067276 289.768506411016 289.779327892157 289.947632949125
288.886798075435 288.674910297398 288.848857554942 288.851378824926 288.98171446738 288.952744781062
287.834596516505 287.502626479154 287.583308948494 287.619286983751 287.732726330448 287.84042857576
286.756373155129 286.685930558282 286.735405071863 286.42834310715 286.5848678312 286.625384123937
286.001186787394 285.830919078106 286.164133419967 285.812699122278 285.91749449051 286.03784190126
286.020833294235 285.652396034548 285.694619177887 285.711400889518 285.652853128451 285.910211222053
286.454145248478 286.206997157108 286.206084687592 286.189143483659 286.012366730583 286.197645459932
287.241607896732 287.077353533973 287.212718217159 286.956180636192 286.958888921406 287.279788934447
288.602212542595 288.3856661765 288.629901870729 288.552782827027 288.186570265481 288.575479373924
290.008251803305 289.72419896087 290.123192916561 289.97226550608 289.421894676248 289.958403690833
290.894941694811 290.588821910286 290.953767958672 290.722005136229 290.295971215425 290.82457772399
290.882795140562 290.422207375367 290.950951932992 290.713527074384 290.131348274977 290.701005255314
290.31847226478 289.796824896499 290.24616964411 289.99567737802 289.539782916359 290.143473936873
289.162481119759 288.892171358578 289.328486220843 289.048598095638 288.594081138342 289.077261989919
288.015118970839 287.920216833917 288.198614771514 287.777340717268 287.525590638541 287.901993352524
286.96568688761 286.807514697552 286.9799240347 286.843840311194 286.373343569892 286.995143528315
286.341721893809 286.028898833708 286.341969172229 286.249540702262 285.587625201965 286.430377544729
286.12043044109 285.846545680847 285.967486878968 286.030513634344 285.352595776214 286.029442275291
286.405964620386 286.129759039208 286.281330139855 286.522286545467 285.854688650565 286.385261872092
287.319115033924 287.083654894425 287.15410125215 287.346070549085 286.90281524242 287.411996850792
288.585101105708 288.430408387378 288.374447935912 288.918569597737 288.257978703159 288.461804201033
289.929286721122 289.848594575913 289.641919124074 290.329641872899 289.644058372754 289.709364499319
290.680962108855 290.631724389807 290.45438027276 291.130201103987 290.477826396721 290.503983955247
290.556727324254 290.690623597896 290.439896135152 291.064427975474 290.317479519063 290.303620874372
289.794376309055 289.893207599427 289.638445505989 290.508656325382 289.730357122965 289.685421518247
288.875098334309 288.944708784898 288.732048344817 289.326536392373 288.664943813789 288.706910156971
287.771478594718 287.770507566322 287.523146202822 288.189321568551 287.599769094533 287.558767107301
286.862128970776 286.823988837478 286.454267500543 287.164746833164 286.43522147001 286.572471339275
286.18871850313 286.19892357195 285.870291892639 286.310469077169 285.751273749006 285.933268928904
285.911893529946 285.894503815501 285.825991749538 286.060572664586 285.498833514379 285.698061080855
286.185287248649 286.361782558648 286.09734851535 286.393273803192 285.863448446003 286.064963650757
287.094577200054 287.305831798928 286.843782720055 287.212145863933 286.861166135366 286.803298294605
288.271616201491 288.716690885359 288.153745936719 288.373577116616 288.246745931694 288.194270424486
289.644090825486 290.002113427009 289.456408624349 289.627474506833 289.605375467165 289.573949063081
