290.495934340559 290.293781613847 290.211966308181 290.248051402863 290.309720330181 290.423945820473 290.310834905605 290.231422390335 290.191520384317 290.332735665484
290.258575386921 290.207909187982 290.124160684955 290.18603677037 290.163299413394 290.439780281845 290.195162262697 290.146837488967 290.185125821038 290.271836097861
289.612352682592 289.625708181649 289.638368587106 289.679466280425 289.585091573198 289.666164895775 289.637090292257 289.496317018234 289.460277304966 289.724058752594
288.734147747449 288.618700364456 288.597082098663 288.660455777048 288.804537591261 288.757946775804 288.630131964801 288.519395712598 288.618915893291 288.79215405811
287.648533421437 287.497879429142 287.394971863319 287.394811876929 287.586241409627 287.701803041334 287.545501452399 287.423823706505 287.482427106519 287.681433613565
286.746171321163 286.24737259256 286.411142248232 286.60864244896 286.540002356406 286.605466561948 286.612196444122 286.51768201909 286.584390907173 286.655400991343
285.96450360086 285.945749847409 285.756401271266 285.818915798751 285.976033098314 285.902577499745 285.81954931296 285.9004446815 285.97540209377 285.994872796753
285.713603694581 285.54146687748 285.498301121568 285.692275235718 285.871088162312 285.63201316229 285.603207344767 285.566671906264 285.601441243626 285.733123635299
285.997690402026 286.065325848705 285.791910496828 286.00220731358 286.03441525118 286.070980569961 286.038903124455 285.879117972952 285.946552780861 285.945141124899
286.939596620023 286.617105557719 286.756311978167 286.97185893131 286.915632378441 286.790080534325 286.806121499546 286.652863172644 287.042996332014 286.96937850026
288.242743572574 288.051200291378 288.08830095924 288.214792061228 288.397875918641 288.138868793673 287.981685776121 287.98998445314 288.27109622535 288.196235940646
289.541531358639 289.469320582228 289.358522988556 289.636131627423 289.788065643248 289.448886514023 289.332907440131 289.47046896282 289.706231618056 289.553943701616
290.317224443638 290.227101437566 290.135295222596 290.468149902761 290.588139685206 290.3470240899 290.233624127546 290.245902929907 290.348830772378 290.303278776597
290.27201329008 290.196374435684 290.101384635518 290.40289708162 290.519360178788 290.329289836826 290.204657462805 290.203864911014 290.226055427106 290.259327166133
289.683084852722 289.598399790369 289.512758653148 289.80324820746 289.94080498337 289.763591789274 289.658827495738 289.58994860978 289.682800005436 289.702551161961
288.717112281738 288.682158391728 288.550905779124 288.850516217062 288.974335612838 288.67134300223 288.639072895701 288.67190876905 288.670828488255 288.735025931622
287.561332192417 287.470129648102 287.561861060212 287.663068066349 287.964698221174 287.557782253696 287.374946930341 287.631072821625 287.521047326136 287.598063000158
286.493119767182 286.445089466215 286.476546010619 286.636976149753 286.796434113633 286.510521941761 286.446324919263 286.49599630843 286.553708893005 286.573380613343
285.875287556766 285.611424807674 285.858038090935 285.914962729464 285.958309469261 285.821286115359 285.719238274048 285.966145067332 285.884844386947 285.861366379442
285.745820764087 285.295696585996 285.734748777096 285.547347859295 285.889505916706 285.522514118035 285.505042985287 285.978513451841 285.917304804655 285.610689295224
285.959605095881 285.938579889132 285.865658399717 286.06366773605 286.023780998043 285.939357944669 285.875528769454 286.059138927988 285.972977766077 286.085948472361
286.839309517147 286.41783151444 286.778253262512 286.877196463206 286.778622738795 286.799899581533 286.770495307565 286.910901192567 286.943634993127 286.724231487799
287.961902000759 287.75905968013 288.177252738657 288.224918261043 288.130620068694 287.998170457217 288.162227131939 288.360975376935 288.181911426906 288.290745862164
289.544844042985 289.279005569127 289.612020521532 289.592341551036 289.419079856347 289.342024285328 289.456544722615 289.618184350004 289.62885454744 289.581110716919
290.34120908779 290.038523852345 290.375468935355 290.553828263275 290.32772575104 290.188338493317 290.230216491335 290.507979445628 290.513219287526 290.338909689826
290.308061900946 289.956971335583 290.235342654504 290.561016614914 290.339939439312 290.176106781438 290.25036161957 290.444365137813 290.546007195961 290.291420866453
289.546325058549 289.33175043475 289.58342271972 289.863388869586 289.599125207422 289.471682961075 289.710545343134 289.769770211476 289.778086731666 289.552737348383
288.594786768535 288.308982363829 288.631770250458 289.003238328774 288.767713844543 288.587471733486 288.624056721835 288.733543458277 289.02996055241 288.799193612989
287.624963970317 287.315479004394 287.424252881107 287.778301901554 287.60706278844 287.579955431001 287.649305871954 287.498475189139 287.638065742727 287.522684072449
286.47177057368 286.247096334818 286.349022574172 286.804292890762 286.560211307126 286.4344267124 286.591201865426 286.553780291063 286.608769110371 286.529704779657
285.61388570101 285.584672229843 285.668784226742 285.94934102675 285.918017880718 285.796134964605 285.885012913996 285.943092107937 285.865489410333 285.946816421047
285.59331452429 285.405718766695 285.499648797235 285.865400240318 285.722960115842 285.714971614924 285.68192315201 285.813603711852 285.895433337521 285.887344373805
285.924658483171 285.900093147856 286.039657803911 285.914092540167 285.950402253177 286.024884107361 286.003881596754 285.784104656514 286.202398961846 286.210776535095
286.979852740891 286.555330963109 286.694145363215 286.957269602972 286.878329649273 286.793900462829 286.858486133532 286.773964671585 286.944789278461 286.88666162738
288.273418345698 287.990856536292 288.034759829327 288.267150657773 288.082609432586 288.020040706129 288.137782591718 287.958325113925 288.263698067239 288.167517674364
289.571534096659 289.35884813456 289.453275329641 289.648406797142 289.45892649956 289.466744449001 289.441711836787 289.362579195107 289.612007002001 289.396777437987
290.334238367542 290.100320468648 290.197411390536 290.371285245854 290.406264075985 290.19805272259 290.262877185031 290.175370108319 290.307747772266 290.180950180802
290.208019406268 290.091391124084 290.078399445667 290.320686946724 290.29846846695 290.175049355661 290.143021313933 290.148802644598 290.219341673478 290.165683534607
289.649828680637 289.474796776978 289.38525779019 289.820917105349 289.630181318284 289.57576166607 289.563531287518 289.424944822061 289.632195521518 289.461512148487
288.730177194815 288.570127822286 288.512722336107 288.813065633405 288.713012926815 288.689226419551 288.624767083539 288.509644114886 288.581275983482 288.557861477374
287.675160822329 287.45015432332 287.424205915119 287.561000910366 287.654390713269 287.528230412868 287.526569258272 287.419700453933 287.450557290032 287.529691941343
286.360307560003 286.231550490701 286.337039748517 286.647755947547 286.633353290464 286.552753489125 286.369926466302 286.470369901397 286.626781705306 286.498673272826
285.904043399299 285.56011435988 285.45835481938 286.002148504928 285.969767938223 285.798715230669 285.811131643555 285.892392450603 285.754697934056 285.832506160692
285.610057511736 285.229235183477 285.451619944196 285.521383630362 285.840814304251 285.397695474657 285.802166429793 285.763380394646 285.59995593169 285.484782345746
285.97504624306 285.751933873269 285.76830206753 286.066572656962 286.048482498351 285.764023812904 286.132624789895 286.182895563273 285.710665947563 285.894630258202
286.842930545278 286.531411525375 286.610001031627 286.732588406894 286.882274020935 286.566445263741 287.004796114061 286.975082771729 286.869529121294 286.849322839069
288.15724323513 288.023705286455 287.858269158482 288.192511606976 288.161174450433 287.909704534731 288.328326121168 288.111710779405 288.173134565934 288.062751337094
289.551154299412 289.340508181744 289.247572715292 289.433066046265 289.474204446891 289.495924237812 289.549145121025 289.435633215274 289.518149637576 289.488867276742
290.238763040212 290.184645890041 290.092366573265 290.212436426891 290.288433759371 290.254209621223 290.303502398402 290.374324508231 290.344165975435 290.281568953699
290.058534552922 289.999519117827 290.006969862389 290.128028611326 290.25361066549 290.116149520607 290.280544191418 290.166911204313 290.26574265664 290.249999866264
289.501461779707 289.455964180516 289.325440935862 289.480846617494 289.742439756544 289.474843263757 289.826470270195 289.590263797222 289.740334602562 289.567758175684
288.589954314958 288.551406262287 288.346156774891 288.556631676545 288.77099854882 288.590828437148 288.829810982419 288.740299001193 288.794895843714 288.683932721119
287.610999738926 287.337614432121 287.350938582396 287.593945473803 287.802466016135 287.501715653373 287.603385026225 287.562477523907 287.67612365778 287.576869173056
286.524354119703 286.164079756822 286.211277401167 286.552490489051 286.584202110277 286.339028761735 286.479992924942 286.759151711343 286.612187395525 286.467477354664
285.871824803342 285.63323843954 285.5502770625 285.76325168873 285.84750007707 285.649955346637 285.877573379379 285.978354916371 285.999164115611 285.784855044582
285.471268906598 285.285768074483 285.189628771179 285.700962743321 285.798975353751 285.540697775234 285.827653832411 285.710144943705 285.88092764891 285.459947144304
285.994225821524 285.649070882781 285.833265241941 286.077040968492 286.119687216208 285.974560457009 286.05909780594 286.018019694352 286.166819806894 285.984344018515
286.987792264421 286.63656367151 286.619758587313 286.749601463934 287.062774001344 286.805008172107 286.871450723311 286.880946431479 286.833061154744 286.867475634794
288.219030292471 287.895126065286 287.876516439469 288.096970703233 288.436682850362 288.084560467373 288.150570124888 288.290741078706 288.037727121114 288.238548102379
289.523849136516 289.426567201597 289.285351526419 289.248748052118 289.784091964414 289.403864146685 289.497774136171 289.66960575511 289.496667597406 289.577663804396
290.124690630508 290.273201798854 290.155462023988 290.040890616354 290.509872190386 290.207270848696 290.367808850368 290.441209324475 290.270082877635 290.33058118481
290.035897752143 290.214148693487 290.05979128836 289.998846651088 290.454168762345 290.227860333817 290.260589865669 290.452293811661 290.23384914263 290.278546818571
289.557615547299 289.459236284108 289.405943085888 289.416412312498 289.931686072625 289.593897669078 289.797973766205 289.857686043351 289.597795228002 289.762284594706
288.733785061058 288.539971551449 288.569164996242 288.497170592126 288.925525972799 288.74901035762 288.735877314586 288.846986937639 288.766547784891 288.842244998668
287.534174050503 287.428184101051 287.368831395514 287.438764303195 287.771178403855 287.71795215442 287.597647004558 287.674151189368 287.769132925303 287.796303959966
286.507366043725 286.475195124991 286.442419723614 286.448950901605 286.782356710527 286.425403339265 286.440671249975 286.531944316824 286.707124010706 286.642491955604
285.804182657595 285.694142252641 285.674700859954 285.741551119179 285.924993695192 285.863141845682 285.848278031082 286.152827409413 285.963649959701 286.103148553844
285.485513656764 285.441730299306 285.31347700004 285.552477566016 285.790755590697 285.726284253642 285.674844030762 285.83422099767 285.84083913633 285.864329309544
285.988980595193 285.793936247779 285.884154180216 285.59837016596 286.042271915691 286.038519921861 286.090962807195 286.087719298881 286.243421136803 286.152024296275
286.712721983396 286.894489813553 286.687673462154 286.626830461763 286.904210713447 286.903433279964 286.936148183136 287.048416894866 287.016578261454 287.188112354567
288.18638283286 288.0997670071 287.958268688561 288.005776716469 288.307090901594 288.404465186457 288.078661712539 288.421464776482 288.506326736016 288.406313986159
289.555023849067 289.459171250103 289.276796683081 289.396026301618 289.716339292618 289.682136982013 289.415139221576 289.768502246545 289.862462689805 289.838748104761
290.301611763121 290.222643612454 290.154854280046 290.169982891675 290.53078065621 290.420609853386 290.157283654461 290.488153854102 290.626675159577 290.655111908544
290.177749306183 290.205633637976 290.06152772337 290.053773158341 290.464928724475 290.359785625611 290.170619453266 290.572700739102 290.531276562978 290.52283853176
289.624501352555 289.526345652596 289.474988749558 289.554323094911 289.739658791563 289.649327425845 289.433562306036 289.959272147387 289.941396327867 289.850899406081
288.686270474303 288.495145091097 288.622514079949 288.529387104601 288.756465627221 288.818851532871 288.593624609408 288.909039719191 288.982463567725 289.08621310129
287.500253933924 287.189591071452 287.477858553251 287.348045502552 287.635854023031 287.689630795244 287.582696122604 287.933210774601 287.914868098468 287.78872275872
286.362875301484 286.203372570716 286.54305824286 286.47249903891 286.628255403555 286.46899968267 286.590448700848 286.765143049335 286.768235603876 286.739462916618
285.78291874664 285.700027333007 285.88544112707 285.470650362963 285.95099556354 285.770603594853 285.909484911705 286.243186933264 286.019998485507 286.02167351575
285.51612206705 285.453933164656 285.62846012358 285.373921981903 285.793831671127 285.484804740312 285.662349431971 285.893538715538 285.940555122966 285.836449518657
285.96168032662 285.861790018001 285.827866559137 285.709276484636 286.021574876961 285.864751875499 285.993123745281 286.320005539498 286.249396876181 286.108742176687
286.833890771283 286.805216189167 286.709118966756 286.715176145011 287.020755715521 286.89209080403 286.804838173112 287.080261488578 287.035489364612 286.805321362804
288.0115045619 288.078703436049 287.973766439043 287.914550970359 288.285642295685 287.990402386593 288.016428366645 288.464770064092 288.308140517256 287.969569698473
289.280695952973 289.329022597372 289.458081443664 289.281031069202 289.562068195183 289.313919553402 289.430299628619 289.881201890422 289.683044495503 289.336626727823
290.184437430607 290.140048886436 290.207013764926 290.094178074919 290.368181933835 290.049577247482 290.252381663272 290.594367695602 290.469433718703 290.055887898438
289.99482954643 290.149293619884 290.157187007574 289.950508876237 290.218686620829 290.107683116723 290.095695590773 290.519709974067 290.363195572825 290.014445356468
289.41197698442 289.469446635839 289.636554534962 289.441652062759 289.754119890034 289.383610181786 289.458429610975 289.901910890675 289.670797260722 289.343663069922
288.618326525734 288.615466952244 288.658511945449 288.324022943713 288.803646878428 288.462414957949 288.463809771565 289.039529330564 288.874582396567 288.519041233003
287.495486184901 287.555699774067 287.537672901213 287.307641847031 287.529089388221 287.342549665897 287.295926392528 287.730210290176 287.686533153543 287.480783448512
286.462399355928 286.498180013221 286.511076006084 286.167337495438 286.506579010238 286.2395713666 286.353054681759 286.680895674555 286.651098859219 286.478586746972
285.881930301689 285.839423621725 285.693875862028 285.333510181012 285.764095298637 285.727893622023 285.726682424748 285.963914986279 286.0285432976 285.829012356139
285.488928718863 285.700523207544 285.715903897687 285.316713317132 285.524140075746 285.288132164373 285.729925586665 285.745529554892 285.851888940519 285.569584043775
285.92345002438 285.894752676796 286.014301870933 285.724017570678 285.690639161757 285.809462479413 286.078092171987 286.12060119648 286.132707092724 285.824513306932
286.73618125037 286.79540998829 286.944711118542 286.588867581764 286.765660954418 286.717658694003 286.923680289044 286.915367166404 286.971795920953 286.741086837486
288.068384459568 288.014854261188 288.178046651833 287.953021935828 287.877757376689 287.923972800128 288.17838385984 288.184737578937 288.276893609251 288.089169014873
289.521782869149 289.385995154931 289.538776048755 289.213438798494 289.324535570463 289.246746398806 289.653880190381 289.741060630975 289.561013765554 289.417924615239
290.290189369308 290.32282214785 290.331577367843 289.966476880711 290.185980744402 290.1331904666 290.468679538359 290.426376219873 290.391950256578 290.230519516566
290.249400552825 290.222349003223 290.238292992186 289.843493903007 290.107500402314 289.987081974694 290.314019478546 290.299991024051 290.278065094032 290.243505768843
289.76390967191 289.589032979206 289.591258465231 289.302295199825 289.498093211299 289.417611720287 289.711587156821 289.67049273976 289.688011232751 289.577920428278
288.679348625199 288.638860804393 288.6143845364 288.441089831564 288.465096388581 288.498001326025 288.777429070363 288.696348083865 288.846436088539 288.616903886754
287.639276876624 287.440605875738 287.527943307204 287.425583107963 287.31361297592 287.405921399941 287.639384827429 287.550808707269 287.752892941822 287.619629667575
286.599196521674 286.400153702923 286.533412584004 286.204280937589 286.371330459326 286.349227509773 286.678375016708 286.529190680391 286.612687340807 286.685065681314
285.857846558919 285.637749970631 285.829290741822 285.55867260096 285.741035580938 285.645649247139 285.897591841654 285.94099332829 286.01991676175 285.719694593893
285.728785185311 285.440558367382 285.593992079804 285.33605437321 285.659909704616 285.456257593105 285.683038036622 285.547950596578 285.711554787158 285.631430577354
286.14614203348 285.716481966138 286.013000193249 285.846666023348 285.919089910201 285.92484505955 286.170613800211 285.771933108785 286.1703512075 285.81381300137
286.82460020995 286.867212031644 286.66935317009 286.710467997829 286.665551132471 286.848314349052 286.949723870513 286.885199357631 287.172939268194 286.947441318261
288.229981958071 288.053184682984 287.963998089193 288.009438021127 288.154119784398 288.111280957598 288.339770829302 287.901952015519 288.47511021286 288.113067969081
289.521163417816 289.409785680656 289.362992150746 289.380953810417 289.499020036887 289.40257697748 289.667382755975 289.278695221479 289.715089525054 289.545545889469
290.360529553495 290.182884180867 290.26354281277 290.118477272063 290.303201907872 290.258259958445 290.409164710901 290.070443311707 290.593743720249 290.383611979958
290.30141691774 290.052218105583 290.210175681055 290.109606923181 290.122654478687 290.292361214578 290.270804208616 289.994504038329 290.48456810107 290.255667520608
289.607533342701 289.364214202598 289.422487795735 289.661034139404 289.749663144385 289.663614281652 289.819680985032 289.360386462388 289.800001907249 289.69077684648
288.740313845162 288.426657885861 288.480983301003 288.78537810991 288.822891108408 288.725579150757 289.002987944912 288.603924615681 288.881102435155 288.66274187327
287.657409047534 287.38452999061 287.384410964846 287.567004363624 287.667579024338 287.474891830399 287.728095504262 287.416635734919 287.844128985698 287.78001149594
286.575044122591 286.28881532877 286.559201280207 286.470983817931 286.629950894329 286.597585219297 286.567130698201 286.286342072429 286.804573331661 286.534314621289
285.86441750772 285.494146073081 285.894838311617 285.832221347017 285.809698686191 285.934110932658 286.032073151611 285.661224967325 285.779297138721 285.888734792269
285.766853973185 285.485027561112 285.711377086212 285.783804798105 285.510252142447 285.616897087827 285.931432879272 285.625073039534 285.665598018 285.83554658821
286.077953950634 285.744271471778 286.015197376957 286.18073519862 285.916516531964 286.181281929514 286.176778706398 285.987435601919 286.274794309476 286.272800232161
286.844879444762 286.678891291253 286.687346960667 287.229150158203 286.740214003148 286.867961089412 287.005056306718 286.718285860148 287.037983088059 287.124436477008
288.230442489309 288.023057934125 288.203577723465 288.284106381796 288.016792030623 288.137287974712 288.179668994563 288.033085504342 288.198614953622 288.238309708517
289.596029802996 289.199872481355 289.461752298748 289.619931494902 289.372966806321 289.463071825166 289.445373245792 289.369279288584 289.546373442936 289.558624546481
290.211661786835 290.013937425714 290.31848379518 290.386189472622 290.303603850006 290.319674838486 290.333500945532 290.160856732853 290.402153651323 290.509374375534
290.233256121033 289.917892927739 290.187053506947 290.349170585255 290.222933226926 290.24186461084 290.206041189134 290.073212917267 290.418474674677 290.41603650773
289.518081273043 289.398065106232 289.567913154029 289.87897568829 289.447012912121 289.56273098315 289.599177556191 289.50058966751 289.792086641321 289.817387228705
288.604381715379 288.447230985184 288.585840893505 288.832256769817 288.640985868214 288.678845797233 288.6586005349 288.592537667348 288.774432029276 288.878032929624
287.498515467987 287.374010783871 287.618621981956 287.674681787231 287.584755935036 287.588456296401 287.463936757991 287.444556756898 287.617495904248 287.81185207323
286.525490066725 286.214501701975 286.526399797166 286.53639036927 286.518898558027 286.503542644888 286.501244227641 286.489547304362 286.498913440037 286.693917355544
285.905222829091 285.720205591839 285.82767715122 285.960887193412 285.86064209883 286.039426358873 285.785084742597 285.824610257052 285.862523415227 286.01991852946
285.635346725056 285.580528754807 285.572709271975 285.71265969134 285.402870691782 285.620642652868 285.746071608059 285.700881479378 285.892562123203 285.975804214275
285.972931797868 285.739363053112 286.047447526757 286.181202319189 285.86194304612 286.091576150966 286.011848061942 285.864592827887 286.010776528057 286.282328224214
286.645402962249 286.724011830311 286.712092868298 286.974169992475 286.620276495481 286.944607377177 286.965935143374 286.70015464625 286.945188721751 287.109087211158
287.931076366644 288.079644081777 288.082189696237 288.184734620521 287.923207273304 288.291415624893 288.130721396504 288.189312004097 288.088520779715 288.262158528579
289.225057465264 289.508242440301 289.439630227766 289.588777539115 289.287737209221 289.594963828014 289.362440629601 289.572511601033 289.65445671405 289.65298393916
289.91339207677 290.339995582489 290.166743636325 290.375512221272 290.183192018253 290.254791745763 290.204242584619 290.339454590365 290.464460116924 290.554745192116
289.940550138278 290.281989472191 290.164408621705 290.347660476144 290.20701231645 290.166443287021 290.188518292433 290.290187408394 290.452161995097 290.605317902379
289.246668048969 289.666117866418 289.631154482548 289.724309042404 289.443470990646 289.580753621807 289.623963318136 289.75751564265 289.973779744442 289.956266656074
288.524161940879 288.798383083866 288.552196482353 288.696995890468 288.505606767261 288.748105968358 288.667645242442 288.778958340865 289.0287627471 288.89518348245
287.519452862979 287.629517912413 287.343865621626 287.627750135975 287.498562699964 287.544116831519 287.567052540116 287.774937324855 287.900725734132 287.855917775472
286.272994222568 286.616275598494 286.563361691192 286.633024803717 286.321900182696 286.61364790486 286.607485586397 286.502056631567 286.620379721281 286.799044572892
285.71042139085 285.870065936878 285.789125055021 285.846241040706 285.525598495296 285.696852526902 286.05704235392 285.847183932272 286.023404603439 286.184440076297
285.651323645472 285.796802473824 285.705367696853 285.633045886385 285.337092995421 285.787703871023 285.749557474811 285.718180044831 285.963930056087 285.764282446447
285.909364016751 286.030610785262 285.802265156679 285.977834927524 285.560897958628 286.122286209183 286.084798115531 286.13880316868 286.294865400503 286.028186749451
286.720977700821 286.977748921624 286.650880672518 286.697811005948 286.522824744963 287.183499007282 286.919376690332 286.706439852854 287.094403401663 287.006907543333
287.961563705511 288.125138511004 287.921398029134 288.052420287371 287.955970363839 288.414032115899 288.201827486174 288.11294917238 288.437561784273 288.134428019604
289.34304108823 289.379674970655 289.259827344316 289.4613973486 289.244506617404 289.8171387445 289.500830270366 289.525574344806 289.849713828733 289.513566887267
290.067000175333 290.204890494509 290.076395840913 290.150414953096 290.057102171089 290.453871742735 290.292377564839 290.338316465524 290.608154975244 290.307696906926
290.005671836322 290.127782394625 290.02205185148 290.143485893476 289.887633860872 290.349270992016 290.181419588439 290.293997813992 290.492070827807 290.201282302139
289.432766644926 289.492245746539 289.488744346945 289.58185647434 289.247509461864 289.708200382083 289.742188067203 289.66637507242 289.812602909324 289.743643982281
288.534080000366 288.5048180993 288.370441533975 288.588330982521 288.532643067941 288.873341108542 288.729643442099 288.615795406516 288.949226640932 288.792404319126
287.329410709687 287.484924640244 287.308161387607 287.45166868083 287.283162305112 287.848344264436 287.6845362934 287.656805212943 287.949129328943 287.756560120923
286.424214022357 286.359905580854 286.307335260427 286.162121021951 286.117964083215 286.710756902506 286.457840170948 286.6649720155 286.678996183427 286.570058744375
285.970103160763 285.68888799004 285.803020738766 285.78286779114 285.421810107191 285.971641448039 285.721477605245 285.825263266534 285.9458383809 286.010757364533
285.70845393002 285.544016567808 285.690718671922 285.603531640929 285.258786192248 285.684313207443 285.507605220579 285.629352345319 285.859481687921 285.832007384503
286.026370998294 285.935823660545 285.941793723382 285.760982996369 285.871849370498 286.099159804314 286.05846936247 285.86701609919 286.051638306801 286.192998344842
286.850282507086 286.804100476273 286.619761451644 286.737333235483 286.669996910516 286.946576956118 286.689899854176 287.004487269862 286.824555835273 286.955336936876
288.07951970644 288.044389631796 288.046827807184 288.189629632794 287.960998839434 288.445404334793 288.111873970239 288.309356311623 288.125728584475 288.072004617035
289.479578274715 289.383810513581 289.273114019541 289.655411436152 289.320814473617 289.719220800966 289.548090726667 289.572965191266 289.453900719482 289.384008157172
290.3299877278 290.188851658883 290.122851438729 290.39278538139 290.145464512625 290.518583595731 290.364655599987 290.439447558318 290.232786214868 290.284421469289
290.298491052437 290.196467288221 290.107166525962 290.259641276934 290.044633586232 290.429631113352 290.422580722145 290.32971985029 290.229587098155 290.215763025006
289.697015405654 289.577276698531 289.395687757485 289.633718347796 289.49919705778 289.792072242115 289.874971290004 289.680637148278 289.544576694326 289.653601101061
288.802452130258 288.649555584812 288.571225192926 288.658891106451 288.51081829423 288.884318258239 288.891845301242 288.817319249693 288.709458081665 288.773878298421
287.662698668151 287.514493639665 287.435940473078 287.712109180133 287.341868897072 287.809812554562 287.740116453847 287.616186436402 287.554191698117 287.590308275068
286.709293491932 286.499490124316 286.436412538941 286.563246968035 286.281088275422 286.756168705521 286.618322624254 286.522345919181 286.532828430932 286.508396016314
285.809271520502 285.786995400029 285.689984253199 285.937063695823 285.741427974792 286.124944384453 285.999576424373 285.888309447331 285.793583809971 286.031038095657
285.746035212781 285.685679013204 285.560439413526 285.760452846314 285.539594350975 285.862119324073 285.893183414991 285.619604183219 285.778902284924 285.863904975089
286.115879830594 286.059352390763 286.003158896031 286.267907487164 285.8131959518 286.00138446865 286.018814392023 285.990522775823 285.839537460266 286.18900993046
287.01298760808 286.825198804024 286.837907094478 287.088003641481 286.751312499231 287.024756004298 286.870347473371 286.798446172031 286.696653945055 286.972519921986
288.350658957308 288.178173096951 288.173259652905 288.515797356076 288.113986582503 288.278054038804 288.171424395626 288.207690130914 288.003288483946 288.157417462796
289.779458973489 289.471864847212 289.522565879296 289.817681251097 289.41259810234 289.670078616968 289.560939948949 289.591580314969 289.442728730196 289.495237435813
290.541524236699 290.205592690591 290.300838583829 290.640401290922 290.198073129957 290.375787016389 290.383975832308 290.458791803368 290.158185779884 290.392287555348
290.53294627548 290.098147925569 290.220950884711 290.597909356481 290.129691463938 290.289376941797 290.295036089633 290.398366637083 290.129349700755 290.23843298793
289.924709456028 289.429040987521 289.713942882825 289.913671734847 289.513409337049 289.698834022042 289.621330671243 289.726441783011 289.554026905153 289.691354134607
289.00705670287 288.531280602648 288.653552620295 289.060599400026 288.611660350617 288.804663880944 288.654424018283 288.761044330876 288.587475478093 288.737063470141
287.859864802275 287.557065868968 287.609334918824 287.9109427321 287.633836631639 287.724802618369 287.582079199627 287.625796296876 287.471972799499 287.621450765906
286.809125565118 286.425709146053 286.450214267083 286.766892561032 286.355318087063 286.673003739135 286.430767960072 286.736670805972 286.309773229108 286.583850798528
286.263943192125 285.733875709621 285.826560419989 286.136992885584 285.787454990973 285.896828154115 285.774658581329 285.94454500413 285.674658712934 285.999356025931
286.00376444574 285.536780457327 285.728109652043 286.01529998448 285.520737550261 285.749525836897 285.609857308316 285.580749621204 285.775136494589 285.944563495187
286.190390070404 286.016195190045 286.013936788713 286.337921459062 285.890982737711 286.189679041684 285.854887819022 285.958837549751 285.867630726326 286.212791430848
287.039587078385 286.999067885354 286.720874058378 287.140602179269 287.034191463622 287.001071602304 286.760941331865 286.889258934745 286.777898039237 286.978202959555
288.417981216864 288.173054871394 288.169770273824 288.598867880053 288.185399733835 288.284975108622 288.150385069031 288.217678587657 288.174569542107 288.315382802811
289.857979839107 289.486155506485 289.638759015982 290.007596734668 289.530995289171 289.586365442128 289.556206153716 289.483524320947 289.507837963795 289.646558469564
290.652453525236 290.293689224231 290.461563486052 290.779719542561 290.363872676981 290.398055884919 290.323136680687 290.212795541716 290.212054535172 290.438186490608
290.479287400804 290.294740822354 290.302223226392 290.621576043195 290.339140893134 290.349880654257 290.298607337855 290.257391086879 290.181600359913 290.3111340224
289.8616314416 289.653653918679 289.685726781761 290.025759067173 289.775672002704 289.66740334005 289.585566188573 289.465724048605 289.587440036956 289.725980027545
288.857543356488 288.701708367926 288.620976787302 289.086941474835 288.847571641852 288.739386389762 288.634788557552 288.798386593382 288.687177161822 288.780716267068
287.82244197885 287.525847598474 287.505385823851 287.951488185881 287.613969272878 287.510934489159 287.468224186105 287.614093499571 287.563040677757 287.694855728179
286.734950469301 286.478018633333 286.566364707504 286.709504959055 286.659789375757 286.51183630317 286.540216820145 286.441529652169 286.406664305904 286.67518705314
285.937091091463 285.984321048676 285.722245527446 286.039901203246 285.928304400716 285.648011171411 285.802907158029 285.729529323075 285.839271029163 285.820429565094
285.937509016954 285.66814451357 285.782657865882 285.732159904112 285.592604894246 285.752299371707 285.476247052913 285.372047549248 285.661479367248 285.751439609429
286.240758985619 286.138642316329 286.08902515257 286.100279505053 285.810268471084 286.136998534986 286.005492353491 285.974041074082 285.934920706174 285.99567079647
287.081080844487 287.010104636665 286.905718464403 286.966463690933 286.79159855777 286.811789838324 286.885534990281 286.864292118445 286.871992571466 286.910914578682
288.285473003896 288.446741225526 288.251696952195 288.127157352945 288.110439757618 288.247443237785 288.120273195957 288.227868193327 288.082888296403 288.227668501112
289.648915749303 289.817343485781 289.544716987635 289.465687450818 289.457221755503 289.483382423042 289.626585823995 289.570540212718 289.574452613179 289.59340827721
290.474793718883 290.413937776196 290.429481250683 290.164669668684 290.204427870897 290.185024551397 290.41342081126 290.280557777705 290.401884177055 290.505668191531
290.309007824995 290.334862946988 290.257959177349 290.070274869202 290.121507942019 290.286094749931 290.36090274998 290.246320096837 290.431424801279 290.365869153826
289.521374072765 289.792626129002 289.524858388173 289.475242630516 289.476988747202 289.626239466135 289.664485897516 289.641511949266 289.824349942203 289.804826592502
288.604566081684 288.87697126616 288.789041296348 288.501071676341 288.578425824673 288.743993460047 288.763601193344 288.788919121785 288.873820455594 288.795310132659
287.469256413462 287.719261960147 287.53037200036 287.366472869408 287.466676589952 287.655254764028 287.60917566639 287.489762782483 287.754232691036 287.723288149546
286.244405483889 286.683837279283 286.335436479428 286.357270264263 286.442171280152 286.576352533533 286.439721159609 286.384814103545 286.79738870273 286.712322606838
285.784972788819 285.898080201052 285.600306167409 285.640171349997 285.772576804186 285.856456738977 285.957081723435 285.829045207881 286.148432580258 285.924669119147
285.675605408758 285.646347170527 285.639283133846 285.529517445198 285.532035320128 285.893323775807 285.990767489384 285.706914868404 285.992585346842 286.011640876243
285.936167256734 285.930197305235 285.980489250693 286.018869048731 285.652155263716 286.101068069874 286.139763436907 285.882394071342 286.220172391488 286.111631155668
286.731274224019 286.922207016598 286.756975652111 286.824985930261 286.734281176937 286.976788970167 286.980205377752 286.898443239863 287.092687198131 287.095690016653
287.953844160905 288.344875402572 288.001073489007 287.872435187648 287.978891043518 288.268139110774 288.305889201989 288.248936351524 288.504324655972 288.412818063883
289.18871880593 289.658550820012 289.27375737123 289.249880799981 289.217868666483 289.724681093679 289.55462495963 289.518464822897 289.882731332748 289.702347227685
290.048231338822 290.459166805409 290.086026645179 290.023376658869 290.055143283672 290.53907761102 290.292299048596 290.237683384839 290.550914207991 290.489129076979
289.996764909032 290.360199165566 290.1200410726 289.996605595064 289.911196739914 290.470182550534 290.384266118064 290.19096740106 290.537126773698 290.435210214065
289.30229346011 289.672171691577 289.419966419546 289.371006085574 289.470301970362 289.925090828812 289.677057278027 289.715697689709 289.876604502616 289.874363775535
288.391885407909 288.724976876109 288.509220525 288.453522867664 288.346250981011 288.82850305072 288.708576987775 288.800434575674 288.927156930159 289.126042333076
287.446852931568 287.559414174591 287.289279407913 287.491151277532 287.393897564491 287.737340677086 287.657053135442 287.638285985563 287.843590726748 287.817924919681
286.368926215252 286.423454140922 286.298990948914 286.303366338287 286.210508793216 286.662431340188 286.734844831577 286.766448363473 286.715248776655 286.867813209227
285.652688954088 285.750734262562 285.780620617607 285.70041547491 285.627521899635 286.069237900739 285.909158099769 285.906218258306 285.854108101788 286.244640834268
285.450542686907 285.481243413796 285.51659075468 285.368012711141 285.52338002893 285.805482335244 285.741882902969 285.703823662131 285.77332577586 286.175110612137
285.732127219448 285.821920399983 285.78851617978 285.791669476823 285.861326570671 286.244397612746 285.924921167212 285.999618068909 286.054435620722 286.262897108767
286.615508208622 286.787455793704 286.817443995414 286.699001033117 286.60741978665 287.009510797586 286.809633753384 286.874651234003 286.813240097015 287.212809702379
287.97309193781 288.0135516928 288.154654217432 287.90232255462 288.064012378262 288.199800939712 288.100456305188 288.15731734875 288.063311101693 288.490637226456
289.252786341228 289.464162266805 289.50340313682 289.284140997539 289.473498114426 289.457135563087 289.400703768854 289.571768652647 289.391861705675 289.841651821351
289.979111283578 290.22317155923 290.325089320513 290.074653560001 290.147599014935 290.316443812345 290.143192414643 290.352715398781 290.1998172654 290.705855284834
290.034445390724 290.124724563484 290.25176335151 290.060418611019 290.127802179205 290.238560450944 290.038607618861 290.256864260542 290.17476502328 290.639882398845
289.363816477951 289.432045370794 289.725550245665 289.389231298424 289.584324036739 289.548776982282 289.385676792978 289.807201289244 289.515745355706 290.052746012041
288.547647322076 288.479815414904 288.683903845025 288.512171786718 288.635692909212 288.649945261626 288.637797029972 289.00491676373 288.69271072789 289.010709348981
287.312574332728 287.360668573888 287.799544357069 287.312705162738 287.418391257023 287.617610080599 287.579386689234 287.736137432841 287.563888158256 287.928235531
286.209711720265 286.207090545584 286.647059148582 286.452072531025 286.341836030419 286.575995543061 286.511199803973 286.718805108228 286.371760728724 286.770558878987
285.713339348017 285.4483079943 285.977483616608 285.638791897769 285.692956074476 285.842956994968 285.919970209396 285.939327296104 285.862162767903 286.222520306082
285.481677421969 285.495466276514 285.755855650901 285.50370997936 285.437943308327 285.658112392724 285.699997648827 285.956582694267 285.744193346975 285.792908934316
285.686424764751 285.788899549003 286.019282785932 285.636020775349 285.75265543214 286.109154277102 286.106276994064 286.022223587122 286.137708776535 286.191564130117
286.75078198695 286.493826851693 286.864056609267 286.71922032519 286.690698397107 286.951572422149 286.856970801912 286.927456555348 286.718671567052 287.012939271501
288.000336734551 287.898035228653 288.097151551706 287.928861354898 288.116431023556 288.23054201887 288.159238106512 288.280696524998 288.014200199553 288.266908729562
289.409918804444 289.238979991203 289.496786434897 289.371764756858 289.397640389639 289.716156140909 289.56203510198 289.682923808199 289.367183113347 289.66582515754
290.169801322306 290.055167524138 290.315789623204 290.162521680609 290.233961315943 290.589880841768 290.290326202629 290.544604365463 290.12149531793 290.406367889495
290.173883938683 289.98533275803 290.172165768295 290.009591725536 290.145347051006 290.507650580813 290.183420212332 290.354086591398 290.107257798164 290.338616811762
289.545015882725 289.481270043699 289.532703488669 289.347355868854 289.526352856746 289.831811565971 289.71633839079 289.743149241176 289.352336792333 289.854821029984
288.625782769296 288.577756175777 288.641970044485 288.541177791367 288.657348886302 288.926960513641 288.835054368169 288.727770914324 288.485820129738 288.870724361759
287.390761751064 287.408143636196 287.56387862807 287.373741690444 287.407708192729 287.702762822601 287.637743960717 287.62568057676 287.385219849239 287.640369443032
286.453483177532 286.36535096407 286.434910508966 286.320446225019 286.451344021601 286.537840736915 286.755366431982 286.564449813543 286.425209088105 286.627192927664
285.676818772914 285.41255816771 285.753400057415 285.528678633609 285.89824032187 285.948313765067 286.047161047179 286.17956603209 285.706727744203 286.022003101804
285.578550896213 285.325794388201 285.647784220711 285.438056908777 285.591481779055 285.536971008965 285.667403340543 285.836164797639 285.623573166552 285.913213696077
286.004530602959 285.768123019512 285.935398763201 285.771988950154 286.028155299099 286.024842167157 286.032233476812 286.045726324557 285.819406047155 286.270176454711
286.800292478545 286.644579539592 286.631145485188 286.780235054494 286.681930205013 286.961360793584 286.894961621425 286.936434996701 286.793234922694 287.020885529568
288.03539577962 287.979432983977 288.060035510716 288.137784176971 287.93050462003 288.204802512062 288.150152694335 288.260424626619 288.025901646864 288.293726812898
289.39797258414 289.346271441501 289.485824548379 289.470146256832 289.27141203319 289.532320916734 289.530866100384 289.581639130715 289.326597493248 289.696118339642
290.18279222976 289.988150063427 290.314335908211 290.249210313697 290.143644033459 290.291380861458 290.293578263176 290.395044850109 290.132585598111 290.519563944291
290.113670494952 289.910081070186 290.226898520516 290.17893417355 290.081248646231 290.356255272933 290.17766490422 290.424135060791 289.981902229693 290.400673602985
289.446030317796 289.503836512346 289.697900775237 289.624508846095 289.415201218595 289.571958081496 289.622891813958 289.800913735898 289.343643383979 289.774832034157
288.551924323048 288.571173656763 288.805087563602 288.723709612776 288.578818591797 288.632562796067 288.708003880074 288.74616473216 288.59261475172 288.90754054723
287.594145141882 287.381073075871 287.686310998645 287.471091150971 287.447571169009 287.449796374003 287.491197564104 287.691383426583 287.419753915134 287.830270608112
286.44254718822 286.310870039059 286.516388529265 286.424304884884 286.38910331022 286.634908168449 286.586385178319 286.68447360815 286.229852750028 286.732788553713
285.744552587301 285.63504246216 285.955679354218 285.843081249193 285.637872006268 285.691490760493 285.869800132829 286.034831604853 285.880341025453 285.854931175816
285.558664477313 285.453745974783 285.586506399439 285.797519655821 285.366668210065 285.539808690836 285.543742263325 285.760273489099 285.58810987203 285.699624815111
286.022805844493 285.82652430566 286.005808839641 286.142332660019 285.7511985225 286.031039435181 285.866638781109 286.302188196681 285.843161517846 286.210246866084
286.709372202843 286.614506626485 286.742377852331 286.919940204325 286.584770392724 286.828315739657 286.884705138457 287.015076557307 286.825867026325 287.051011183225
288.180594691403 287.91775801149 288.046473674005 288.161791471236 287.880165528399 288.068393394296 288.218830530651 288.39167323537 288.040407990759 288.304668761045
289.530744747754 289.278164452543 289.504630093651 289.531596797974 289.458408045226 289.471971273049 289.486440023784 289.617470383651 289.465807580713 289.729007630219
290.298454596732 290.219417956998 290.266124087632 290.300427130901 290.123260990524 290.174938651115 290.223239097301 290.523094259184 290.28779356293 290.451631213515
290.164817550122 290.080315764216 290.237494752275 290.189740853016 290.071745353741 290.135945308627 290.164041602152 290.378563796545 290.208112949636 290.27139691777
289.631402705839 289.478705391027 289.579027514574 289.542978924561 289.481354572369 289.634248067265 289.569230965621 289.754758289615 289.524058766387 289.595639750554
288.711335271523 288.563442854475 288.63963863605 288.657922561337 288.563131940961 288.56628879452 288.579154032076 288.811204581962 288.575406136221 288.709965059509
287.63239643541 287.395438571189 287.59812448672 287.5441466724 287.414722397043 287.414970438493 287.638648873847 287.777747424898 287.56721283302 287.462772856554
286.600071005995 286.391218862603 286.364601676442 286.254381625195 286.489376112015 286.402897258676 286.483348132288 286.595467567609 286.429934071272 286.629354496319
285.749232422165 285.638172479513 285.721556488286 285.759059654252 285.752598492995 285.713101196828 285.830045985601 286.051222672369 285.878288714762 285.86392249858
285.658053475551 285.640255349263 285.712918134168 285.566267930669 285.539951038147 285.652839035517 285.923494701043 285.955912395734 285.810867373879 285.604530371234
285.896880736698 285.78525970459 286.007739131243 285.835915977913 285.871881622842 286.118714653583 286.10937358781 286.244220398035 286.113867080652 286.158360599672
286.89924195116 286.805883745314 286.795983490126 286.976480328 286.881713696565 286.94154564398 286.845396846888 286.938837264732 286.841434613349 286.834326395506
288.296890775071 288.082531135839 288.146435858829 288.348421679479 288.008689934757 288.303870077202 288.246394296139 288.41307667351 288.285318355202 288.111785789222
289.594612836113 289.430428026905 289.659794944774 289.680541729025 289.399401120728 289.528222089767 289.620926847441 289.682759183433 289.768525592887 289.609216642131
290.317888363301 290.211885275729 290.380460560597 290.398120258514 290.145775882752 290.284851001639 290.340697327346 290.475931455002 290.423644051356 290.289158022471
290.263725561432 290.085888260383 290.186999886483 290.376402979425 290.001575830176 290.313209167107 290.223288961095 290.400623824841 290.293490395669 290.261373102541
289.63820335627 289.450698687211 289.601123700756 289.766645243518 289.371862976195 289.717518341631 289.626922662511 289.904175561463 289.689177955464 289.59266490109
288.704921002256 288.603629340685 288.603366608896 288.999149265059 288.439523647093 288.927320668778 288.738853512723 288.981712773503 288.922517239066 288.70981980564
287.612217376321 287.660831359338 287.614126346495 287.750023446467 287.456565354644 287.698266813902 287.772644333783 287.852565325537 287.787803439446 287.575404506838
286.631019955454 286.529656103753 286.598534454955 286.548324985673 286.553180888718 286.649635814901 286.480461319089 286.761390462924 286.792612264018 286.605419635824
285.915161756541 285.777973936062 285.729156068069 285.943006440963 285.824805303001 285.80758782284 285.91087589792 286.03821465723 286.039771508489 285.87985005263
285.605384116192 285.587376429189 285.529929091133 285.679751876167 285.789367229683 285.85671700971 285.696226876146 285.806131633884 285.92188248951 285.608621741147
285.884858697017 286.022984934651 285.775034709879 285.93053489557 286.00258267867 286.12068455391 286.029005020248 285.897523899729 286.254071296646 285.95318429369
286.880779241878 286.694792701451 286.719583591792 286.784835455006 286.817984488578 286.871660656692 286.747884747476 286.752474458617 287.033284690188 286.846784195022
288.463880647877 288.018397335212 288.282152606177 288.185118652141 288.106297662161 288.233968953409 288.099454897798 288.116413469923 288.373255090605 288.357856375799
289.702085757906 289.65324299617 289.635202144755 289.490665615354 289.582228696915 289.557885995355 289.459930417389 289.498408786011 289.819755776486 289.628873799908
290.51601582359 290.490175527044 290.519658191425 290.458750721758 290.362470088644 290.396682277713 290.191847661444 290.47058958211 290.534613010419 290.31031947642
290.459903935627 290.549108191107 290.376415198639 290.302425523695 290.251726162365 290.230139945482 290.238486577532 290.356478729595 290.369662580644 290.258163315941
289.801250359682 289.831259238498 289.665266446673 289.543576830091 289.66055072722 289.647362569842 289.483693359545 289.669198927483 289.748223710313 289.684452810762
288.769915398095 288.863860630086 288.804416708711 288.49521461152 288.828331634136 288.73001784562 288.712896801672 288.758809130131 288.814631072596 288.766512154432
287.640859484209 287.601881359036 287.698837137263 287.4964827068 287.598042673643 287.622885277937 287.405537617056 287.586953755085 287.717873686464 287.77086588836
286.553809588904 286.595347694748 286.708540578555 286.525960908315 286.723273747668 286.546281327765 286.362823386574 286.502293152567 286.573742516104 286.642070759931
285.767951010596 285.872789156672 285.87614575799 285.766598674712 285.929990053955 285.868379371166 285.810001862233 285.934747030926 285.937719543472 286.055092771992
285.655907516303 285.62391763511 285.7808102819 285.565490499024 285.749036209787 285.683406084707 285.681444569751 285.551494496981 285.99494799243 285.908552121907
286.002565575409 286.144735375587 286.241678013572 285.769519156608 286.008961969107 286.093117985031 286.051238770551 285.973558507147 286.288755149768 286.157157003623
286.718670760082 287.036754288789 286.967852998993 286.534458841475 286.923759025035 286.858202747668 286.881201930255 286.915305752651 287.059839021213 286.890107852515
288.068141584468 288.130320012843 288.418256791037 287.904452832546 288.124226351781 288.122650583189 288.166314718744 288.045151159774 288.309591894797 288.199558507444
289.347526961274 289.411477486923 289.652378297385 289.321340345137 289.477080840551 289.52121843522 289.539477854025 289.399816163008 289.661145921419 289.512682219276
290.179140552862 290.2935308261 290.423688852667 290.200053078695 290.267078558886 290.286096540079 290.320547518013 290.28902322974 290.473838464479 290.379343528986
290.054730951945 290.155074746872 290.311667642808 290.034626668055 290.241907731953 290.136902778946 290.329688146756 290.14914627277 290.362452488092 290.293586314553
289.299574662907 289.498585229684 289.664707884147 289.479683168031 289.601413496053 289.447952076344 289.563652276283 289.636076037917 289.806163396224 289.731282713686
288.401569347 288.599382124581 288.747576607713 288.501020193499 288.663342177658 288.489652028965 288.75561601381 288.676410044622 288.86601203603 288.81716012477
287.254401951336 287.490952929298 287.612507958986 287.34673572615 287.465351332404 287.476242140047 287.635411743272 287.626836924855 287.731090133236 287.722956986285
286.27995737109 286.351700525181 286.588489254816 286.372879136953 286.560705582325 286.579190607599 286.592687811595 286.462849173946 286.543092226715 286.692288982335
285.476865773556 285.648926398602 285.813756189766 285.781083429116 285.858552298903 285.93925521287 285.913742805427 285.815933823893 286.097745022702 285.961069298809
285.404616717939 285.418469659485 285.709521766553 285.671101851833 285.610438896254 285.788018549258 285.941058559374 285.690936486175 285.804235694664 285.787894178801
285.671653590594 285.736591783635 285.867424066723 285.754755767281 286.045916823066 285.987611666586 286.17036655231 286.010234270196 286.156695617953 286.168402936415
286.594436420775 286.719461349714 286.711591283265 286.74262670212 286.845329083742 286.698587671843 287.020277884977 286.800322740222 286.98334273091 286.950490268575
287.895622533552 287.917604158793 287.966303692253 287.945327578307 288.157745050107 288.005749481187 288.285243248176 288.009429991412 288.225527358181 288.27330036391
289.303555489147 289.23225750801 289.437746811455 289.324357109851 289.392992087827 289.441121320027 289.709279224516 289.370708391344 289.521949360669 289.667293467305
290.031048221433 289.974014424144 290.176199517016 290.043817524337 290.208453089359 290.290070420469 290.568776990714 290.220164268164 290.285526200294 290.604433292864
290.057103122972 289.935785206867 290.094967777938 290.064370057771 290.131925715015 290.299933818785 290.574064328026 290.128163931482 290.230539165536 290.434230922783
289.467343354246 289.184365214006 289.496058200901 289.484891011866 289.718612845665 289.577191981047 289.923153673318 289.425026532344 289.508965810197 289.975729463793
288.646433448812 288.419372081325 288.522075783657 288.426778950136 288.694073790272 288.710056254103 288.961133729151 288.594442447721 288.618867839251 288.864821537963
287.326401077068 287.16624350089 287.409124529858 287.470953072411 287.699495765475 287.553413471748 287.91255462648 287.497084306992 287.497541140608 287.655593017385
286.252462914273 286.3257445185 286.361853650732 286.286373765606 286.595349142282 286.59591029234 286.858165984239 286.509083369136 286.469584792688 286.633626538036
285.567481625943 285.609640729501 285.804910155245 285.61668783636 285.900955147385 285.784770349554 286.128823515873 286.0043819006 285.812302761889 285.792803710171
285.334247679495 285.30195244504 285.753044022977 285.454211472268 285.650702774783 285.694643583499 286.041635005663 285.712050152507 285.746940550066 285.715295958204
285.784468564726 285.651606809382 286.071686383429 285.898214844254 285.946272397523 286.123228200654 286.21341707258 285.920155543715 286.134906734024 286.193923114492
286.604620587499 286.52552411679 286.934392567218 286.705193861661 286.917781642154 286.813848902622 287.062825875425 286.824503951931 286.709749877231 286.982278192667
287.910802227443 287.903764054652 287.999777078817 288.074791910998 288.126967686499 288.191411270895 288.405459929952 288.192541292131 288.190268768617 288.357611464222
289.237535306666 289.312510056457 289.315727051035 289.395585917427 289.466104974327 289.45854624467 289.844920150017 289.471187357673 289.478533970757 289.752865987647
289.962622488175 290.005826131281 290.117504582344 290.202659507449 290.243552576617 290.335735199384 290.621855855903 290.335098852597 290.300845823926 290.404215938153
289.871074801205 289.881157442314 290.089572452656 290.092209692984 290.162146637336 290.213665455322 290.438778142962 290.253846288813 290.152966146111 290.277999073448
289.251839155722 289.314930639148 289.570531995263 289.527330155975 289.596234850217 289.57349023599 289.834121151073 289.602943678123 289.499735868094 289.799495549731
288.394364407165 288.361835028818 288.757831311853 288.604116534813 288.665950781351 288.63847869042 288.767561009254 288.799917212695 288.653694158502 288.897880467406
287.432074824923 287.258340525791 287.600996219406 287.454350053203 287.612468301736 287.598727651207 287.665015146401 287.589442709781 287.659816487674 287.568836277278
286.365680920797 286.372398344689 286.50603527593 286.46497717547 286.573636633521 286.608290563908 286.764961266779 286.464771379233 286.600585729821 286.729365136784
285.634702406415 285.661080566174 285.758955306274 285.679286784115 285.702487960792 285.79853018319 285.928628277169 285.910451421534 285.811283769092 285.818342076076
285.560173623427 285.439276423923 285.673381659549 285.732547274452 285.722793880724 285.502359833666 285.699180798155 285.872622901013 285.427581421818 285.845129512312
285.784413255722 285.96270922163 286.023925388889 286.101794409589 285.890166343052 285.866927914344 286.093118304321 286.094005817592 286.110507642783 285.907884690847
286.794046987798 286.818416732143 287.008930120651 286.874270560999 286.939358221114 286.789534344945 286.950483586065 287.019748666625 286.827661478247 286.893024495158
288.115384464641 288.136699965843 288.158340434641 288.074603495147 288.210006137495 288.111478170107 288.102207711371 288.301563295219 288.114230934892 288.179062726647
289.398243381135 289.445508762081 289.415450651813 289.44424421554 289.456541716258 289.423044231413 289.502342784794 289.678592189598 289.406603717006 289.422478034035
290.334375307575 290.199843277756 290.250383275933 290.216372751433 290.302326258982 290.266577624614 290.378280442582 290.575262801114 290.208627470151 290.136212583536
290.257129952436 290.205367765808 290.258619670427 290.076725674203 290.186366384375 290.201629995061 290.275892652457 290.421123128278 290.140054161352 290.130491950881
289.785221515718 289.535921776451 289.69191537872 289.441347652097 289.591963206184 289.635785238028 289.625869477376 289.857473669093 289.636402272384 289.456454755845
288.857440365967 288.622126182566 288.796709039658 288.571344524121 288.778593787507 288.730744393765 288.755385328244 288.833397316166 288.704097651442 288.667714627943
287.596773562964 287.580867568902 287.668377184788 287.426778543209 287.573705464151 287.631171426353 287.744182326091 287.813011556079 287.53431615287 287.338627869018
286.675684014166 286.546817039503 286.566340581296 286.424693533246 286.551047809585 286.477049523264 286.737415453811 286.716159296169 286.572834367107 286.364436717775
285.971213065914 285.787515884961 285.969284044923 285.666636476025 285.885373420655 285.836855447794 285.817656707699 285.934221971435 285.809425557487 285.752602342862
285.782856505094 285.679639001094 285.724012482088 285.520114382967 285.805419883526 285.720382653179 285.612881816659 285.76945081805 285.702615696046 285.665193677624
286.084651226756 285.959637446998 286.236138323492 285.836129511472 286.228108431666 285.904388295382 286.179196373156 286.074316510581 286.046759379046 285.978355437168
286.788801465038 286.934099638604 286.920438846233 286.767783691032 286.96712104935 286.78516143632 286.971012860074 287.020232934084 286.930500961185 286.859453172242
288.050280920729 288.168323516368 288.285228145575 288.148174439929 288.213579949207 287.939212257859 288.215086303484 288.288782096199 288.169329750889 288.087475549978
289.49741160092 289.667498395256 289.644225731285 289.577945726158 289.554888014517 289.474112564398 289.610914554234 289.610572797535 289.546322999894 289.360094056087
290.329251695487 290.40366520909 290.547896841957 290.290490542527 290.311029224464 290.278499526161 290.413479704409 290.476631536898 290.436640003116 290.188215604465
290.170290044188 290.209104269551 290.402303685949 290.19416896826 290.186978607172 290.188479745417 290.243427029914 290.381057016903 290.398470837519 290.119259003795
289.673094485924 289.519327386234 289.692736116181 289.630661235645 289.52886828508 289.666163245705 289.546684358339 289.765039417705 289.84787146481 289.478974644496
288.692759940656 288.615541012953 288.723096055697 288.76470365227 288.699456468409 288.729085537207 288.764619576588 288.811671353595 288.809344752194 288.551304154861
287.456072135267 287.556039992915 287.654258507692 287.53369348871 287.396722382235 287.728441238204 287.571112018289 287.735230621385 287.705829525104 287.585559998664
286.484176986983 286.52150588794 286.678958069439 286.498993899998 286.483306140104 286.767867468892 286.660693201278 286.596576848609 286.608016540553 286.566771088837
285.860209811192 285.716540773214 286.016735349121 285.770914942864 285.880503269199 285.839369693519 285.822879614241 285.808615807177 285.926528761868 285.939291695644
285.606368666027 285.403808152791 285.809896857132 285.59023728405 285.673430534875 285.567651551533 285.494342948928 285.425543494525 285.77313817844 285.668250419371
286.098765430685 285.869096096616 286.124299590334 286.065538508616 286.014237470171 285.933140724406 285.843306780257 285.814903329383 286.234890907949 286.145545874513
286.725611897114 286.784665840991 286.964904487064 286.648503090673 286.969623059166 286.963143456052 286.715067700618 286.690799196768 287.110771222201 286.944070054431
287.972285951522 287.902252517815 288.212772023596 288.086592663002 288.130071350322 288.24287355451 288.11520174759 288.08366941577 288.388794638661 288.066335719206
289.435579204054 289.382455593601 289.487531962924 289.507522315823 289.462232871593 289.587371781602 289.546534563172 289.443252493685 289.700653851283 289.497123160055
290.22329664081 290.053854621898 290.291757346364 290.297710349382 290.361725580547 290.387330410914 290.417720345909 290.205243154365 290.487475196821 290.363215484106
290.264922021618 289.937938995954 290.152165820381 290.196483353453 290.233268469346 290.327717418657 290.315019388852 290.153469265547 290.430915609558 290.179950082685
289.501350642078 289.32260563457 289.560490837685 289.59915169089 289.575688060422 289.762515408861 289.649182949083 289.444430198498 289.878133760427 289.596938464871
288.697846994031 288.344316267286 288.481934346598 288.616106975722 288.671922104149 288.912263829813 288.754031678724 288.454419618832 288.876409189305 288.752987772697
287.565758254049 287.304753116559 287.599797223208 287.578357003822 287.588702933362 287.756424223644 287.715331153108 287.528582583386 287.473161887176 287.638312056056
286.582076967017 286.217565884872 286.483700527773 286.390182590918 286.498590971542 286.623012435959 286.489192161343 286.464459661939 286.472874373112 286.709305479799
285.711944883387 285.451112576094 285.764639699348 285.88264774141 285.77811730332 285.932655120641 285.835342041044 285.836872008204 285.832115535994 286.207551321767
285.577486655047 285.353075775942 285.397179233246 285.491770769561 285.613701848147 285.715263434044 285.521148610754 285.707528648663 285.426407023404 285.9329625935
285.975482155224 285.851388597544 285.805638147713 286.075817194867 285.850465261247 286.07395969243 285.988355380718 285.996758792958 285.946133966377 286.466946449316
286.747883296956 286.527121927262 286.78487055774 286.793885084598 286.844100668316 286.975972938527 286.774304037067 286.898411153841 286.701382715866 287.085282396405
288.169187913224 287.943378436009 288.043208806324 288.045657489757 288.154805896305 288.254653341723 288.083224945818 287.983611070834 288.174290416385 288.33586006304
289.507770227202 289.243553204204 289.463206709276 289.487704111249 289.590894731822 289.555920931048 289.41389012963 289.396682304386 289.560145954684 289.616591426558
