298.855249202445 298.780145144344 298.619691875203 298.664746879695 298.818689391459 298.939604772505 298.667520793754 298.578318209765 298.441921937124 298.662631708863
299.284907020753 299.339630484278 298.91631613041 299.079102552911 299.19515820338 299.339191961274 299.064369506709 299.030073140759 298.905031953211 298.990453524468
299.72534733412 299.694209172127 299.461874767657 299.541394239948 299.702394706476 299.725254504023 299.439982268566 299.398351150355 299.354819023216 299.484646528316
300.000746807575 299.948995718454 299.665030543743 299.859325124173 300.006293639787 299.951496555774 299.721573129939 299.573058913553 299.636276751772 299.751415135916
299.85271205305 299.791516654605 299.509786617502 299.709459876599 299.952449304812 299.764806748327 299.604970914419 299.466181264831 299.516247787414 299.553345389398
299.50830092807 299.352175767034 299.124246840584 299.346606828956 299.524370438351 299.374380713748 299.221791233956 299.045598057253 299.15093706217 298.984094128015
299.258569147429 298.969018519887 298.765443136429 299.040065135929 299.278203336834 298.998663045428 298.792549632063 298.752394934138 298.863298796975 298.708698621286
299.32942082716 298.974945539853 298.767520243018 299.076386143493 299.359922528817 299.048441081738 298.806395908267 298.804661673187 298.868304185609 298.785680351219
299.503314877796 299.21831271227 299.033882834778 299.341291009189 299.655082123467 299.235796252478 299.067889851637 298.983534835704 299.111330147782 298.996032301779
299.668274061347 299.34236392324 299.077322418775 299.480177740103 299.715951661302 299.292252596007 299.215261156203 299.161230240825 299.281887697234 299.015670924142
299.473689569495 299.073181560124 298.880512786209 299.304532298534 299.572476291654 299.060231231965 299.007470142115 298.966100271286 299.02952750908 298.846652651092
299.111319700646 298.815701708043 298.484078862871 298.994849539382 299.304824173913 298.715509978006 298.733194836448 298.751251413702 298.695033747922 298.57037192253
299.095331475282 298.789594586773 298.476168210042 298.972618010441 299.349923961503 298.747359722787 298.719466797669 298.762237805904 298.629770336303 298.52605556033
299.514062916944 299.150653661159 298.931011918662 299.300979793925 299.681224720924 299.14064249483 299.068350413035 299.141822966858 299.014691003463 299.059270412586
299.888338509914 299.54736538324 299.41171364525 299.79362261311 300.173980246139 299.610493131283 299.548005124493 299.623722616269 299.507140596439 299.482584000505
300.094789280163 299.851877135466 299.67647876925 300.004306622072 300.412383032133 299.872200280177 299.796868907774 299.876449092106 299.867369551424 299.692739451985
299.84768262841 299.502226475789 299.505510461322 299.884669012412 300.144330505779 299.68295192657 299.694962662273 299.674220172642 299.748756949559 299.561070107168
299.353694949102 299.144193680235 299.106649090525 299.548309055926 299.729326954092 299.290216663405 299.246198661496 299.293411376398 299.332094225479 299.225113997739
298.930255323037 298.716715805508 298.834051609599 299.325884540989 299.26060827206 298.942356508838 298.875539141206 298.992913419947 299.077356393526 298.926026852735
298.851755811018 298.663751007988 298.910178692658 299.242822528721 299.187085711477 298.9139339068 298.832146858406 299.088244711665 299.141027725487 298.896738299758
299.070265780089 298.919698973512 299.148006770389 299.513136320389 299.367788170581 299.167256342809 299.038261140972 299.361797391146 299.409768375252 299.18216857578
299.155950088986 299.028657785776 299.25031105602 299.653451350297 299.40194570423 299.158302988803 299.177493583995 299.494230608234 299.585956834664 299.242702716258
298.948377880297 298.773531821839 299.121320128314 299.491207698801 299.180698256767 299.004921259599 298.997101681159 299.273222681003 299.335382917424 299.166062988994
298.721552417967 298.539531786656 298.814334687083 299.21120104867 298.785831607689 298.710456508379 298.653014852851 298.938468981536 299.028528971094 298.792982048219
298.766177392528 298.421339550502 298.776343220512 299.32431820945 298.768866760961 298.63058053362 298.618978848789 298.857900566615 298.986997120695 298.773186347202
299.131571787876 298.759427866741 299.020336094092 299.705334863067 299.177348695809 298.916249308742 299.045260387312 299.285836924862 299.39921977996 299.144353128444
299.603199068787 299.292804536292 299.576749696211 300.109079027523 299.674894418324 299.442777244707 299.435328212222 299.762251983693 299.823907355803 299.521516657206
299.809347522413 299.578887271546 299.734450731035 300.378526664774 299.888478370087 299.727198543299 299.743023373414 299.912686315026 300.103699756611 299.862597714872
299.698813173164 299.421582706086 299.601266419606 300.204200775557 299.675742041127 299.611543440142 299.66096125761 299.7972189089 299.909007675837 299.743396597108
299.246750702748 299.014308243689 299.1014733606 299.758359869122 299.181144482316 299.200946786161 299.31324773745 299.278794866671 299.541893811449 299.304225008592
298.970025221542 298.708059623779 298.770813442247 299.314248105285 298.8509698787 298.858285028342 298.941263079095 298.833495005421 299.160295090835 298.990442080383
299.026242119278 298.723547209909 298.812352478975 299.265983481926 298.855711467648 298.865567532893 299.06698877537 298.810338369623 299.159437494573 298.953811381841
299.215262304281 299.00473840012 299.084421012155 299.493693143203 299.138359651647 299.057811496799 299.28049414596 299.034566929013 299.36617732274 299.190017351376
299.341348327844 299.119373540174 299.207899755717 299.518277916384 299.232139117893 299.09674009163 299.344840884165 299.141189183321 299.421124688402 299.245495571077
299.18179381955 298.912379251574 298.95627866056 299.250247733684 299.006953553782 298.820884095913 299.096000054844 298.967601465994 299.216411469902 299.096486964828
298.857561098924 298.611818327335 298.590185991479 299.059644910376 298.736018620345 298.521671400371 298.780881927809 298.600010172082 298.85988491342 298.728610923064
298.795053871382 298.62132760161 298.569588222913 298.969471254438 298.73692870725 298.473232957764 298.746911100171 298.482006025031 298.805094627002 298.65976540142
299.216106150534 299.04905670369 298.918265856153 299.331730373174 299.140744637305 299.032047884362 299.166965244963 298.940553989879 299.105834610552 299.095261084824
299.663553411268 299.476866419734 299.361342966641 299.809502662677 299.559338627557 299.43239898135 299.588084870741 299.336536218684 299.526263104486 299.497870546545
299.949057404127 299.74789380878 299.709530346358 299.961167424122 299.812386909878 299.721224230712 299.792105550232 299.499810075741 299.72354316224 299.684200679036
299.755154759114 299.524823211121 299.612108833634 299.755628311883 299.642525954519 299.512069311049 299.611880231049 299.39852922474 299.520899639068 299.638787114523
299.31212982863 299.131881257201 299.132136669311 299.34591077534 299.197975649127 299.162627110649 299.164533025463 299.046470438571 299.129408596334 299.331009337152
298.993138524064 298.83740955249 298.748074731473 298.923876882187 298.969582590981 298.851139779114 298.889035677202 298.715725127031 298.737651549333 298.917200097525
299.012339849496 298.83362660126 298.80051357046 298.937937366972 298.972798888819 298.83658358451 298.944105879638 298.72122188679 298.666018502848 298.902764259954
299.2774964862 299.075358105089 299.064622686243 299.148081683266 299.25237705587 299.075839729783 299.227355918636 299.021673714546 298.902605157869 299.105341769659
299.367823127866 299.191192978788 299.142360353803 299.241196664047 299.331492968085 299.090148153884 299.421424590732 299.189967092078 299.056634725655 299.171445535618
299.189807255318 298.939881897997 298.849569252615 298.952199593761 299.110068259255 298.884015998457 299.240987310708 298.895569587392 298.818122272709 298.962715705372
298.920956092841 298.659145467154 298.551631700549 298.657258864368 298.790520256983 298.58658370269 298.87205046583 298.639129608601 298.512819237984 298.650086284077
298.944839033137 298.673755074451 298.482307129422 298.654754656547 298.762213571745 298.558785358313 298.993281939857 298.714150549409 298.494537235376 298.623639729895
299.291511321583 299.039172566302 298.953647485207 299.059395821428 299.226621692458 299.015749760726 299.263250837833 299.028398245839 298.859440198976 299.014587002088
299.655671059809 299.562569506842 299.417872189385 299.39643486812 299.663541181189 299.345825202109 299.689630911629 299.40247202308 299.348246451216 299.472725232928
299.859242029489 299.771820514176 299.644019756191 299.672749283707 299.941915959765 299.576144809752 299.944077512785 299.649501986339 299.594917091805 299.742500777786
299.788111011926 299.648336160837 299.519350354775 299.444945567504 299.842439813783 299.39809586294 299.803944116563 299.487454617116 299.459847196947 299.607701598478
299.445397970004 299.24062222182 299.020115351123 299.064516203374 299.452605332126 299.059611193144 299.387156368401 299.184057467639 299.102210957868 299.188085976116
299.137406097681 298.937680456423 298.687171804471 298.695283950697 299.037443487475 298.763010152996 299.063897011116 298.907780096431 298.845090736247 298.874093612885
299.141842706541 298.92853095157 298.635441621465 298.740021308275 299.148436736246 298.800816616798 299.03899662099 299.008332685711 298.935449180679 298.857137311118
299.43113259837 299.170858100942 298.928181602571 299.051674237255 299.414010393215 299.12603993411 299.264983755801 299.307178372134 299.21539674679 299.117689521057
299.544268244332 299.327193018904 299.011726018682 299.180271045839 299.611626227616 299.249001142121 299.301491210047 299.455337714318 299.239763865816 299.196099896235
299.272489625921 299.151685158299 298.798848406641 298.946291117385 299.483881601515 299.144463710923 299.166664539614 299.324276546201 299.030483878954 299.032335399301
298.886525315087 298.881122715238 298.508944939558 298.542603289508 299.097740459789 298.843299634985 298.842116222947 298.979265347875 298.727657069769 298.815279119873
298.830957305158 298.78871529785 298.489077592411 298.524513292372 299.097261008672 298.955894907089 298.757440103092 299.016422017765 298.715286016076 298.664022691621
299.155660013994 299.218474948973 298.898670845185 298.964817882878 299.457992947299 299.298089285979 299.157926793096 299.363701498021 299.152049460003 299.142978124819
299.643323178008 299.655464234242 299.332794175223 299.353708580835 299.929161752423 299.714295663088 299.687015957759 299.821290943077 299.636114878065 299.701708416664
299.86675591531 299.793011428597 299.520167678144 299.601133078651 300.100604014904 299.909531424907 299.894727647533 300.02199351055 299.948559837397 299.946464124764
299.691984531418 299.659807383596 299.356911941737 299.421524973404 300.006685137071 299.818215807919 299.684798178216 299.913076617177 299.90270283608 299.844283971241
299.330388463735 299.18817648719 299.004960348406 298.974038349907 299.578997851272 299.459593046336 299.320068067898 299.544792615049 299.497662909644 299.495110640578
299.005024318427 298.948614367824 298.606073107428 298.668743283189 299.214209947715 299.186269586793 298.864480436301 299.187718402311 299.218388506961 299.227464376691
299.002850006067 298.991264696405 298.653082243371 298.72321369054 299.25299813343 299.178611090967 298.746875401618 299.200402518465 299.253854414597 299.235839075921
299.278710970174 299.227003800633 298.900316794319 298.976093539631 299.528903919389 299.478359238843 298.990231662934 299.475681467856 299.511426716411 299.547239582997
299.330359730417 299.343578276823 299.033919106715 299.099959930454 299.625998380449 299.613523227116 299.056957629939 299.626238555024 299.666246250297 299.694397721846
299.194506173437 299.168498719381 298.841644978171 298.954720341024 299.35969562749 299.409671743343 298.829163295955 299.464658151887 299.557240980333 299.49966933431
298.895404452027 298.840056270238 298.738105441031 298.648826067208 299.065613924607 299.005122868331 298.505689998098 299.220565899126 299.235018712184 299.210391749813
298.909114625497 298.724013474029 298.679016244864 298.581367937423 298.996018528834 298.99959199313 298.397753478771 299.197784457743 299.250049816828 299.09549692262
299.224641480261 299.124645874589 299.091704298711 298.937481192147 299.415796564929 299.450262892687 298.827432400166 299.720801137683 299.465439387522 299.373034177483
299.665071030573 299.515364221342 299.506153352983 299.304887294568 299.837959115076 299.948141667962 299.28081930185 300.059847067533 299.864146288689 299.788659665235
299.978837536798 299.766290329313 299.693902246682 299.573542426818 300.112918507464 300.192129006759 299.578860953561 300.320863543952 300.145167522735 300.075228969981
299.759813536135 299.628104784605 299.628716436387 299.370004824725 299.825956616482 299.954028366017 299.402194940813 300.123326851158 299.969812549194 299.813159773383
299.231470106842 299.21039436356 299.191154098679 298.956567167139 299.366279376013 299.634682975977 299.002475594712 299.76303018469 299.503310601701 299.351714867972
298.856382321734 298.85493259602 298.958114722894 298.557730266562 298.992910409337 299.20529269675 298.673806118134 299.40554447053 299.105769534592 298.901130433999
298.838069991617 298.890235634734 299.033523321577 298.49248321788 298.957957919187 299.146919703187 298.795443288655 299.389555698706 299.055042180459 298.714935637343
299.10545338059 299.128222823305 299.343301977227 298.748713983208 299.193064609648 299.325558212577 299.028866835457 299.651245579039 299.336735755915 298.916890948907
299.214906799908 299.304737153138 299.472152235202 298.875305710474 299.331030656093 299.335687302148 299.183704808267 299.79970665267 299.413265296946 298.975269477919
298.98327415208 299.035561089158 299.266904173764 298.683971226404 299.05188805179 299.11726266569 298.965934466359 299.641053029564 299.20285307438 298.69400063794
298.684216960969 298.702809744841 298.959889400029 298.348393977851 298.668188855397 298.610873055229 298.624850028523 299.44731832682 298.903852933749 298.388041789179
298.654804601277 298.737272300794 298.890663617132 298.292548681596 298.735291747141 298.577184742776 298.505450308693 299.320942969753 298.806591725568 298.275044546587
299.042997876218 299.245296681133 299.342818401024 298.798490263224 299.068799465822 299.022130858409 298.945628208201 299.630733784142 299.175522781317 298.749438221141
299.553784732169 299.590545534973 299.726668601728 299.16872125628 299.452512879281 299.423922034393 299.358741123584 300.000289840067 299.62676011969 299.173495425416
299.780058330753 299.818549212527 300.057539633003 299.397100888148 299.689320170446 299.627534447102 299.598684257589 300.271827305726 299.80866589501 299.392485556156
299.565528505996 299.624295114436 299.858271291981 299.160738449478 299.512197699409 299.379376224598 299.474831355414 300.009871391547 299.685576553595 299.237569535403
299.216520335531 299.255311779664 299.468922796738 298.71462913106 299.02749613389 298.897312459912 299.139171186418 299.520911692028 299.272674778945 298.873691096625
298.940640947542 298.972785947721 299.153637932435 298.294864464581 298.686128450997 298.544451087139 298.804723214272 299.148669012893 298.9309980441 298.540292064766
298.974464326534 299.008630687102 299.112723167408 298.348117454133 298.709504483227 298.42518834815 298.793082721305 299.001067859859 298.934419898106 298.619055836716
299.254771906356 299.306252353292 299.38188695368 298.654078253694 298.965202781304 298.663499161922 299.120769931419 299.319669130278 299.133966361427 298.890240746228
299.328708894691 299.40366447754 299.483485077162 298.797681671429 299.02123447604 298.773676932373 299.308018032078 299.373851266748 299.27084828011 299.06684806673
299.173410933253 299.183441008719 299.25573221499 298.594977050543 298.783337449808 298.577646077617 299.198634911803 299.1043968433 299.036388390949 298.85648216263
298.901482278013 298.865716953132 298.942898716907 298.300555521074 298.491944271777 298.258381413557 298.87473755763 298.856173441089 298.750842763281 298.554320254415
298.935701890784 298.91981535175 298.967278273375 298.343328101642 298.515906789763 298.28470618469 298.838556592118 298.773138502754 298.704809348336 298.569181866892
299.348002601972 299.327412737385 299.350888377372 298.693071851587 298.897342022669 298.740215166425 299.214002739357 299.100193501047 299.043226468962 299.005249662086
299.781610071787 299.790425683623 299.707989875245 299.206287874386 299.312429024575 299.241697439033 299.647667862898 299.5625699948 299.612082014104 299.430569695766
299.987688249201 299.933790351903 299.901177340969 299.455589831893 299.573639096233 299.508458868613 299.799037472967 299.79296735136 299.905095031517 299.717144732064
299.944777236758 299.814347442634 299.732249442733 299.363405645011 299.467600503498 299.317752926844 299.659737475923 299.606669373547 299.749275965026 299.541958699418
299.504150070568 299.452898230397 299.339382215644 298.965135130406 299.068644669635 298.859897055644 299.297787575488 299.120073679069 299.340129304587 299.000116284949
299.148438171403 299.143201044605 298.991199547541 298.707548176259 298.840815850248 298.49112648593 299.000124334123 298.723851966365 299.086367336172 298.789225474428
299.133440523752 299.099827147341 299.022143681508 298.740771386063 298.904559061932 298.557187994202 299.016065838547 298.699357281844 299.140540693409 298.85608325197
299.319791498429 299.2171289571 299.230892542331 298.945765785724 299.197875064901 298.889437293961 299.255238392424 298.925709803738 299.43925647718 299.097833785827
299.480873491677 299.32968336229 299.341339055453 299.136721093009 299.261873451806 299.043202729455 299.429619879187 299.057485833426 299.619104238004 299.285426598549
299.271520411675 299.169232809889 299.12102167348 298.988337119368 299.176803161671 298.81760925054 299.32277022675 298.81510736473 299.419257231585 299.030727652104
298.939379956344 298.857411829063 298.804166837211 298.710310925852 298.849397491114 298.494506602005 299.014801760356 298.453788945284 299.083616014723 298.795111086821
299.031103989884 298.792960460183 298.721572734939 298.604671530148 298.888418270684 298.530676426966 298.928429581287 298.46438047279 299.092897151085 298.70419883486
299.342461662673 299.112203372888 299.156100891217 299.15835276802 299.216392617789 298.993033045567 299.318559718897 298.806799102469 299.375789812235 299.220864501717
299.789387387226 299.439149093646 299.563449973498 299.593290300798 299.764235871887 299.445252988213 299.804721005834 299.336621370286 299.836504744009 299.647722454143
300.051548312867 299.684685732625 299.784605162053 299.921056718217 299.99718711271 299.747950317222 300.044035516339 299.574739899448 300.119547520593 299.881663072802
299.89874981031 299.536178990571 299.643836891896 299.806205473647 299.80795287522 299.676957260272 299.929400809632 299.423965985841 299.87589537318 299.743591505236
299.556111848766 299.033526422968 299.319605571774 299.465818191691 299.442251950204 299.270751705868 299.490335805251 298.856041784541 299.433379133764 299.292342135453
299.226738170318 298.693954172638 298.968356324609 299.224683779199 299.073516277265 298.968042383031 299.029284207392 298.632054792487 299.049143190231 299.063083826692
299.183303047092 298.671609332469 299.005698027551 299.321762997901 299.077690596286 298.939516245607 298.969640213606 298.688300252228 299.075831539293 299.082761719488
299.386619739912 298.915486003715 299.288219595353 299.628637741981 299.341837632366 299.223295108663 299.195039203448 299.010537803906 299.401163216846 299.363757698074
299.455915752452 299.011879093059 299.314779798371 299.857427523678 299.476459855417 299.299141960644 299.279619717835 299.166233474779 299.422689911258 299.465451196435
299.263229481268 298.774813987652 299.145810003825 299.698146536182 299.303791228993 299.051198614764 299.044106931956 298.943877351496 299.190936270918 299.213927172476
298.936408656066 298.544656497838 298.86323445217 299.212453975832 298.966988669795 298.710095261374 298.665107812024 298.645429134322 298.794520368264 298.819919405557
298.730360897261 298.478916460502 298.881379161833 299.138390625121 299.00974127877 298.622201692241 298.586100349065 298.557311679438 298.836113205314 298.82313048485
299.205689666108 298.937025685739 299.228063460353 299.518446583803 299.376176046238 298.956477400738 298.902981771729 299.034457564257 299.186760657943 299.33608768305
299.587297933266 299.388233720656 299.595623008924 299.927851545826 299.833098809986 299.36022868101 299.39061444385 299.459669555124 299.710304310047 299.760679247099
299.815017231858 299.579005963807 299.879041469645 300.15676609593 300.100504570404 299.717213276489 299.58731622834 299.7136996925 300.031763002177 300.012185603957
299.650691300126 299.467882010591 299.636569641385 299.968022367841 299.875539454978 299.545750546095 299.530266201344 299.588219308376 299.805534948461 299.854146577978
299.204864252408 299.164625471565 299.267153000543 299.585298474029 299.445571268036 299.178095014101 298.967241471428 299.092536271927 299.427926382537 299.462239947514
298.817914655679 298.880905461279 298.86741714705 299.343050697679 298.998938259809 298.9651961971 298.605160857333 298.736619377154 299.131790420984 299.09559678612
298.755346913911 298.994251500267 298.870628940953 299.375351086182 298.880455840048 299.001031759513 298.668350097901 298.755793010778 299.201146045443 299.074923287338
298.933042295431 299.201409600692 299.138741082617 299.533052285732 299.114389849351 299.290810890462 298.88658141119 298.975226364815 299.423576287094 299.309561691592
299.059781679353 299.40163905405 299.230681441209 299.608867213945 299.115015529505 299.3665764626 298.974414305447 299.070073588078 299.523561219888 299.384774498041
298.79895432429 299.199176497509 299.026966015227 299.408320244951 298.984490957321 299.225795035078 298.770954449408 298.871102182308 299.327285247195 299.154617613617
298.574944897011 298.949794804712 298.817000019032 299.022536749404 298.586033017101 298.907805745304 298.483807615978 298.586266752404 299.186481011675 298.860842169815
298.394356522719 298.971582508677 298.709864837343 298.982848070168 298.485857902252 298.788292086236 298.498401643065 298.581994312923 299.125565080021 298.976586917564
298.772664634292 299.316604976704 299.047592064606 299.422384754732 298.953785064231 299.21745938854 298.920277769258 299.04711772332 299.551551487524 299.446930464059
299.273661956465 299.814754366831 299.550748144299 299.853261623398 299.414540766753 299.728914397457 299.448308580751 299.493028200721 299.935325796451 299.830267277584
299.61192879017 300.129865086344 299.709746177132 299.943215883912 299.675042257044 299.972100639322 299.754459036379 299.707268678878 300.213891063116 300.076833049667
299.380683641027 299.975020191499 299.610775641577 299.738958746141 299.464164754804 299.780931991009 299.593838030283 299.503617661099 300.078368027754 299.82854516767
298.894877513787 299.599591735379 299.10023375711 299.327892798131 299.057031246501 299.494342629134 299.248777783741 299.113083353233 299.731863090714 299.393492878201
298.582629603044 299.25151253543 298.634895246049 298.874349552292 298.702813185196 299.156663523759 298.907582689658 298.872133298776 299.453444187903 298.992019131219
298.630811759856 299.172317012474 298.718531966169 298.854180702054 298.696663091585 299.247475735621 298.927380590805 298.885252222898 299.441986240601 299.011369310137
298.868578673453 299.393597082491 298.93740173512 299.062489254505 298.925488498806 299.511258599669 299.121714619937 299.17483357681 299.73743809522 299.194526263625
298.982745970976 299.519732808379 299.087399955609 299.177983527714 298.995199822032 299.625167534904 299.305658769625 299.289339560485 299.802418412608 299.301327264346
298.799007515023 299.260668031775 298.792483340485 298.979634665401 298.741919139884 299.440401688351 299.159146172336 299.087908373667 299.526142428909 299.08143034871
298.493181853296 298.903198672141 298.481632276171 298.672359506074 298.570834794759 299.144755372732 298.841324665362 298.811160400873 299.184634216846 298.796261929237
298.501582622816 298.816759989719 298.437329505737 298.634846400982 298.511439901971 299.109273034819 298.786691524892 298.787761781279 299.154355151423 298.690039098339
298.978217403936 299.147045268446 298.741306206324 299.029752999592 298.888383051358 299.422498052323 299.136688496372 299.192530538802 299.441781437027 299.018878354075
299.400863612885 299.613589650675 299.310915077789 299.510649668929 299.305039891348 299.923940515384 299.58207971679 299.675573106112 299.857885144109 299.507755376364
299.735838125956 299.835900023129 299.603257587522 299.66318083141 299.631661509596 300.102794162961 299.822785493175 299.909535262634 300.173281865642 299.796931751797
299.524447283116 299.717242639909 299.519954901667 299.50378226129 299.521744856899 299.968044820741 299.637583811124 299.835192135335 299.932342412609 299.675736374964
299.237594954299 299.266364940114 299.059522247568 299.103911269768 299.117126711883 299.542250653151 299.205917051033 299.351972589734 299.413482089265 299.165232565902
298.98969659367 298.907361471432 298.77954105222 298.798283630877 298.80189227644 299.193800870565 298.808003485754 299.012633901806 298.953362693865 298.816236359409
299.092316727362 298.922560460992 298.746174406908 298.867788927704 298.80502383811 299.207063443539 298.8049196356 299.020977089082 298.901159032206 298.799497150735
299.355839761426 299.10867148018 299.038594655219 299.170555841424 299.107309987593 299.444205312362 299.02649033758 299.307448944745 299.092281523386 299.065801584776
299.438761852627 299.27543277606 299.129248431827 299.303838100259 299.156867090381 299.509825796801 299.146840524493 299.482470171234 299.188320401063 299.134498330474
299.248685939227 298.984944721123 298.958136174128 299.136543219392 299.044581955669 299.360208914055 298.95575123576 299.244864192269 298.914083990485 298.885307835461
298.947843804563 298.719847354128 298.650780121494 298.945845569038 298.71850041974 299.025442563544 298.714322285137 298.97488148045 298.633455971176 298.597318381927
299.039593160023 298.77019467661 298.558574663677 299.034812636633 298.769548805885 299.023389068214 298.707498428565 298.933760930152 298.672962167776 298.593786071458
299.380442010739 299.144911413403 299.069929547852 299.431305701348 299.225240018999 299.430263852271 299.190365214333 299.275015993585 298.931292189245 298.920738782151
299.834715139074 299.600231935271 299.513992180609 299.858310700129 299.631559638962 299.881223650644 299.657666416896 299.770814104946 299.404288538697 299.430661721512
300.110745017721 299.830372995859 299.746191993334 300.105664741549 299.872777632757 300.076075791324 299.876565189739 299.954328251893 299.786337789016 299.707061474859
299.95430223336 299.575882494841 299.699624955148 300.086260689872 299.729645310199 299.890624072866 299.710212482901 299.860555823295 299.570408770231 299.546505158097
299.581105111529 299.126104029093 299.317115228265 299.681544432814 299.298640502638 299.557100321166 299.340004414177 299.417058449315 299.148194047095 299.091847181847
299.274642122961 298.799672133806 299.005527477592 299.385122856095 298.958368861476 299.083143438658 298.927167046956 298.980810991569 298.788353409341 298.732617906098
299.325179637528 298.822524388117 299.03439606273 299.497513586987 298.97565937303 299.062636835477 298.959621257335 298.935888418382 298.812311901175 298.663254698371
299.619486420626 299.022319230302 299.322558026712 299.855219912458 299.224464582725 299.237958067169 299.194079039904 299.165513366646 299.032849300206 298.886284940187
299.706468224034 299.157656553522 299.443137506296 300.030180257222 299.246029106303 299.330129923013 299.210951297194 299.283167401956 299.095055235797 299.039198173892
299.531779290251 298.966717921366 299.301214236715 299.818348416786 299.017530321851 299.082177525963 299.017704576274 299.12288980169 298.812436738254 298.824319160005
299.347140569699 298.707993943528 299.043410483111 299.455385427969 298.795019005782 298.758042122165 298.609762500544 298.845380541728 298.46653204607 298.5795795003
299.288600739429 298.689904314037 298.937143456763 299.478097913916 298.73676847965 298.663225985922 298.537716651384 298.87934810758 298.447429557636 298.511362164839
299.817634977379 299.063091288907 299.390401534884 299.888282368145 299.132131459588 299.090625542864 298.939169022439 299.327297046369 298.925872367993 298.875570494417
300.189466888207 299.4637344041 299.804200459871 300.238012573258 299.65681792319 299.587309071079 299.3271565151 299.728469176273 299.407242875117 299.374465947288
300.435842390065 299.716351211063 299.939307220524 300.528413005793 299.951040225592 299.823724193241 299.68727584148 300.001425656734 299.710978637942 299.58393221058
300.355288186277 299.500148238755 299.827848552833 300.400248931381 299.8774461278 299.581188997493 299.514642318753 299.771484917516 299.433377656283 299.402594989768
299.881749654071 299.073678313902 299.507730040763 300.069495680128 299.406748772368 299.144492741406 299.055326583106 299.383444247205 299.000278681796 299.035425866594
299.722887411668 298.816571308868 299.137958545999 299.86481195567 299.083567290962 298.781601785915 298.680142013432 299.119316823144 298.709087498133 298.702460443441
299.729062767624 298.85485092255 299.144765723076 299.964110597588 299.143269245662 298.859699714491 298.70983319977 299.107553017503 298.79727603995 298.835829913907
299.983898750338 299.155540388746 299.363170902153 300.319857404991 299.405930787696 299.18688589236 298.969758446165 299.335511146849 299.088413281699 299.101652438943
300.005885818826 299.319605992927 299.457900024419 300.328397474688 299.505500298364 299.271722934198 299.111722076093 299.316722598525 299.161271084916 299.292565689763
299.816516503767 299.116488513574 299.270735785306 300.265258812476 299.330587588056 299.044580076084 299.00112609385 299.135339518895 298.913114470764 299.080619554172
299.457730174853 298.774506251834 299.066171467303 299.896710782815 299.003623411653 298.719063613083 298.747829798297 298.868783077138 298.602226482417 298.75404992363
299.429172133747 298.731495828671 299.065280664929 299.935069401211 299.015250085354 298.639192955848 298.690209398656 298.785837217578 298.650377005585 298.771188202329
299.778616156368 299.15359735418 299.407351506208 300.22448986811 299.329866677114 299.098731611424 299.122119325546 299.139763438727 299.090472452905 299.148832195261
300.24658788601 299.561259670942 299.794290411022 300.622919286901 299.796972009503 299.462024953443 299.446542026766 299.528854248859 299.52927126142 299.649098624593
300.519274366037 299.817372365514 300.082091296374 300.916455104284 300.014447955374 299.773888998635 299.657946411681 299.785681939536 299.763533942432 299.875980137588
300.333093193826 299.725299381964 300.01357039583 300.607624491023 299.939950669526 299.600053351953 299.604675180302 299.653126335421 299.609090162704 299.710858380666
299.910421364496 299.403671027683 299.633111390532 300.148503118684 299.41999574002 299.12244454207 299.235760886308 299.201498315183 299.236115935061 299.310317070653
299.636449157559 299.135489150028 299.228218355959 299.663321648654 299.156003806463 298.779627397753 298.912387774431 298.846437650985 298.965635021725 299.019992941934
299.581472064626 299.262776678301 299.2316048163 299.43412724285 299.132444657742 298.801383550458 298.985300091612 298.906050313854 299.006963610648 299.030200543955
299.762755157027 299.578805866313 299.456602302365 299.605114705131 299.355432147838 299.088876242112 299.198492189341 299.181356532747 299.243810529358 299.247965346917
299.865599157572 299.725983124249 299.532158732235 299.532113982743 299.538261489556 299.205029692847 299.367369181802 299.331704332768 299.350045764288 299.410418441572
299.556305279065 299.622411930517 299.345968947773 299.28466539509 299.346953569227 299.001489177459 299.027223827679 299.108505995946 299.145263243855 299.283203256975
299.195179650247 299.349540997458 299.025206064801 298.86296310348 298.997761237779 298.793600832838 298.69290936065 298.753654970321 298.89987328683 298.862412816516
299.080899907652 299.209032793195 299.115993073448 298.754092521589 298.86882712078 298.704118396466 298.789842540065 298.816704330746 298.954002701406 298.876718810652
299.330673287372 299.641033785547 299.383406318699 299.175544577689 299.283027094117 299.15638819836 299.18571500061 299.203791542317 299.381928780314 299.271595065558
299.551205433123 300.074317034426 299.721967451992 299.548063980149 299.681052698529 299.600087031237 299.575455030075 299.702536402013 299.94510696795 299.743249933751
299.691399970699 300.318572162174 299.980955096639 299.702955711101 299.964151828127 299.847471469488 299.892957256623 299.888376696772 300.152511122265 299.939012515558
299.466439437976 300.227695889044 299.728288599826 299.565365865017 299.723784047269 299.735209339347 299.769430213414 299.716204240801 299.973277331108 299.804829870802
298.93557597728 299.781003564872 299.175105575498 299.113406400685 299.282205420337 299.390811832337 299.359350139322 299.292690676664 299.638119493287 299.422527472008
298.468741141747 299.44159074573 298.776675799763 298.767603370473 298.97722302098 299.031424963234 299.125149756509 298.952615534784 299.391474946069 299.147068007894
298.472714744174 299.41688764861 298.764493500998 298.650085032067 298.933866890599 299.00478337421 299.13412671484 298.956731177667 299.516661824181 299.285093325105
298.733605920611 299.609846088064 298.99488179912 298.877766938223 299.123488600441 299.265711921101 299.426937036181 299.18087926625 299.783636790281 299.527931494508
298.764742420921 299.664443304961 299.054316384026 298.995659557729 299.24943081797 299.464488955334 299.572756685444 299.288875653811 299.866667610314 299.635001893661
298.582582190088 299.566262279403 298.844301765921 298.702654650453 299.007547040742 299.160536644485 299.353759913637 299.154243178699 299.61418762448 299.449926204197
298.253934945892 299.252788639249 298.558711677434 298.361955650117 298.629743132219 298.947064801853 299.020872620417 298.816616567846 299.361998105236 299.101991202605
298.276197502735 299.301547141816 298.524591085713 298.268171171633 298.691861461415 298.987540992269 299.014101882119 298.79045164149 299.313005517402 299.092278120043
298.666776293827 299.606225152375 298.922090863611 298.717436819852 299.070421755048 299.291481678676 299.316184054171 299.129015821969 299.707502862871 299.460088125487
299.124216378997 299.951762848127 299.402477704504 299.229523069676 299.537708911864 299.77848741326 299.783460286014 299.628436359986 300.107452124476 299.846144657531
299.394962806123 300.178366662352 299.606602361854 299.495408395433 299.776198344063 300.045743504807 300.01344143943 299.936515078199 300.282566757978 300.119885338684
299.169581854642 299.982965085427 299.371534594918 299.344247508307 299.681533637627 299.936237138674 299.843107986251 299.715992568501 300.052130388629 299.999672955692
298.772049494339 299.526005084805 298.958244507483 298.882266907918 299.280412388089 299.501719963274 299.475054364944 299.296407334616 299.594567324962 299.606209830486
298.404362404233 299.053238785149 298.642352227858 298.563829289781 299.001468498423 299.134063459123 298.928065205905 298.941208038817 299.111086283717 299.356259043806
298.475142132264 298.93795768694 298.705996496865 298.601316695389 299.015550112942 299.171100242243 298.915570519477 299.027735227874 299.006088720815 299.370579078044
298.756923407683 299.082222617677 299.05867648935 298.807831918542 299.308916908163 299.408833711255 299.164703122159 299.240599851224 299.126706005887 299.650878417557
298.846014256999 299.163250156847 299.258679875894 298.91088278445 299.3220770581 299.521558209267 299.199954058731 299.359147933424 299.196360277525 299.708296233114
298.654594361267 298.868608998342 299.052732196026 298.683806644412 299.22348313276 299.247082244001 298.945174223158 299.102423591342 298.923100064547 299.501020099827
298.34261353848 298.621170482805 298.753986919894 298.403275477042 298.924984414623 299.007791256477 298.598579514882 298.827363472624 298.546474471929 299.214036916282
298.321158279208 298.592078931362 298.742547578832 298.367431466972 298.959404057305 298.958717352454 298.597279768357 298.798857407363 298.620310853135 299.10072610145
298.797006865672 298.98301909554 299.179197620124 298.772957320703 299.34418980793 299.393904826938 299.00548497584 299.282765284709 299.066832897092 299.462959044526
299.271686976634 299.484577491736 299.690304165975 299.262341253853 299.73562802819 299.689284323401 299.431180652698 299.715055814824 299.437035313926 299.922551157569
299.5324416823 299.659162784342 300.013265857203 299.557350776109 299.983986261408 299.990286427604 299.716289231545 300.03274394252 299.672762682994 300.212565424078
299.399318951324 299.465178141631 299.768926963454 299.412928645149 299.886483122061 299.878939783097 299.529932145008 299.82410238844 299.53137145636 299.974787266761
298.996438826336 298.974727832327 299.292014335977 299.053990478346 299.365051205985 299.410353298404 299.145009493817 299.499493943552 299.081623366575 299.488618107677
298.667765388903 298.609735054767 298.926042072454 298.729665067702 299.025320566906 299.070024600005 298.781008441775 299.126963372749 298.787439796933 299.055239919667
298.686553257814 298.595377772614 298.916726119796 298.713821213939 298.976972933845 299.100046729992 298.831086069349 299.192187312633 298.808556087208 299.023050868012
298.853181933265 298.822876033241 299.168649859045 298.953383066542 299.177246622806 299.373938421965 299.08652946343 299.36755002119 299.039410875182 299.217993241403
299.025209657213 298.959114312512 299.299990702914 299.151811424881 299.222711148015 299.512864493071 299.233920243857 299.501502543715 299.02515108936 299.30492552114
298.819262867034 298.745501494301 299.026824010266 298.972890214603 299.075710539528 299.26622415357 299.106687038703 299.367628510986 298.823189811409 299.043300633236
298.470562033121 298.456324346094 298.781210482269 298.678710550697 298.790091261523 299.0326640368 298.779259362917 299.064516568095 298.451102180396 298.69684317256
298.409935342478 298.515718900283 298.787203432125 298.589655357492 298.680802088121 299.021958395887 298.724154703349 299.01302179024 298.388585373917 298.699396945021
298.840719944341 298.891558497891 299.15648225311 298.904317131631 299.055392558076 299.422508927855 299.086731801661 299.375151862001 298.934736419725 299.193555661251
299.383511612322 299.378829037782 299.468110474796 299.401691661022 299.511994648988 299.836336720712 299.587223780954 299.73288160667 299.224333190494 299.555083385554
299.704883417688 299.572043765334 299.802574454351 299.719115113841 299.79169630578 300.142002526781 299.915925882794 300.039728135111 299.463435884249 299.847465272908
299.556752871882 299.355556672016 299.690713655426 299.611019606105 299.583975799665 299.869054432274 299.67920567851 299.861435022711 299.258174742078 299.716572379103
299.120888560984 298.946991278736 299.163691954041 299.18258295688 299.149606866343 299.518027478516 299.260911569941 299.468885183484 298.921757754309 299.212881769915
298.781239796627 298.537267379097 298.842985661494 298.924173047874 298.775107849593 299.084851746101 298.991528669345 299.091852758458 298.577941679752 298.830153508999
298.83352071109 298.612869614127 298.944463672299 298.881293155339 298.786839077216 299.078589522684 299.02107288566 299.009037459211 298.620387082014 298.900599174837
299.097368183425 298.874289778699 299.110855806918 299.1117750149 298.979122971462 299.314649840136 299.252116975879 299.27484774337 298.866528352552 299.159639145366
299.259302842353 298.958219697018 299.21661870527 299.384860644565 299.077237889813 299.34871228776 299.400977480415 299.337427890082 299.006603781618 299.204977486179
298.996594081836 298.76849802717 299.043683363676 299.124115260858 298.895339658968 299.111352738652 299.199524725302 299.163845226861 298.814474537369 299.066404001164
298.694481860525 298.457816473885 298.780466715989 298.905973234499 298.563280296595 298.699030739039 298.842918132585 298.843938418521 298.490539769037 298.844982475027
298.633510680677 298.402501457542 298.729411990918 298.835441048568 298.659227592994 298.691163031535 298.79678946245 298.741672745903 298.375737924184 298.742777832138
299.039312976853 298.764515256031 299.200514488087 299.222255786504 299.039410783857 299.127763992485 299.160929759626 299.226708309974 298.838243503157 299.152358014529
299.545536419634 299.295476307813 299.641938868132 299.714959693966 299.467510376823 299.549176301855 299.635237478069 299.716804143077 299.261092965698 299.590985159842
299.728353595768 299.527446764169 299.866885145625 299.90775350439 299.780259587733 299.794372177993 299.815529159487 299.929194085517 299.503904947575 299.803410422676
299.600312408568 299.382057140101 299.748406171034 299.751152450914 299.532407187172 299.620307318716 299.704721365515 299.763729089616 299.383052902784 299.665694476348
299.261015791883 298.988051716719 299.369788245622 299.397391750972 299.111709238708 299.107930983458 299.302063908508 299.345409021705 298.927780610225 299.157272750723
298.972746947847 298.711659265381 299.120484387335 298.982972581648 298.733912075069 298.680289509746 299.002475807709 299.039703133582 298.618641809197 298.771664043279
299.02148682801 298.706492323772 299.174883568433 299.128569865149 298.780445104911 298.656470584692 298.963981213894 299.039145248807 298.673064750754 298.727520632183
299.329424298716 298.854102962501 299.455457533168 299.346335924599 299.03128223331 298.930273370914 299.17466850498 299.270758603496 298.895705076175 299.046131564758
299.368214244046 298.949413651503 299.599348311121 299.431660811447 299.09223368532 299.022219848521 299.363065587785 299.457286438164 299.004161501803 299.192466531998
299.084283415186 298.762476335764 299.398291940644 299.235535627255 298.855281626414 298.809632249285 299.147219824314 299.305405076858 298.750052361352 298.947385311249
298.793959625168 298.539427524947 299.11204726518 298.880864831255 298.66461113403 298.55602244474 298.82228499408 299.060244534855 298.593266634501 298.727438208256
298.80509190813 298.556022533823 299.072657745826 298.876217372062 298.546298969423 298.451693819534 298.799809810105 298.977455147246 298.523660188122 298.552741757833
299.268307974197 298.943197526074 299.508179729782 299.269081355513 299.094656081308 298.899090641877 299.205574625957 299.321937324266 298.896848245745 298.941539917245
299.714296325045 299.431231394613 299.96311275457 299.707690628087 299.484151955554 299.435012911511 299.671693153932 299.79182829529 299.369312945937 299.360295038346
299.962520579049 299.65955520099 300.25430977933 299.897746750113 299.594427844471 299.604733536087 299.948907586898 300.013845734505 299.606504490904 299.688611541077
299.766769455059 299.454191933806 300.037306340316 299.750124712297 299.456685286867 299.430798062274 299.732312377303 299.812729693272 299.443046593817 299.462658700024
299.465339846649 299.097910600135 299.66120158831 299.403063777756 299.015133850276 299.024810183729 299.319292866138 299.341259024291 298.982425784068 299.034510164375
299.103678472217 298.78213000334 299.291543913568 299.060862743672 298.644218693153 298.731311215358 299.083559731891 299.146715037184 298.743080750587 298.686280470093
299.169039944375 298.848634906332 299.335257852919 299.167159707227 298.616635256947 298.783179679151 299.100183432017 299.161702526979 298.837790275612 298.754475382728
299.428885600615 299.095927296557 299.557803705904 299.391054202157 298.931916584477 299.099519993218 299.350630869262 299.405068977788 299.137187106605 299.018572439497
299.540413902485 299.291037778605 299.648885457797 299.559100782151 299.059161981438 299.205750831289 299.423006394444 299.574699233468 299.215808546544 299.064125616733
299.310157857235 299.032809083604 299.418277257337 299.448591858345 298.862279985934 298.995607025645 299.306625689557 299.464312931577 299.080776496284 298.941345634845
299.049003515515 298.81924220741 299.201319218031 299.196236796561 298.588997507351 298.69594901893 298.902912155154 299.12363575977 298.781609930247 298.697388887179
298.988988652131 298.803516030997 299.10865504375 299.1620008742 298.419464224786 298.691532742149 298.885486160713 299.211772479779 298.760811272849 298.623446808568
299.314743257918 299.197872037987 299.4781748898 299.483211640551 298.878869531433 299.100190628001 299.204822513948 299.479656580606 299.228961148241 299.036949062477
299.726569213171 299.594634188158 299.767431300651 299.962138911443 299.333071782719 299.614790626156 299.733652217887 299.975478716592 299.677609061021 299.416470229254
300.015989836137 299.845689256479 299.997354714861 300.279042964825 299.547908260156 299.92396736049 299.884769137408 300.128297233143 300.030540245292 299.746276315215
299.869212807821 299.59812833423 299.889223170933 300.071002593007 299.422436168662 299.83056046481 299.596802127517 299.919179509236 299.9455366787 299.535352550174
299.581293771841 299.216026338626 299.531443026834 299.654415077561 299.105415087135 299.433443163754 299.145150589238 299.486897771091 299.581617546366 299.167867464711
299.232056223811 298.915111888425 299.270095604319 299.258216261853 298.804207746194 299.21670463505 298.799379047841 299.224466899668 299.280315328305 298.797930947117
299.298865712584 299.034005998198 299.289223299515 299.373386495009 298.953553032463 299.274822684243 298.763892138245 299.161678296888 299.285538729179 298.947819665577
299.666400523835 299.316882708194 299.597484624073 299.498288094068 299.306050968694 299.497947775511 299.051021107336 299.306825417345 299.6424663301 299.130568847773
299.794492681212 299.387543248562 299.75254639383 299.661887196903 299.394115890072 299.590148110447 299.168561383713 299.372938378389 299.711127079309 299.25589198344
299.690762890291 299.315066233743 299.605828923826 299.430333684832 299.168559709089 299.431111842811 298.879543274741 299.151877835295 299.539521394776 299.151791563818
299.465815110967 299.077830515805 299.346196066407 299.069934485294 298.939205783899 299.05946577986 298.569107292449 298.728789646401 299.282707154 298.928340741326
299.406040121172 299.025710099824 299.317220436699 299.049209086888 298.906941206485 299.01388923612 298.392810008243 298.669911726304 299.180726690519 298.916387069466
299.83939389764 299.503900901871 299.619983855266 299.329599837128 299.255084501995 299.361375333743 298.871505445267 299.026919823413 299.479959338223 299.2661074578
300.12510295534 300.064670380033 300.125227621713 299.796292363555 299.642454135469 299.831554704831 299.278517850703 299.49659092106 300.020093116488 299.711886987413
300.361093105722 300.338173663194 300.377619403296 299.97647954866 299.922551046487 300.075410968262 299.637062539746 299.700523686652 300.216009811116 299.9704666436
300.064074660038 300.135046627023 300.245263557774 299.728861428532 299.761490242847 299.976063801188 299.459889414295 299.571345543859 300.079830315957 299.843119509671
299.637505805655 299.678281085203 299.962422529543 299.243716447558 299.365698176941 299.576845076985 298.920628366598 299.052202017613 299.720809173075 299.436184546289
299.255702334292 299.422627738885 299.620659428536 298.82926772558 299.02938499228 299.181320821591 298.562271563937 298.69441662776 299.423858799441 299.072238306585
299.187511512194 299.505775991966 299.675426901283 298.818003121884 298.964565332809 299.129726984264 298.62186808615 298.720610579191 299.58321615799 299.144111222369
299.356205406255 299.661789093631 299.984565612695 299.012076762462 299.126469164178 299.348682343691 298.949277593778 298.974406135448 299.804611717399 299.411787513406
299.434196433037 299.79089564165 300.012092661542 299.065444983267 299.222130991818 299.417200233278 299.065928329297 299.13990885737 299.828708940362 299.454443001999
299.076877845874 299.430612858844 299.798537655809 298.870293755223 299.014695417943 299.140161733454 298.901756495468 298.889378770964 299.636706138411 299.245009820537
298.70518633985 299.08848124059 299.435543039561 298.495534256398 298.6715872668 298.787249191799 298.632041836095 298.604835837127 299.301568542989 298.874111167863
298.737038811864 298.991416024836 299.372151553666 298.493200397063 298.502985108818 298.720385582905 298.68774771184 298.702813434392 299.205921558801 298.811937918835
299.082881793483 299.343831929708 299.702129370283 298.953929962891 298.951911508131 299.087714557449 299.088841644549 298.927044262569 299.571938670404 299.202771461612
299.501326677524 299.707981806319 300.138530568459 299.280379893886 299.385062362936 299.480457223886 299.580368865059 299.376788005349 299.988775487155 299.672407937358
299.728054915166 299.925261531781 300.338825195039 299.518043458496 299.651135117513 299.724994632565 299.913008495191 299.623424793394 300.263448560858 299.98361735069
299.493463989498 299.738938685713 300.096980225582 299.395650882825 299.433221191199 299.51162654016 299.685156050635 299.508514764989 300.006665334139 299.810409575024
299.053930643584 299.145080617197 299.574912734061 298.937674433294 299.071451149482 299.17580116831 299.396317385852 298.995365035594 299.506546963098 299.451463372848
298.650239655271 298.757936046069 299.028372785461 298.575937469968 298.71102703677 298.865460192528 299.059018672406 298.691998463881 299.000336123898 299.133471340016
298.656999396056 298.645607150808 298.977703251009 298.664002040577 298.746022194498 298.923063736031 299.176962999112 298.682957035923 298.939231780614 299.230179518949
298.942750091366 298.864579590003 299.170997065626 298.854625004977 299.065606039175 299.197946616506 299.428651465162 298.915623432438 299.09374957029 299.454718497919
299.072519087956 299.014157038387 299.165124477584 298.907757755862 299.169083781189 299.307725670228 299.540195905619 299.005456080942 299.26619279241 299.5822430401
298.89096245462 298.790606937739 298.893527863286 298.741377926019 299.015859627752 299.083805618847 299.329280247043 298.741878664254 298.9173853946 299.364391484731
298.582937791467 298.388916502469 298.651917890017 298.449668241428 298.586065130783 298.804180380732 299.050295457022 298.417695834727 298.515593714938 299.108863565887
298.571296471638 298.350021716203 298.573055853516 298.376995937932 298.641639301855 298.81894261799 299.073482350268 298.405845445096 298.568371545951 299.046651859645
298.982967895778 298.742000986786 298.973480873908 298.83124856252 299.009357561643 299.260243553744 299.492744320716 298.846808384081 298.879711229021 299.41750608659
299.305939243662 299.21994987534 299.392679331834 299.286269724649 299.478081284763 299.61454141259 299.962531997962 299.294508121322 299.299351924772 299.904770960863
299.648028280389 299.459079256484 299.569299857867 299.530601623432 299.6486959717 299.895433826275 300.172466385354 299.53976244432 299.577901587704 300.160849534679
299.395064577703 299.362504914891 299.325838573222 299.465088904483 299.461695701058 299.750896878796 299.993585834991 299.375936434653 299.435906588557 300.082906073158
298.935395565316 298.937628117878 298.887835515853 299.145045264688 298.988405768061 299.357078557894 299.583405854744 298.948815309492 298.924034072902 299.728474048571
298.616795504244 298.650950748856 298.559882069568 298.774307999651 298.630981425338 298.982722426569 299.364976956717 298.695881482197 298.655585719502 299.333479059181
298.555126812777 298.698604812693 298.632733991859 298.80069390208 298.685460180923 298.916191938782 299.423845378373 298.762026823636 298.762206400038 299.36347711674
298.809045349165 298.998261933834 298.852150747282 299.141488198889 298.986704872581 299.240682246512 299.663407474771 299.05710620071 299.07899505097 299.58420278575
298.876171781297 299.117244936412 299.038851986511 299.253488624235 299.078629682449 299.326665380121 299.812589508264 299.186785401956 299.168967642761 299.625997220281
298.700162605117 298.878972040342 298.828362464283 299.03288654006 298.811330288152 299.189312858403 299.696367894599 298.960212354395 298.918017439924 299.421307107916
298.427719618036 298.638440324762 298.50814213092 298.714142965693 298.544211570284 298.87518867879 299.408744338676 298.673381733468 298.574637884443 299.05916985335
298.351263874945 298.557009968392 298.531370630832 298.61930765173 298.496102263648 298.848188361089 299.379998754762 298.584397588054 298.599110142758 298.992547456378
298.826002339878 298.970906056941 298.916256312471 299.042371508993 298.919710007095 299.261862808116 299.625872448668 299.145003721385 298.939268526882 299.312896073776
299.203132132338 299.326214245035 299.37345838321 299.580076256758 299.438366150431 299.613687370919 299.991415748127 299.571886250918 299.365555690509 299.807216476802
299.532090593095 299.684995432084 299.735211193198 299.904479453322 299.660092764986 299.837920190653 300.230493172586 299.862872636765 299.578340965144 300.071680870313
299.353308871564 299.499824787408 299.648130324043 299.739703203141 299.502486750733 299.603172511815 300.058391979751 299.79006234352 299.407487959526 299.919490194043
299.052900571348 299.199840449998 299.189915735526 299.409700590201 299.063189207666 299.28829139416 299.640892678278 299.403766726063 299.052654478631 299.439409424981
298.808662755459 298.96044412345 298.903106394482 298.991304796835 298.674121322753 298.873589608849 299.118421541822 299.11279116052 298.75285031334 299.024527789955
298.949078960836 299.02580959502 298.981152224485 298.958397365125 298.738333745059 298.847514415946 299.037837189176 299.115479740427 298.787602173208 298.975727308519
299.143907968372 299.289611022593 299.189101102352 299.218642608877 299.003031119601 299.041840333051 299.267795451221 299.330629613763 299.071131553511 299.079057973068
299.28361269491 299.325697412226 299.31832636241 299.301377989065 299.183871460654 299.204663139997 299.339698410583 299.469832050765 299.216879480872 299.153049988306
299.046625851881 299.202505500724 299.133271424663 299.068163203002 298.937315221534 299.014941152818 299.099943295619 299.353697316343 299.007387455367 298.864490160351
298.815628256003 298.899532732706 298.858123109801 298.712402781959 298.619256612563 298.638688821668 298.792602797221 298.951810451867 298.776642782078 298.548041258637
298.886259823083 298.791073551802 298.854803684822 298.672573647929 298.582118744634 298.623151165457 298.869440554339 298.803634299843 298.729759645495 298.554726355472
299.281601593292 299.259375452777 299.261578550984 299.061286514516 298.96194959317 299.117524658815 299.187888443514 299.33508082365 299.126443193627 298.823919487076
299.733335248972 299.679292507621 299.685457783543 299.561750709352 299.494609524111 299.57216054357 299.553301758157 299.769680545296 299.560154711887 299.326617944998
300.00518776929 299.936840006564 299.929004506116 299.794156250515 299.74756497212 299.790637384469 299.790033811398 300.019554656662 299.865973794741 299.587505190684
299.833324553129 299.856251011342 299.814566584794 299.68377365074 299.757512326283 299.557038904404 299.646255093237 299.925141594178 299.694371705389 299.410032400441
299.498942179356 299.505460569259 299.390757800612 299.264145574429 299.339679601448 299.112399148999 299.21853515779 299.508983491499 299.349091543435 299.006145416818
299.156439866052 299.187533324412 299.074681822121 298.852949578494 299.096624589104 298.821467966805 298.930443884925 299.269831899043 298.930147537128 298.674270495668
299.21731142459 299.263030468963 299.111403429778 298.755316166506 299.160648792975 298.793780540403 298.978426355017 299.357704903233 298.972771881985 298.704799626109
299.452922646454 299.486651428705 299.406031206655 298.97586948285 299.439056903774 299.099304433807 299.244786339237 299.549640869218 299.293619569442 298.924757788764
299.517829367226 299.593408300302 299.457212294707 299.071571086456 299.554522292496 299.223564787028 299.418092087766 299.680105034655 299.408691093198 299.060923059809
299.322002418091 299.374697495665 299.286957755459 298.917268710005 299.371329072234 298.977637048334 299.241873158806 299.434219680569 299.178201501332 298.831101157471
298.972604666041 299.11825700924 298.942849079823 298.577381804938 299.128020443687 298.76745019804 298.963819267882 299.067851557115 298.92949339085 298.502577644659
298.932771250671 299.027716321678 299.004739954664 298.521370338049 299.064540087451 298.791910869241 298.95535503163 298.998670483873 298.993013545106 298.466460783923
299.425227897495 299.257751026615 299.377352093107 298.967102559813 299.317195843273 299.225627143864 299.220093374471 299.284636789506 299.432939357514 298.869676208937
299.746552409574 299.642408261876 299.785103962482 299.406852218096 299.676180023594 299.652594573189 299.618867304441 299.889431520671 299.855775697403 299.374688162094
299.943170901631 299.911015019875 300.055462965167 299.648967160662 299.989381390461 299.916891120334 299.873835050588 300.025841540562 300.070984211511 299.555887130946
299.813639575401 299.679908380096 299.827991069392 299.42602350842 299.843408074171 299.812649318117 299.72547362884 299.659613250676 299.968080690635 299.391003375973
299.23767323746 299.243179936834 299.435267015569 298.996803430533 299.478148668795 299.388869312616 299.328122375293 299.141138202473 299.595671586185 299.061711054686
298.863911946089 298.795463951711 298.929329382404 298.603754693812 299.126993020479 299.027737445347 298.970334770944 298.713027833181 299.234071652056 298.74801591034
298.904009279057 298.746356363058 298.892310901887 298.592598833103 299.156253687165 299.074168186476 298.975229605759 298.620622756681 299.295422350888 298.819658805273
299.245377463783 298.939903701291 299.09890542267 298.931591611664 299.382746206626 299.305400524554 299.213009267119 298.863722597522 299.585939399095 299.204885085389
299.392488978399 298.988069999865 299.245518653967 299.035800635716 299.535144438935 299.492772707857 299.262661210025 298.940697355225 299.758373805579 299.277588300514
299.130874748352 298.746201355555 299.014844613957 298.834547130212 299.313605786717 299.268505641839 299.030322583539 298.639279179234 299.521459228094 299.086132029368
298.763993496929 298.516100534163 298.701842550438 298.520323402587 298.884618208826 298.992226060473 298.659788837695 298.39617117794 299.196610207656 298.759793976234
298.84342286951 298.460430049916 298.614563013193 298.634878071089 298.84088371898 299.039295186909 298.768046212267 298.461419937091 299.106660774349 298.748660032791
299.211051404529 298.913013663345 298.971590600013 298.99440246795 299.185641914302 299.381677951578 299.252101308845 298.792670810315 299.556994971675 299.140390213105
299.584027046116 299.359362959013 299.433680248626 299.424685982185 299.695441745949 299.792449155515 299.634886789275 299.191388620825 299.936408744066 299.6497025281
299.888130328741 299.599786978176 299.653866151144 299.752070738408 300.005089716006 300.034897681891 299.880025235387 299.464025896378 300.109730995611 299.881686661105
299.746066215913 299.350871229571 299.487394244157 299.604757329532 299.785366142591 299.855414131677 299.710645709152 299.269616745603 299.847155938554 299.775470333232
299.354634480804 298.983134183273 299.03298900295 299.196425983409 299.402592116969 299.43741448301 299.211955213982 298.832021111217 299.333445339734 299.471646652286
299.000889395083 298.728677729422 298.710077708404 298.899743445294 299.135423026499 298.986625826277 298.86103982058 298.543609367366 298.88659175282 299.222663120439
299.072322734704 298.777389616357 298.752295010857 298.929167506492 299.117541915964 299.034777912042 298.869377058869 298.555576344788 298.777832058153 299.318139369915
299.333277826281 298.951681368926 298.984826046481 299.231722247888 299.294514000652 299.233598188634 299.00924467638 298.811519307132 299.056864327537 299.636679677702
299.352428479145 299.073666594309 299.144807147529 299.292836734263 299.421970779447 299.25327196663 299.131631250738 298.968577851393 299.074086134235 299.763172729097
299.233705985467 298.890698869014 299.001472766131 299.143331706597 299.296600488371 299.015654497335 298.922065845713 298.651211874344 298.935076761835 299.575336613079
298.944257116482 298.594261060007 298.714799298177 298.798595290779 298.888838925377 298.709377263981 298.616561212789 298.407422883544 298.636370933616 299.133651470436
