281.437565232857 281.60210484184 281.930362535135 281.289405687732 281.317437216141 281.452620622069
281.444330494245 281.800014488082 281.922625835134 282.140782703721 281.785976726294 282.114682890707
283.324278669255 283.558120084986 283.5721606164 283.619169924718 283.629239961276 283.561273155109
286.225806833429 286.689100303074 286.684603468062 286.619815979506 286.342707161904 286.42926119675
289.977635662148 290.088829326536 290.061583487215 290.254820435351 289.945583180853 290.197038523332
293.28023915931 293.176642039985 293.204576384451 293.476209413949 293.234178783647 293.241129890667
294.812087358097 294.774538439523 294.806475241729 294.83668009551 294.871581736715 294.886330315773
294.49787338184 294.516334604264 294.494530795881 294.560791026604 294.599021807562 294.56103691722
292.510311772715 292.591288404842 292.461968284188 292.577249299013 292.584141051691 292.514596591237
289.119971937849 288.980153719563 289.164131152883 289.161963684481 289.087134441878 289.221230097305
285.547982181127 285.509338459434 285.582185012996 285.66295791119 285.509714930613 285.829081144433
282.559327940634 282.770865033346 282.817880805903 282.683432290114 282.612249281171 282.566866970414
281.652245384503 281.566631362562 281.907569838778 281.072053318706 281.432649568177 281.579677338112
282.027535324072 281.871706324615 281.783490379902 281.658405936001 281.890472959835 281.967605449304
283.577232222496 283.390822600903 283.52169173535 283.619597100553 283.630100045124 283.469301577836
286.348878583325 286.636345202178 286.77505516975 286.469734097528 286.422841829738 286.735611961549
290.106709957541 290.330856778952 290.278898043558 290.065408092139 289.970239878125 290.093473348868
293.297161987641 293.493627480956 293.485014455518 293.196381982275 293.175456643138 293.193129189008
294.708459280021 294.982803653316 294.865952836474 294.749067790168 294.705044154738 294.755952795908
294.466285556237 294.516498634857 294.616327769043 294.355650013063 294.397822959792 294.546078919327
292.395974730016 292.524921490236 292.524734372155 292.2658381158 292.29558663985 292.454565065746
289.013163562595 289.352645676865 289.11872676914 289.132114933094 288.813045279276 288.980516613605
285.351572813366 285.664996051256 285.673105867304 285.375934480875 285.298496651887 285.580358611774
282.559275155319 282.920277224113 282.76861327877 282.47825976053 282.533277296004 282.353332341817
281.312798838149 281.333792410464 281.556111200844 281.309795322373 281.202948386643 281.651372587528
281.775000758851 281.796976636424 281.83832382364 281.834876282993 281.842514589586 281.98985667015
283.168650625725 283.487172754442 283.515529817495 283.477604464737 283.631641929775 283.555365690675
286.300099989164 286.443835976498 286.544907440065 286.360440554162 286.34626771955 286.333758926595
289.958865959165 290.055246117847 290.172444929602 290.030180308045 289.79306499449 289.912868915041
293.0694370063 293.066093713055 293.271360823468 293.113868328239 292.955597462112 293.122350607241
294.57583719046 294.780854043353 294.656438339384 294.538603860696 294.63872340317 294.61248667741
294.330248199446 294.476441971564 294.396676163734 294.195155387218 294.322382577193 294.338795708734
292.298935618898 292.464511200255 292.236528531951 292.157210612168 292.322078045579 292.283281340458
289.09040236205 289.106109514414 288.937279355274 288.878843956612 289.023841955642 288.844157870415
285.385327176004 285.78109526698 285.32910514361 285.354553020122 285.498226983064 285.292052701771
282.588689100811 282.853758588263 282.407262465514 282.705391086841 282.682940984449 282.451790151597
281.35266028963 281.914571839964 281.03376793422 281.154107302199 281.356282320741 281.332941398381
281.586131401067 282.173741639548 281.393900949999 281.273942314118 281.874922432804 281.650841294568
283.64038982695 283.807600166396 282.982379050601 283.252974372783 283.407354646594 283.234812429737
286.51594155909 286.71449725702 286.06828337272 286.582472991082 286.667038138902 286.229868410143
290.00538302686 290.385091996692 289.741990633779 290.078071543642 290.475466781531 289.878599190593
293.054925800377 293.611974008685 292.949913209959 293.118787717256 293.457708021727 293.085248574419
294.765614859464 295.238632675723 294.442950883229 294.633905055866 294.978582889052 294.656716003075
294.459556413599 294.899290949658 294.095652128616 294.403058549023 294.626728513418 294.28498676426
292.468755228918 292.700315480358 292.035883832215 292.402516236426 292.60775965071 292.297465131574
289.021785702135 289.407185074501 288.80472616971 289.128019743609 289.221153940652 288.892798640255
285.614278941797 285.805446296096 284.928329724694 285.798332800311 285.722531817146 285.505215635697
283.072045398737 283.101327636891 282.208682906169 283.16597744469 282.648151959499 282.527578408497
281.396142963795 281.507928385536 280.709140651756 281.568384028644 281.494575897726 281.368815758674
281.494566204645 281.723808312893 281.126271823173 281.423797817223 281.930288985956 281.544298402358
283.505627583213 283.297382521715 283.1693069501 283.169667321377 283.459517685086 283.440260583145
286.404379092144 286.509484506698 286.134746573804 286.223148411866 286.719729802571 286.318075293038
290.023959711441 290.065351635816 289.701211905026 289.958037739397 289.975445935842 289.684869929649
293.117669240752 293.188069025431 292.991639045784 293.268958646603 293.232476866865 293.067884304991
294.665957176163 294.680541418126 294.565256787064 294.825674476931 294.736514390258 294.705757298525
294.515758675055 294.354558749691 294.325227885268 294.563057506266 294.377281415326 294.379837116935
292.449673231744 292.274118626897 292.328584427612 292.561529359441 292.260062513629 292.376290070176
289.217237851003 289.008215035265 288.862652590299 289.290101682742 288.889703582948 288.972713382295
285.463238065695 285.296882295514 285.204510615095 285.713905067414 285.320901853599 285.392906505226
282.659112488598 282.613116777768 282.234953351496 282.678271416688 282.362843907318 282.629337914842
281.661568874859 280.819007817208 281.104345654259 281.652305952631 280.953432952675 281.249170529535
282.007273481421 281.637134683555 281.495766711892 281.910620901107 281.767713503961 281.676119493151
283.72329002346 283.285962972313 283.20473070724 283.635817289396 283.368890120014 283.726571953431
286.374006564346 286.31707453824 286.082433255618 286.494559271676 286.243546585297 286.484604700015
290.101086938407 289.942980254547 289.831335309221 290.207324570367 289.973929023227 290.022274683723
293.238841692547 293.114419414496 293.142744598115 293.4648841638 293.177532628336 293.135775468016
294.793314840014 294.55889007262 294.738811021891 294.932790477481 294.685963447837 294.754905466359
294.49566977446 294.272417980548 294.433117412154 294.79175459274 294.337558727586 294.449205014714
292.455988718536 292.297131036652 292.395443347249 292.708019229442 292.279787594575 292.413413058054
289.267909774106 288.876013346515 288.974866363136 289.277299817876 289.011469693566 289.18284859157
285.64614479694 285.473599688183 285.182167750266 285.698905667253 285.498185093102 285.521842090622
282.876138702869 282.932767218878 282.359590376082 282.921377207357 282.479085145845 282.383466920695
281.4489560997 281.388972638108 281.328437153624 281.696653683569 281.091154276308 281.313704770427
281.807223473966 281.448045465953 281.849029227111 282.035693460705 281.510672167174 281.468242921021
283.623290773986 283.157271503789 283.549974242535 283.863810487636 283.231339145116 283.826296018794
286.550498342431 286.114426475335 286.572435338862 286.891909388945 286.170217031498 286.484196844731
289.924453493299 289.8829531896 290.253218533418 290.598071126874 290.035164033712 290.144183564471
293.093605020645 293.120205375955 293.535903603171 293.751660001709 293.284963518544 293.266038868385
294.665762034591 294.699582844658 295.008282589515 295.305627753279 294.811691183112 294.732157149551
294.408617773218 294.424420744669 294.667350260765 295.048575466462 294.393536549635 294.581214517605
292.412462105764 292.410423103208 292.592098042624 292.938982363053 292.395802397748 292.521272124594
289.055811417715 288.974758015568 289.190329126506 289.791105976961 289.008549806856 289.011240064918
285.370849801936 285.24515511802 285.658048486733 286.139902093669 285.334569247608 285.780910405435
282.458505615407 282.584648712369 282.832319999241 283.44456454383 282.636924589728 282.650341630499
280.992187727765 281.277407205959 281.384898791823 281.847886409455 281.519767507316 281.492234610034
281.798428442185 281.72910949205 281.949384178239 281.84480898881 281.972485031379 281.705139383124
283.759109737736 283.485763638663 283.732570239659 283.7923650135 283.620777584868 283.537722992825
286.427904755075 286.281045738263 286.593074752787 286.799283365918 286.310142352431 286.56830355077
290.039280468551 290.115759062913 290.374984806729 290.273035013641 290.133724555431 290.096182222463
293.171644373437 293.106928894885 293.734787606376 293.422400833948 293.388854506486 293.254823722631
294.704084758874 294.759013349001 295.343590311043 294.931811902276 295.003351769792 294.831071595352
294.546556982889 294.485575348961 295.145105093745 294.671924602985 294.785604871449 294.508145661292
292.482934597691 292.478241087308 293.151801812155 292.695254709266 292.735080261608 292.602328553831
289.155225794975 289.141731701116 289.88239927507 289.573311632889 289.374931955456 289.243566814003
285.546280733009 285.848005054304 286.314704788964 286.075007999752 285.847355950527 285.704257182162
282.596382387863 282.849430463838 283.523326177864 283.185705965807 283.270589123787 282.793420821003
281.217397671304 281.721697086147 282.066030668404 281.474065655857 281.717489210942 281.528967881631
281.43115981965 281.893042905165 282.332107034725 281.922709986976 282.231335560074 281.900888249601
283.319600774068 283.608256959614 284.203495172412 283.745174142234 284.131287277427 283.37544276181
286.375864798016 286.468058647948 287.094879262981 286.474833393189 286.961740313074 286.342384245708
290.121654505114 290.28215918105 290.695712473743 290.078573469605 290.712603980348 289.906178373036
293.326440559971 293.49992834143 293.693397037965 293.140132051943 293.79684293864 293.24149156371
294.935705566618 295.062839330705 295.105018198988 294.694998584087 295.303496670425 294.903949742357
294.559624917074 294.757470171207 294.826674414725 294.498501392778 295.089532584015 294.665284811511
292.590708041017 292.545541836506 292.820191095638 292.601511419241 293.074832564469 292.631843161733
289.293380040632 289.370767972606 289.459411648317 289.348367040847 289.826422098393 289.341850385929
285.473660567052 285.911942857928 285.600292712645 285.625471018754 286.056287416723 285.810410663205
282.779854364794 283.143725337926 282.674537086828 282.618477520309 283.621195599485 282.986814860187
281.295369189443 281.790060572642 281.652613174767 281.3523199891 282.260614063862 281.830778206572
282.042900324447 282.151895657717 281.849377561343 281.889141411616 282.383615687288 281.998100818617
283.805036149608 284.051945763126 283.533842967996 283.809722110241 284.034241310098 283.81429618971
286.563874211735 286.702147739613 286.279459066286 286.276232083277 287.02426804161 287.001788500218
290.174656763707 290.452568239987 290.211864523528 290.027317038111 290.703301194325 290.348053307173
293.548046333141 293.642400291388 293.326552208249 293.331350223046 293.936389609827 293.750033553106
295.050085159718 295.072093290989 294.780726998651 294.814397870765 295.215604624756 295.251945265333
294.717775587091 294.654923209407 294.509053474607 294.475738933172 294.821051747604 295.083856475985
292.859948617874 292.686071580586 292.430351137508 292.591410534759 292.855174046717 293.04289401466
289.52927686295 289.444594185443 289.138246577819 289.267967502149 289.562322747182 289.777028338433
285.923442251404 286.024123339226 285.80204519723 285.666784194967 285.984283221904 285.935724222157
283.407605499433 283.310073435509 282.981135171622 282.785456447144 283.000092241425 283.203046018975
281.860320508723 281.767486321897 281.557041939404 281.310391766073 281.575837530906 282.040386229363
282.05805098475 281.944059091894 281.823666979345 281.748611648727 281.806773618441 282.464115940042
284.207464481694 283.896276176572 283.61065403456 283.63030421403 283.811111533649 283.889481476069
287.300987440793 286.810903137201 286.621328623987 286.506022689562 286.557748043021 286.861194484508
290.745367436633 290.303253617677 290.221691168913 290.172178843808 290.304390348609 290.635272798283
293.889631016236 293.451588422794 293.404430675564 293.423023073329 293.354468865165 293.827843066431
295.339045362127 294.885061274733 295.052828313233 294.993979075135 294.914736674891 295.334846892125
294.967443468645 294.689620795943 294.668536438554 294.667027923827 294.640162542833 295.031023582634
292.895337942137 292.557592636505 292.616767424616 292.61375626545 292.671415862166 292.736587391423
289.589987242632 289.142821901835 289.292212047075 289.205534619596 289.20690818055 289.258052464676
286.033531663307 285.641708164872 285.601065738152 285.690949965805 285.699479731176 285.491537633833
283.143734864092 282.716360500917 282.560445656186 282.900253886547 282.958679741845 282.753563154719
282.068105850952 281.307270045116 281.068044072221 281.821820050736 281.58719929709 281.407123029319
282.175379455022 281.647953967384 281.268416067235 281.83880433061 282.138200469545 281.462733252834
283.54498285588 283.705835708034 283.408218786635 283.451538430767 283.780324513111 283.419610501131
286.751686788632 286.288384469403 286.3356090394 286.529902834006 286.364887732783 286.252930789691
290.22315812588 290.003478872209 289.849627312707 290.171414846487 289.879845204487 289.724773805435
293.206460865546 293.102330981475 293.031378979073 293.175385690767 293.129439914518 292.880355339096
294.703803133248 294.570728968757 294.551937712548 294.680274553549 294.720207152291 294.411233128899
294.399276852165 294.404920500767 294.382727563416 294.558321041631 294.408719393376 294.242777882795
292.377222851474 292.470826322701 292.250724322454 292.540442731703 292.419015378345 292.084336752804
289.179021963065 289.359413894906 289.121510741927 289.156040313765 289.0364965456 288.777521824741
285.560872372166 285.834577323089 285.572463542343 285.781871001542 285.619410992435 285.269922133264
282.707161335141 283.316017150731 282.882271522006 282.926402307751 282.847224851819 282.601769643237
281.305614964315 281.454635771235 281.730956995376 281.510517793583 281.634359541383 281.574368376634
281.971981921492 281.832338954061 281.902119998738 281.928374159453 281.78823987577 281.719750898564
283.58048652802 283.910653940898 283.734388451772 283.721889258411 283.590902697847 283.471019541799
286.358402507751 286.926683171396 286.768408091954 286.812909976915 286.570454667368 286.549862766818
290.182517353858 290.260021830711 290.355537436786 290.25638243851 290.092333820268 290.031871243283
293.316077135078 293.476539676015 293.528752495302 293.514388588446 293.271946695841 293.067854648691
294.697536623757 295.153145093327 295.075377012219 295.150006584722 294.820215305539 294.599754454018
294.431778770426 294.987804632977 294.80505808977 294.902742296415 294.589462359764 294.36028895822
292.313790265843 293.070982173582 292.841965207015 292.852557451793 292.71777496562 292.362236724263
289.012795893314 289.778775470239 289.682252197217 289.636524415481 289.326409500636 288.914097520431
285.382729456462 286.251963456498 286.156055161297 285.887467610101 285.687282923476 285.422606336025
282.851254102959 283.372165755973 283.240028020438 283.52043678214 283.092141068222 282.470601602249
281.609744365461 282.117596023335 281.876532165179 282.077770820271 281.649020908376 281.326977390912
281.940821328892 282.479290310065 282.427122383248 282.171883133525 282.302545074862 281.35957866413
283.480611648744 284.044474017286 284.115787846727 283.776487371782 284.114533832999 283.56465478246
286.622019249743 287.095728822851 287.209058016572 286.933626902794 286.840714913422 286.680506421288
290.280256841185 290.544937421466 290.566615443382 290.57192050278 290.203136273457 289.894851774515
293.438828200945 293.819055466421 293.612683087066 293.394940932915 293.500093319608 293.076102978147
294.826091145829 295.161060716724 295.05936360715 294.965932819775 295.098472087852 294.633540533905
294.58694529852 294.883000308227 294.709662629661 294.539743228387 294.826167648497 294.463648285165
292.424883334683 292.796791585139 292.708388496959 292.544564641468 292.832454878787 292.35629548687
289.222803402076 289.389363159685 289.393541456046 289.441428724959 289.388681334518 289.058137909924
285.695314632891 286.105668936237 285.601474399692 285.812695824528 285.798666716162 285.700309373603
282.812833058736 283.004865904117 282.990221690848 282.869138937331 282.72855513539 282.936574796913
281.277598871636 281.782420025125 281.298236906416 281.540543430776 281.397325319171 281.380855172954
281.547824241874 281.866640156967 281.731150663401 282.074464802629 281.807228372934 282.123566359387
283.676069708587 283.815411308465 283.446231902942 283.713728761482 284.114841572646 283.734178639365
286.518998366285 286.749076270182 286.572657196992 286.404583320867 286.94261398487 286.917929122183
290.116131866657 290.294025893796 290.227544598173 290.245466972314 290.269941326263 290.215522103725
293.300074484603 293.458386269066 293.452312488952 293.269473557561 293.495327743206 293.381557763855
294.769360308844 294.910895914781 294.840028271999 294.942325224426 295.010855492162 294.916217228384
294.464103056763 294.588768809897 294.453063298087 294.676961983159 294.768823166791 294.752805411629
292.454455568592 292.603705589889 292.475617179138 292.652865996821 292.753639235666 292.754693424488
289.188121170004 289.16369976117 289.244600586518 289.301860413165 289.602414240539 289.578689584045
285.567604583788 285.589667453525 285.768843649029 285.733410450389 285.860840259829 285.947459921066
282.655257153046 282.809160784431 282.625416401737 283.030984983314 283.203661222381 283.376164324904
281.425371662548 281.396040336223 281.506138397477 281.563357254213 281.886258716542 281.979297591452
282.192177545408 281.146712003633 281.756559419593 282.071105914395 282.297033978994 282.140577757039
283.663068058718 283.274857552154 283.246631044431 283.337950433635 283.920231467717 284.228672472196
286.416879280979 286.757499805334 286.345565251941 286.459707241754 286.961950815753 287.084705405633
290.036116397225 290.154234989217 289.968123871903 290.116657821006 290.156134823434 290.587101339847
293.250956215766 293.296297531202 293.204453903011 293.236803282494 293.590482222959 293.788515600961
294.959333373581 294.805302891495 294.760100238456 294.834489644715 295.176039077425 295.355212811246
294.702600008813 294.495354744916 294.497359341873 294.603619390174 294.861011804449 295.033007783427
292.864914605162 292.623061048686 292.488540873216 292.655519081981 292.885697564836 293.205907716534
289.358638481988 289.44316819637 289.15872152176 289.488934257147 289.692692928144 289.837207273277
285.923970969153 285.626882081741 285.452855085676 285.814581377828 286.184572711046 286.255397789194
283.129166909712 282.70988178043 282.643653265183 282.818068295431 283.280817835583 283.451618350055
281.543476274065 281.624946093524 281.553188021671 281.573401366218 281.786564813958 282.027689425018
282.383056305469 281.458124386384 282.192512361395 281.906385318627 282.346146228769 282.502880096114
283.914917453668 283.618098669256 283.793182296697 283.553475051138 283.91764434375 284.095639575172
286.866455953384 286.549945077775 286.659214104508 286.612420297316 286.783715982197 287.382795352812
290.497734664323 290.294461682101 290.26440423191 290.23728978034 290.482101658563 290.978311110503
293.701033534098 293.367071718019 293.317786235958 293.398751961146 293.604150050424 294.031218447048
295.170080542875 294.923666275529 294.976818150199 294.862584330697 295.192325865256 295.41214710916
294.967003925028 294.610682569256 294.593172084305 294.666097251154 294.958972300776 295.102372717765
292.990512569607 292.57398151692 292.726581770359 292.684472724308 293.063941098865 293.128183744587
289.787065003917 289.23163822085 289.293474052429 289.443428147171 289.826146240608 289.856580516292
286.152890451875 285.740030809021 285.737403549243 285.963632855769 286.300648083475 286.133147686219
283.356803105623 282.731330746642 283.040176231356 283.073126145903 283.240076765438 283.404127218189
282.096312409023 281.667451880213 281.797050832325 281.777824285517 282.180122123106 281.629615046751
282.107124804938 281.688439662503 282.451075076183 282.324662877329 282.775742514321 282.55354441202
283.749582089857 283.375888796779 283.831608166061 283.888862168169 284.631516164823 283.835340290223
286.948286263783 286.641003714536 286.714321394194 286.775376769934 287.435640518614 286.826070962175
290.695575738442 290.320002822952 290.22668464681 290.413145423579 290.957497273359 290.234129958901
293.998481729913 293.425075793275 293.508855544231 293.496783217508 294.087301221735 293.400692310609
295.496500364849 294.948530075599 295.204039671613 295.157557280724 295.609352630415 294.955140793105
295.226952029792 294.671588885381 294.979900066332 294.866828989277 295.16702138261 294.725779061705
293.159128464293 292.683073190196 293.125182300444 292.947039155251 293.176121749649 292.6663908296
289.887816971138 289.321171085415 289.89904039414 289.621452768912 289.907298602684 289.505474512182
286.234945841041 285.811575395462 286.201721695209 286.240590588994 286.215415939687 286.069987711503
283.345262113021 283.216069778021 283.294555469376 283.45000460432 283.352565376335 283.295298569006
281.915363668111 281.89272611712 282.088002429592 281.702919246692 282.052575198609 281.85205940764
282.105423065957 282.274795943737 282.52762823317 282.506022229201 282.118344003774 282.39804068615
284.110957732358 283.927138240888 284.342756689051 283.926414931325 283.928794624433 283.850948006403
287.161527221838 286.990417417059 287.433885499381 286.876456636688 286.967179744453 286.66077822745
290.732911411943 290.43305099096 290.959029942398 290.617015673392 290.571271801951 290.346283009115
293.894632243494 293.57492986216 294.062789711437 293.873483301474 293.694009341492 293.494249920652
295.329459197379 295.103386481907 295.58760930687 295.338925739534 295.110332640273 294.93606991166
294.954346326367 294.924179545479 295.351257608119 295.087767274393 294.81361214996 294.642840483424
292.948029844287 293.036210324958 293.33423193128 293.163856869213 292.881972692371 292.74214348801
289.60577816215 289.70506946851 290.072105753905 289.993600928055 289.554142816344 289.637050960477
285.776232803241 286.21656242258 286.575098547811 286.4529609071 286.036999146677 286.008787593292
282.935452910376 283.403779687425 283.417944043143 283.517020840537 283.277290781022 283.270857113454
281.49688533901 281.880469065051 281.916606213244 282.003706038434 282.029024819723 281.881195671051
282.272808504568 282.475383761407 282.165745000088 282.140458051373 282.151353712464 282.225292065361
283.785656366036 283.731574898619 283.947770775919 283.98935392325 283.693007779793 284.317256100133
286.718856499632 286.864040640194 287.219721783235 286.709280472012 286.689181801463 287.166281336352
290.422225902761 290.498168263743 290.670156843587 290.690591108617 290.543883680294 290.584930514897
293.587527333322 293.811197524847 293.621754354459 293.802589234368 293.638721646054 293.473707693549
295.158467027484 295.343671561964 295.092152082305 295.377000329305 295.097324683723 295.124720150237
294.922883147327 295.119191981509 294.768790026232 295.193993986535 294.891294525341 294.895147657571
292.959689080854 293.321054596104 292.916531777747 293.317379440366 292.990328519949 292.851141695932
289.772137731469 289.861582853193 289.673786866455 289.969306874925 289.901462705695 289.708744334252
286.175702690337 286.319353487026 285.817119539506 286.309250666726 286.412305224658 286.403176383498
283.167089468218 283.692402531883 283.117719257474 283.565684985842 283.58587701661 283.62751521561
282.040440881745 282.141107501877 281.641815841333 282.18519185079 281.83714922294 282.131221850473
282.202876372778 282.414311660971 282.237444776906 282.435288375371 282.76353030345 282.180373821787
283.835751715447 284.297693218941 283.816636468522 284.374783016954 284.183559638685 283.924939986201
286.656818392494 287.160094395591 286.793210026138 287.385941098135 286.902689460759 286.9132258374
290.469380228426 290.669145028106 290.502704139401 290.727830654882 290.594588754361 290.660356773376
293.718267583172 293.744401268552 293.492973286594 293.830740586063 293.693810680852 293.839996831656
295.196133544913 295.407638646472 295.019207486987 295.413001812294 295.231120624694 295.348494488275
294.928133429497 295.128478231864 294.722588623158 295.164711641635 295.054321024815 295.137756847126
292.882543165098 293.192978604743 292.866623773263 293.214686567174 292.959013405173 293.257902890451
289.706847622858 289.940500894987 289.492058220467 289.96344524563 289.803200704245 290.146535810469
286.193689773559 286.294229133518 285.807761312972 286.18234403869 286.223935205153 286.751709062201
283.262637990968 283.146422290666 283.337010128603 283.276851054264 283.476250186206 283.632421184392
281.834339818344 281.863300054642 281.780522794029 282.021998925693 281.995101521814 282.419538577683
282.43979135704 282.71673603295 282.315391652313 282.303968080645 282.025346876443 283.184844920178
284.115486054551 284.393337843074 284.017742891853 284.241617714298 284.024282638952 284.677552761565
286.787214295195 287.277433915008 286.812955056017 287.033415465245 287.037688510748 287.887791839959
290.53368102114 290.831086080286 290.645128997615 290.62273862489 290.625630760575 291.076251461589
293.890622527175 294.056199392558 293.652693620995 293.874435965047 293.772230498049 294.203640291728
295.425851490251 295.411976508082 295.301731722585 295.447070524117 295.34251364481 295.686745040697
295.120441102873 295.247947856617 295.055011412694 295.233784003723 295.048214531438 295.447044657081
293.144113515284 293.329711766498 292.992184314677 293.207506248648 293.071363158089 293.657305206902
289.999126561549 290.152374124294 289.813454898039 290.145361649543 289.847054039808 290.603007819398
286.635267072835 286.692340067267 286.260863847225 286.37354431512 286.276171916012 286.926209404368
283.895418883768 283.878224812633 283.331620875398 283.546687482439 283.415725356682 284.301566682515
281.940196079153 282.320929385505 282.295547211344 282.437817854285 281.887457090783 283.126552380974
282.488789919241 282.885381322658 282.3709673069 282.915407735539 282.562879204342 283.062791632014
284.345322268616 284.288660794778 284.338417421454 284.38309023757 284.21489759261 284.71794462616
287.589255844977 287.02847934534 287.152282377973 287.370451702138 287.248326683573 287.781217246125
290.924396888206 290.738895117178 290.755150275679 291.009797110006 290.729643188856 291.379482321246
294.192315999096 293.974697065743 293.966084359448 294.016528358395 293.918865370744 294.400954768219
295.74399882254 295.550562432531 295.541125092568 295.646675593962 295.518502349962 295.807854354663
295.489667777746 295.253279033152 295.350048357448 295.432928159545 295.109243001951 295.322120604316
293.488075318674 293.381967156355 293.487937929545 293.475971391415 293.249091670095 293.371295716006
290.281802538697 290.111027107703 289.994926142311 290.282076690856 289.950250662472 290.184463324718
286.649240257833 286.33290870075 286.702650200145 286.557858907125 286.287286962556 286.655506149793
283.879937855823 283.923306291579 283.929914237637 283.712310419137 283.753098123149 283.859615258923
282.236506641838 282.476538934959 282.567128576837 282.326792544279 282.126905482614 282.349460671269
282.35014100559 282.798839495287 282.583253278106 282.531317077872 282.173132461992 282.729270517438
284.225821925324 284.570958051211 284.657067305929 284.590482611079 284.186940968959 284.275460897439
287.295834572169 287.46850183748 287.365894613722 287.539180219844 286.950258812282 287.277630569851
290.844814564769 291.155163338059 291.294070793032 290.767010565492 290.597180619581 290.740157717722
293.785687256941 294.255056432303 294.313170444552 294.032328202853 293.766954854146 293.751385095427
295.253503501609 295.734799155278 295.726514247739 295.527534166826 295.360225860163 295.279027984828
294.902602792536 295.50816926107 295.352626858803 295.328510113425 295.163005407852 295.044364164891
292.9407796248 293.533912034048 293.373078539286 293.38383097981 293.19354191722 293.169549448678
289.730689583541 290.169963211259 290.216690843438 290.180462143346 289.843920889473 290.049576932176
286.022254911411 286.878218591331 286.49815712476 286.566407580618 286.448547957594 286.538477458502
283.332097034016 283.813072278893 283.67889470617 283.702307447671 283.703926077867 283.706357480094
281.903283353793 282.415215452201 282.145712818064 282.516890902259 281.959174782482 282.001823816987
282.311097814022 282.779008781093 282.349055706595 282.976555057188 282.782562169886 282.662834872638
283.862206758401 284.447338650975 283.905554844477 284.22807513983 284.444626128331 284.278496605502
286.96498739579 287.571929518987 287.050140381156 287.279528752884 287.103784874871 287.175686912331
290.555380574664 291.320893446273 290.696964767283 290.699267463212 290.76627627101 290.753283189951
293.4896768697 294.312521823708 293.741188148491 293.838655072661 293.927949273981 293.75537336338
295.039333987555 295.710381536933 295.234317937386 295.542365475789 295.465888709891 295.222659343228
294.809547631917 295.362748011627 294.874728489863 295.202848059473 295.106046086816 295.110810978646
292.90846876453 293.306149542363 292.910232157338 293.204590358762 293.265118716334 293.187865156119
289.739195565562 290.177740399768 289.649046418106 289.957559349905 290.071974323744 290.04319123506
286.203927090066 286.434577346011 286.287452875463 286.38136583731 286.377356697592 286.644797659726
283.335472234437 283.850563413366 283.406673073346 283.409032104677 283.799109634966 283.541954738754
281.996016180781 282.193301210388 281.695160526408 282.229872690464 282.428659080117 282.197037201531
282.061888082551 282.448878681783 282.271648964088 282.588056681702 282.517391200518 282.576153718778
284.195785535332 284.459514547214 284.247781464816 284.252197888118 284.56062934625 284.017626918475
286.863604162174 287.222453531951 286.972776505904 287.140890186586 287.210958847384 287.139957392782
290.614317051944 290.809255782559 290.45184756401 290.679039101001 290.753816366153 290.871157176904
293.750048558218 293.822545316402 293.710536409376 293.740731037455 293.98741032732 293.956375502459
295.204033189144 295.37880237088 295.311486098054 295.249397169105 295.491009386038 295.38736388527
294.895501294721 295.001331202075 295.078501301282 295.008392950858 295.186713580925 295.10243779361
292.964203108109 293.226030547393 293.198654193933 293.092699241556 293.334682497028 293.150818468241
289.761091029288 289.826425394989 289.995070837626 289.882447611907 290.008202788187 290.026101108813
286.222592363563 286.132587241929 286.220993963268 286.415728199705 286.73983107679 286.710093977412
283.284254725018 283.37722871335 283.470968398797 283.468003875402 283.863884862951 283.673610959862
282.052394416447 281.681476544459 281.878456361426 282.13198291942 282.669912633004 282.706007071607
282.514897401025 282.521865543841 282.422880761992 282.796110101966 282.870902752254 282.64693242645
284.217955724222 284.33644627673 283.693392111752 284.107730759175 284.530241444228 284.196602559985
287.172596913696 286.969795274843 286.989756396363 287.035883814436 287.403109384172 287.04467882079
290.767103806747 290.661280669437 290.583073056896 290.67495059119 291.122924828575 290.82974036752
293.92455789141 293.719575624465 293.740535503904 293.831053034258 294.148620524818 294.04029554741
295.400143430705 295.282586928312 295.411655093716 295.352216389125 295.712059011126 295.576347783382
295.070056698983 295.002578604678 295.128837635349 295.070581716272 295.397224005706 295.348678429413
293.101685689003 293.036903605449 293.277428772303 293.258599333087 293.509724241667 293.411948716713
289.808462637383 289.895524017078 289.967251311195 289.934815913948 290.35604054487 290.413353666002
286.336543636414 286.207505544455 286.45505706296 286.391483873309 286.861452263582 286.840081042288
283.539985509665 283.42187246554 283.664815929398 283.394325126093 283.811948089496 283.693764486375
282.170603047891 281.897607028416 282.006281722289 281.987580566109 282.545808197835 282.341223864177
282.522687987436 282.426393451065 282.604389861966 282.86937959308 282.790097397706 282.841273860787
284.223933159731 284.292902768463 284.189963045115 284.397457911384 283.989999277437 284.505325603928
287.148392699004 287.077575273394 287.058409219232 287.202584260053 287.132989042185 287.544540348838
290.700268094957 290.551165261613 290.724884954599 290.723298350809 290.81092764628 291.040963446951
293.943836523672 293.885495866614 294.017027095669 293.98271596412 293.85234904277 294.302580289615
295.525750872012 295.492281185983 295.521339731237 295.525272473536 295.446320482002 295.884666509664
295.27756681405 295.239539027196 295.445114274485 295.277338293402 295.12406918572 295.611626820834
293.468822460662 293.337402612303 293.592921330726 293.406684911192 293.202065903318 293.683761073274
290.20155131127 290.208429925377 290.493804293892 290.207439895277 290.100882943098 290.716631195796
286.738595345098 286.502709020816 286.841606874714 286.902843067332 286.452447375894 287.038127073319
283.875291927427 283.55907054508 284.184572118932 283.735546904874 283.762858446315 284.070034224761
282.449582892361 281.818347585596 282.49915398798 282.67937795649 282.270547700908 283.110965541749
282.524500549934 282.850636926684 282.775685639366 283.14713064226 282.60485919375 283.080979487306
284.526843942386 284.268506402321 284.409884987684 284.656485661899 284.124099780062 284.837841502126
287.734010716458 287.402192781707 287.477340035485 287.643489533076 287.027417555469 287.865934692592
291.228409341021 290.791104944089 291.206353536105 291.274485522343 290.764287746284 291.387953974626
294.331397678714 294.015439477016 294.393941612904 294.32900740316 293.778336577078 294.474137365837
295.879915811338 295.67034353227 295.836675836261 295.823242351369 295.292112408317 296.016324937339
295.51451063411 295.33016165966 295.496802596005 295.536007775051 295.05481200458 295.621926978931
293.454452711056 293.417192090686 293.669046917828 293.651058858357 293.126839890697 293.758302028112
290.222283000287 290.118479660712 290.311969334114 290.630073717216 289.964896211499 290.557655141798
286.75444549778 286.8247083912 286.666742564675 287.202756150643 286.331960498819 286.910506411766
283.885944300743 283.642696228958 283.864400803511 284.316720645304 283.306725786234 283.860976191046
282.621961263148 282.283195447939 282.472112634931 282.860177679463 281.979796671906 282.365483875716
282.697659150143 282.894398908877 282.808569001268 283.649505267894 282.396123227811 282.684712857729
284.34936064155 284.606497097235 284.582217962707 284.924453109864 284.085986840106 284.445896628152
287.387425035856 287.657674839202 287.264365933025 287.827152421595 286.907938688684 287.601811501971
290.936248732122 291.045303978079 290.854047478074 291.244927942699 290.688266857231 291.014915482597
293.974750489974 294.172609664692 293.886145848126 294.501249397529 293.943767987207 294.094631109167
295.454820757573 295.753365216986 295.422704601444 295.880897789425 295.416653963764 295.392676509092
295.0870663398 295.555744832097 295.014454448887 295.437777657869 295.099120683069 295.133968155226
293.145867895896 293.547722272516 293.128786583884 293.41809993774 293.190902055132 293.221175525636
289.799771268063 290.329957235951 289.798209367865 290.363521032708 290.066483694474 290.072392883256
286.170668546956 286.894049634894 286.228189775273 286.902326583745 286.43232424243 286.411042747447
283.58143110538 284.145142470121 283.45260841555 283.846458662663 283.561976660624 283.713706963133
