285.445985398253 285.49920560003 285.481978547199 285.48592413372 285.497194777223 285.446381767445 285.466024168878 285.470737764261 285.427497828107 285.468853146485
284.578119128332 284.746489617439 284.859069359785 284.763668662379 284.746765735117 284.635332320942 284.778313791426 284.552045534348 284.659482492549 284.54775082002
284.324833948108 284.381841195726 284.43784795553 284.411203789477 284.50890495613 284.316746317725 284.386451121822 284.350017749006 284.398010055699 284.197808429741
284.533382671444 284.78606808809 284.764515772434 284.629403589595 284.825720049849 284.453011607917 284.667146557727 284.592036575602 284.793960613947 284.713153942496
285.350500655215 285.342741617792 285.409988376069 285.560741450795 285.607801998727 285.455025489952 285.249039835432 285.563740596171 285.542675058129 285.34531950853
286.67865050894 286.527974090967 286.496807318864 286.594288909972 286.705914981859 286.556337322302 286.449419985768 286.561775605863 286.722541523165 286.682221050079
287.717907023123 287.706158796173 287.766626569243 287.740699126958 287.917118247759 287.660179929912 287.640405134266 287.532061456419 287.671900981081 287.729966437767
288.431694701575 288.21031146386 288.223187820435 288.414275255069 288.456411554663 288.302200608215 288.241229994127 288.168070067473 288.259121883408 288.402480598131
288.53633833797 288.408781865752 288.401614695672 288.603969111651 288.509552744044 288.338996726842 288.301543111126 288.27060099325 288.389187775057 288.555965191396
288.135397278858 288.176711711497 288.123136589242 288.256739543137 288.286403784713 288.15356218073 287.96675306602 288.248066699297 288.135966167718 288.245974753203
287.505855734748 287.41681939824 287.551487262945 287.710744289631 287.618497191162 287.412272378138 287.435877299283 287.54047053251 287.494535418688 287.429726297955
286.65395422751 286.432629824554 286.68705001692 287.06481082935 286.733673388456 286.416237285826 286.556171519759 286.601114903068 286.58211274458 286.451523991334
285.639090104341 285.676326356537 285.827547327765 285.816733595025 285.637479359754 285.448398180908 285.643867129249 285.649713330094 285.497717873966 285.529183838558
284.699868540985 284.721426253963 284.95770947189 284.931474340844 284.739862048711 284.769019213435 284.812115303955 284.580406822887 284.72809555596 284.591171185634
284.270652916211 284.542986562462 284.615395934353 284.893031518933 284.381795667953 284.420926744792 284.344125117244 284.409248587478 284.447754667376 284.306775203453
284.822692684367 284.762698769247 284.614776902408 285.025261601191 284.512020050935 284.669744263048 284.316524458742 284.690754101464 284.579299483436 284.507465255979
285.284374207655 285.466606366362 285.3555776367 285.637735377762 285.587629882216 285.405854727465 285.23616031698 285.136325158361 285.264369424406 285.300314012274
286.442456186486 286.59583018687 286.48538756242 286.830161214937 286.550850814148 286.592385551072 286.382355016654 286.422922172153 286.460894607727 286.550796798182
287.541768213003 287.752182041019 287.595717902274 287.973288593897 287.842429002544 287.631829093486 287.620243018246 287.726295210134 287.543134017701 287.609463063845
288.053236114973 288.179043497113 288.171867846803 288.514208595617 288.287375231139 288.196000468807 288.22244819134 288.374994355853 288.208919779686 288.314269947936
288.373975932568 288.29540466844 288.36728210788 288.554583115429 288.458137630303 288.304839752556 288.371106676065 288.371250682757 288.40756710681 288.445798562297
288.054725538447 287.993550749236 288.014580058344 288.243606810171 288.200881985289 288.026008293333 287.929561311013 287.948330683542 288.025980623095 288.287762794274
287.187758051991 287.314047895026 287.146647827909 287.552883724348 287.4314818927 287.157469779125 287.217232021576 287.250068312622 287.349872357961 287.48139981666
286.177415931985 286.644358947858 286.396044905865 286.675006020908 286.423576844171 286.440728631956 286.285990995908 286.271329590682 286.409327824946 286.578166126238
285.250250815148 285.64760768216 285.498379457158 285.556097516635 285.363025829693 285.285373549584 285.283261594714 285.471151618848 285.58837396261 285.616467750108
284.470188568289 284.792363906759 284.705963094778 284.901602079934 284.494398058058 284.614632446315 284.494705503571 284.546241703942 284.593207610969 284.875524530498
284.061046886205 284.41135873377 284.215339958805 284.469307820931 284.144530546802 284.329450630086 284.175331793207 284.429229128873 284.158394297726 284.499855052025
284.416108130374 284.665555358161 284.617295934884 284.596763382688 284.44256413914 284.549574596548 284.447458352218 284.653450963559 284.45059300613 284.694315965554
285.303985299852 285.186677045632 285.266573557795 285.177587303455 285.281203070982 285.268549593949 285.321886199253 285.445099167929 285.488105013153 285.50476389105
286.25066284698 286.287150132024 286.287319197843 286.242374789207 286.524035504075 286.373405092226 286.210737676066 286.501620653887 286.508424968949 286.620857115514
287.242107154427 287.496873646942 287.373069209048 287.45804703673 287.71731772554 287.558888331635 287.366963175386 287.739553558015 287.702181885973 287.802219744287
287.900887863707 288.056800588372 288.003163135363 287.998780855075 288.166583626129 288.321126511653 287.985381295895 288.298666575556 288.300799592536 288.25553180615
287.975615299087 288.220721810858 288.064365704379 288.264415266507 288.151870617929 288.389850711958 288.151714260066 288.486379570279 288.385079331427 288.473042949108
287.845275745127 287.76874158608 287.852521224782 287.941480478989 287.875211020713 288.070469228529 287.697786670209 288.261193060229 288.175920273299 288.000628141836
287.102388811172 287.167128183122 287.196468583039 287.301359519378 287.332928536267 287.197405238266 287.055499212058 287.360757457004 287.544064591692 287.416067431255
286.349992034763 286.189027715821 286.324166544506 286.483186341168 286.40772902546 286.591188871081 286.27158685261 286.619232147657 286.665155720131 286.432181276686
285.458175264108 285.234841065815 285.325905768225 285.487728101705 285.468400519879 285.520378690864 285.313430720817 285.676915932772 285.693378983789 285.316489300845
284.64294987785 284.455422936436 284.661830698905 284.669475814044 284.606801195664 284.689321904748 284.451197383231 284.833392448938 284.891170981173 284.46356270472
284.471465510214 284.280113111906 284.381515964345 284.197519763082 284.376650395892 284.312708664715 284.204046955879 284.581005330885 284.665011857799 284.191149306117
284.762390128612 284.483074419737 284.420438252423 284.740283799894 284.525666321391 284.590112420616 284.383880575671 284.668506087974 284.813634796428 284.627646777945
285.510721401368 285.254595079161 285.241275783545 285.242445665521 285.180673109988 285.369749714111 285.3246727712 285.483425006589 285.473895450374 285.278002757207
286.595593570586 286.440179274013 286.47008732442 286.335836766214 286.442252717225 286.479638729269 286.306008626997 286.685945281052 286.767267643609 286.553183593635
287.851595007514 287.450171281449 287.601601336464 287.446869752047 287.693332493238 287.685712635997 287.39875695729 287.68773023984 287.776971199839 287.638241537175
288.21160548236 288.075009138947 288.283077015105 288.00957521222 288.333225474382 288.228554449635 287.970632469026 288.512796734034 288.341398507961 288.091821181175
288.41602781362 288.270659229227 288.384979555312 288.0670663201 288.449721838863 288.358959597396 288.1284364284 288.39427579658 288.436428426419 288.343419831307
288.192436087704 288.045398543032 288.122983783643 287.953671767907 288.023542563771 288.148472358816 287.75369219327 287.973055027741 288.060618453594 288.116668348953
287.347678997806 287.266168609851 287.438929859095 287.271075019108 287.494090342601 287.337608823148 287.229685003041 287.349232813431 287.261142157011 287.48904298104
286.355557272753 286.323913189688 286.517733305745 286.308532187603 286.718128607256 286.557404472836 286.379812540722 286.557867756597 286.443463972049 286.655332832105
285.358254944233 285.589326692492 285.519942966653 285.368566098983 285.833547090995 285.583107853382 285.440713746767 285.378348287311 285.419076486942 285.682741249574
284.681893465439 284.663462393728 284.88861428631 284.641915897771 284.931500044965 284.761750164007 284.616206145207 284.582992299704 284.447956984564 284.773330036974
284.138325702112 284.410538494886 284.419058384311 284.523309431135 284.468025196074 284.560719932667 284.238796589614 284.448668225572 284.273741332895 284.6135535006
284.384172777808 284.634716459265 284.791906558359 284.798803233358 284.891201991947 284.804932677236 284.644167331757 284.596780274637 284.468732012384 284.783289905488
285.37856883925 285.427467373299 285.773251763998 285.401077680219 285.704422920773 285.676245041494 285.252742817732 285.46773775271 285.141931436379 285.651649151891
286.5371232971 286.323640607915 286.74281305587 286.358854975729 286.931958221249 286.648161893946 286.59760200457 286.506136010344 286.419203606244 286.810867468281
287.673475702377 287.791964830447 287.879779690856 287.694554448991 287.947974949897 287.736767207337 287.663300083328 287.646214048291 287.463051601266 287.830522662666
288.256139623305 288.192401125957 288.328107997288 288.389115671162 288.535092441105 288.30005099352 288.252485150096 288.178677938709 287.821700000605 288.424495937488
288.451921221848 288.345052159559 288.504858007369 288.420871586652 288.685005830559 288.472538182866 288.41594334108 288.268285261899 288.023810294106 288.625462097431
288.137298500724 288.123767591223 288.194142261468 288.179009199904 288.422400402561 288.293938229579 288.118156517999 288.107336460393 287.913850133336 288.172838681769
287.350493879377 287.496076735088 287.434540451946 287.483273269439 287.687300501908 287.688189481267 287.518825189279 287.367613476112 287.361439644225 287.493827376392
286.674190632243 286.730920479059 286.54219183205 286.596223385747 286.703897065403 286.745984068197 286.817528529636 286.399053194203 286.374853994941 286.718037585404
285.343128425619 285.650972393313 285.613653162913 285.702823599492 285.817155738362 285.675012121914 285.727505946209 285.298138058042 285.384458066507 285.618958164002
284.636945792142 285.000111539622 284.754237902204 284.77854240167 284.904778529594 284.882341976817 284.83726241434 284.697477891646 284.480156606912 284.493749369131
284.546147438263 284.736611638209 284.412591333707 284.494305585459 284.42657861241 284.604723608471 284.442332686527 284.189550947798 284.322585682452 284.13283942432
284.848591016666 284.818358530242 284.792616522229 284.809845791076 284.800746418279 284.772084322802 284.753508186941 284.423244598638 284.444555920957 284.563032568727
285.385287683345 285.592268802319 285.422721225949 285.460000813616 285.346817330812 285.432853595441 285.494873983995 285.259831987666 285.386754546049 285.278743923912
286.545031435789 286.60590548158 286.484165403301 286.424381350875 286.491151013773 286.550925183649 286.620241679286 286.522114817762 286.412833960004 286.373826088244
287.632970916737 287.67271185413 287.74270534985 287.572839896585 287.645992835292 287.849597778304 287.904856434646 287.515238945291 287.645870119957 287.355374157493
288.328525758243 288.240290632379 288.189298936424 288.239991421622 288.188631699571 288.46311960356 288.453768772977 288.091301363378 288.196296944975 288.060037326167
288.449206939352 288.469971839509 288.37077904777 288.319347367408 288.253787448567 288.682257366152 288.501450577123 288.344116070249 288.190831119886 288.233205198498
287.981942194642 288.194225181066 288.037882734079 288.084476900754 288.065062647901 288.385189068206 288.154563092984 288.168294029574 287.9992749722 287.884764824759
287.38158403035 287.374207568927 287.467710533 287.396335254757 287.327359298938 287.730624331908 287.467021748639 287.433650844531 287.376847321679 287.233529517912
286.496882554403 286.229801560568 286.868946014257 286.666349036935 286.491253660208 286.962918310003 286.643901195407 286.563894744466 286.642447253067 286.322941724195
285.64452976335 285.225117149362 285.852602765769 285.666863428378 285.399084324866 285.978182301473 285.758561148922 285.391016392553 285.618289951478 285.238758355613
284.54593821039 284.350751885545 284.96592127071 284.85709395732 284.532353480877 284.921985428659 284.82114068209 284.674044442987 284.577207162858 284.314382054794
284.253014265938 284.152579325039 284.74202611071 284.578031464267 284.363603771864 284.63141779943 284.462825568936 284.394716919661 284.399367061035 284.018444247748
284.44928572286 284.45633299302 284.784147137106 284.956284720484 284.441602447092 284.793128953663 284.730665264813 284.532382603215 284.676140117662 284.183379033408
285.441971082667 285.274545992171 285.620383523399 285.505445996261 285.291766486261 285.800733490008 285.41451806025 285.305445147275 285.470742114757 285.237499578989
286.650395084598 286.411596718537 286.741995291179 286.604267697048 286.389882065686 286.926552308045 286.512979426855 286.613502134161 286.761585719295 286.463260232818
287.649637904583 287.457509024701 287.874432000209 287.729228280467 287.580384117727 287.911770639517 287.648973034268 287.819921135044 287.763484492109 287.450886629332
288.166246032736 288.048191287584 288.53503088876 288.366476930276 288.176149039512 288.38407558121 288.390765175647 288.352165863015 288.203090115887 288.215706380981
288.374583477827 288.204475725444 288.742310367475 288.633534641036 288.397618985134 288.474169119625 288.521401461695 288.518305729572 288.443690189929 288.219479508974
288.104981468422 287.88137712045 288.352538045861 288.274634926989 288.167423435091 288.162956911416 288.252800954768 288.220849269259 288.167718987445 287.976389307006
287.411891989152 287.271044638515 287.610421999867 287.639249669557 287.461868951841 287.425872943823 287.538316726549 287.557110003299 287.422436970954 287.293050152685
286.560150246969 286.33734173643 286.734601459832 286.635040176908 286.592756603784 286.634381629221 286.604933452424 286.702242732072 286.605801027816 286.466527488897
285.841726722177 285.419476461836 285.689516830148 285.773460131417 285.739794572444 285.612077699317 285.652080704242 285.676732162522 285.658011739555 285.558227908967
285.023091199072 284.529999740142 285.042086103627 284.846090317284 285.091526968523 284.833091536929 284.780527491843 284.811124584219 284.83431310444 284.563855961256
284.558199395941 284.229008211803 284.62657703293 284.578257156553 284.607529038369 284.589734571716 284.513513143052 284.500269648023 284.507655688916 284.455683965119
284.791381664975 284.328840266072 284.690021889556 284.872714191023 285.012843487438 284.85762057054 284.701676724418 284.781186087446 284.517219162254 284.687969440423
285.351424968198 285.298557090693 285.542880159395 285.588621013292 285.830471402901 285.504172747662 285.387111531331 285.454787680803 285.545270456066 285.659295663113
286.544333710574 286.586984203606 286.662393791488 286.655785239473 286.73503769721 286.484451204984 286.686411331073 286.629671197519 286.643055586487 286.593166523937
287.72326142298 287.641124892775 287.93658068144 287.778628519155 287.774986113091 287.698265731215 287.836684132865 287.770711923116 287.74908793873 287.79268364136
288.404557595206 288.216982763034 288.510427735924 288.430678873079 288.433549027241 288.194880185816 288.22568673548 288.500893629021 288.276845699992 288.325079658338
288.427996255919 288.440739992666 288.551147865039 288.466184015861 288.502139072072 288.342264676367 288.439674490346 288.578467380172 288.443411683761 288.487651618961
288.257857843212 288.31010782817 288.542130029697 288.259570436713 288.167139240687 288.173671541959 288.036315575516 288.076917050647 288.245942489111 288.147570203249
287.517566876014 287.501064432566 287.785736599001 287.604261900825 287.587322723286 287.449925598881 287.441939046516 287.567173382754 287.452902202936 287.533890316079
286.644190914384 286.73235009057 286.55047776967 286.55242287454 287.056701962885 286.670211852731 286.518583197838 286.910812304898 286.707277637874 286.471107417857
285.675610732749 285.747491330043 285.726896564393 285.692138052979 286.038136845904 285.642474929776 285.528722352577 285.695499892189 285.863756655194 285.770858804226
284.775259118679 284.87377258864 284.738228570088 284.970812059921 284.920893121522 284.791607511717 284.683603167139 285.097024666443 284.938099337046 284.809308319022
284.357322009411 284.464316037381 284.597507755937 284.566219781611 284.684869172066 284.542032904191 284.449244115503 284.595311579566 284.582277146421 284.519567236939
284.62512888325 284.836478016775 284.85225044281 284.718148346577 284.876413699273 284.917317059752 284.863310976372 284.87031229344 284.887494376554 284.654141539202
285.527597854336 285.700260261311 285.623278385089 285.359046193827 285.748461186384 285.490232209495 285.50322800192 285.65643706775 285.610210492007 285.344061763637
286.518583791126 286.831653301567 286.603823827089 286.623694351636 286.792372235819 286.699635876464 286.358904948929 286.702405150293 286.653815161177 286.478782841757
287.678161620786 288.17136448779 287.774645110306 287.786760613164 287.993276442532 287.830196571877 287.63200274163 287.933153678419 287.960533534356 287.701040823276
288.185811116899 288.662604861272 288.449213940764 288.466121567526 288.733462200582 288.349036545871 288.286801622332 288.513821144549 288.463854228088 288.293543376282
288.314435215934 288.57674634605 288.638358950598 288.639893608587 288.800722938122 288.345229539876 288.490374779231 288.600471095499 288.534305264354 288.516437562894
288.086656932313 288.310415845443 288.26759182984 288.278263510012 288.620697250303 288.199168772391 288.297022065163 288.412417985766 288.375192596613 288.267680293782
287.324359466638 287.578187603803 287.582421466881 287.723013887079 288.114871278562 287.521625422847 287.586246154615 287.627058338575 287.644621795343 287.563865571215
286.642287734314 286.739590072795 286.568111191759 286.916135072441 287.216444664509 286.559024329795 286.777640996838 286.812085464148 286.588306791242 286.60524558932
285.557958993119 285.58874607546 285.600475116821 285.845503374383 286.029564435907 285.576417172403 285.498058931804 285.768052461356 285.688617492695 285.564720417687
284.924118454284 285.144709391826 284.606796504207 285.05516910256 285.175528184224 284.671611460729 284.877313063469 284.816056728176 284.867641847806 284.848894188922
284.412473687837 284.580449330147 284.464907553465 284.659558066996 284.890813037318 284.498234651458 284.568868849171 284.572505160932 284.542209725271 284.333779435504
284.525235702345 284.721691926473 284.564866689174 284.812328154685 285.10130280164 284.763477617812 284.614030240814 284.995340523645 284.849448810502 284.605413318617
285.318139566766 285.636925942693 285.37072591931 285.732570345011 285.723165330849 285.429949632825 285.607505993217 285.686673598284 285.535673005009 285.597824156317
286.444855979672 286.770075138309 286.584407435166 286.868091277885 286.800538012763 286.330174532585 286.759563989035 286.67917473752 286.802951496638 286.621970810389
287.610543256526 287.85069998534 287.699094832585 287.887333550829 288.044915388766 287.574203821545 287.813986307742 287.849348482536 287.920149316656 287.756512411843
288.303798243789 288.539862660368 288.163022590182 288.531925582477 288.538565760422 288.265304038415 288.45532267306 288.400741656316 288.503314696959 288.334280926876
288.26710841376 288.715779890728 288.466758462865 288.791063831617 288.745176801909 288.195494480863 288.45705284025 288.410407096641 288.603573068412 288.390292676807
288.06843195059 288.39802873422 288.319936055201 288.365407673121 288.392206515095 288.078921544633 288.096302803633 288.261116333814 288.407915715164 288.068653799421
287.34939801329 287.895332749192 287.593410700238 287.692161086794 287.67091840447 287.37936741183 287.483377429399 287.461119557158 287.745222449767 287.454999235724
286.551743931515 287.150155933683 286.852162780864 286.95676263092 286.778642296577 286.52912083219 286.616995763826 286.620122005154 286.77083346353 286.644403318972
285.528445109152 286.25462233467 285.809549088587 286.001844234792 285.822668834705 285.663956037941 285.618642910823 285.749197987464 285.812376568794 285.405655567417
284.781790500592 285.248371604535 285.106633717326 285.119557447493 285.071726278931 284.826374520029 284.952160945848 284.766229615738 285.049227789284 284.648820018681
284.436405348024 284.944303618245 284.66470685479 284.854856325296 284.582211312814 284.574628609369 284.634721826224 284.649009325325 284.712310259828 284.330367319501
284.547122855694 285.158784725182 285.028131613251 285.169346971033 284.785235564699 284.846458402033 284.835952741539 284.783708969874 284.783956287317 284.601665952238
285.481541163385 285.935087638028 285.791284374487 285.777867503765 285.54438880826 285.500140305354 285.668398171346 285.589933880397 285.661985656966 285.45330074677
286.512135668446 286.916634633236 286.853568889804 286.854353778029 286.695100364068 286.746877814313 286.632102145023 286.743791186246 286.702573909954 286.644335598425
287.735802356197 288.073266017294 287.930482458572 288.032925938093 287.696605924211 287.943261043282 287.824132008146 287.886350047675 287.925500544159 287.747658334246
288.391778110408 288.77646673812 288.710994238935 288.596694654704 288.263359146632 288.505424749009 288.268689452671 288.508096209197 288.479936657753 288.432437387837
288.411007530786 288.797791480009 288.65130559664 288.567558738931 288.406763958373 288.512535671021 288.54340589745 288.555650480257 288.685595840563 288.60304108961
288.221817740038 288.519842890886 288.403154451574 288.292851297589 288.168872105563 288.297146895233 288.135408341991 288.264293632809 288.407317825722 288.266607751075
287.5154240734 287.721192861769 287.737452781398 287.615081174176 287.451196834517 287.685407954866 287.546808283807 287.586996927413 287.672583270435 287.615135053299
286.674217863221 286.796443912861 286.808562860683 286.694721746371 286.537059903733 286.664341201383 286.581997050579 286.778140770539 286.758114543208 286.729091244855
285.444542685543 285.643900901619 285.769775622043 285.642298608323 285.544375413238 285.584666952006 285.588435167 285.670514763594 285.692164145368 285.706340965547
284.698501407882 284.758326194224 284.696553110372 284.81847734945 284.671485266982 284.674456574643 284.780622426569 284.941878772811 284.924706144289 284.97084659073
284.536403094204 284.552721743101 284.320541816038 284.458049613077 284.216748570092 284.229638959904 284.539211788873 284.677301205801 284.518484131096 284.508974864263
284.609355055677 284.543385870301 284.521437796792 284.567484713406 284.621299054291 284.472720133688 284.572367542751 284.717056038378 284.744177860036 284.687559613292
285.339384200212 285.398157265183 285.313188257571 285.087329114133 285.207010616735 285.206349926844 285.331728126512 285.572259166664 285.302724110864 285.435351343143
286.555931445217 286.583203214748 286.306444550712 286.159651040819 286.33679736316 286.441428151854 286.352265912119 286.742760846969 286.406621075358 286.390220179141
287.608053963848 287.472068229091 287.474433793718 287.430061801861 287.310241310242 287.39090714604 287.548995361867 287.930524931538 287.540694024415 287.489951729128
288.206597807947 287.943594159551 288.009394870618 288.003985956294 287.915259411325 288.093841858506 288.238138989003 288.46800014458 288.250345634895 288.078249265109
288.341064459202 288.186646056555 288.07974098112 288.219363715659 288.202721382496 288.151514346245 288.442688988676 288.613129138847 288.329434955799 288.221665113635
288.072068434826 287.85307374281 287.840170624384 287.879669139242 287.983668943784 287.936896322733 288.012002625913 288.264177649722 287.983513066872 287.872209080919
287.427690717643 287.028118359165 287.131142457914 287.143565039185 287.089369138371 287.314900861807 287.242100159555 287.592720706839 287.408182539144 287.312828370743
286.392759250779 286.160228006523 286.300736758166 286.098018865036 286.326400518064 286.444796923687 286.406900360901 286.815502076479 286.495229423652 286.494428897644
285.355398845953 285.336748591594 285.33805361306 284.98089590158 285.451365479146 285.694271134408 285.412481737945 285.825932870067 285.499477524549 285.471087197244
284.691599362078 284.478672837711 284.461554046007 284.15996813105 284.787184875247 284.791809613385 284.589883030606 285.060452648046 284.716384054236 284.676483025949
284.231095455745 284.196800952903 284.065194257814 283.794560166816 284.50988559766 284.544224517292 284.316548022344 284.881763901723 284.461198072792 284.133911587794
284.481514015398 284.272564565375 284.541664330623 284.128235608396 284.675735596827 284.711457601059 284.373067782969 284.696963339749 284.536699304792 284.265475626161
285.132070797475 285.054416724557 285.122582731541 285.053408348933 285.474679903769 285.262930245281 285.336696306838 285.655111219434 285.426321007023 285.14946403496
286.157627058691 286.212817650118 286.290380330869 286.260714242453 286.613983279038 286.338425516716 286.352152896588 286.719802480966 286.575743612673 286.374130813542
287.455374491609 287.393408938823 287.324301943176 287.384104921994 287.703506016582 287.632817145041 287.508021625067 287.830285645374 287.848705435224 287.578591224395
288.022490675311 288.068700552278 288.105217739937 288.042802984251 288.277212838931 288.176689365535 288.17751757491 288.37306991574 288.226482150782 288.145092127814
288.379571890451 288.083342481543 288.216601937964 288.18403911338 288.44260708735 288.480075776241 288.30108486519 288.595472482294 288.364852370365 288.305443574141
288.239130723218 287.950288273456 288.001299252694 287.874564795349 288.220555788013 288.124990593416 287.991519497551 288.256522657406 288.115368471179 287.841146989183
287.444413566739 287.197984217249 287.30958376769 287.217086005295 287.536847832906 287.470478207936 287.366401971425 287.466198128564 287.423242161784 287.224291223153
286.642533127964 286.396460979335 286.49152358046 286.117129528697 286.54660453387 286.67229314511 286.441576906934 286.580382015083 286.770189168792 286.417907015883
285.404725000106 285.469893636119 285.435072091362 285.181441241659 285.589396846916 285.636055826866 285.377876075941 285.47156638693 285.717961524289 285.580308545487
284.752361875438 284.492493385397 284.682983858419 284.408464531996 284.605654401757 284.880078273903 284.732033498241 284.522377575202 284.826739634279 284.860018140267
284.303616616799 284.414426218928 284.437246655398 284.275957710966 284.374172867471 284.527365599498 284.301198124317 284.27493107633 284.361596118069 284.526622037811
284.539947068305 284.520054847183 284.765024223143 284.630953349573 284.738880884046 284.716364408942 284.447800376621 284.498035876654 284.739361605443 284.521294158818
285.463198733637 285.087739608939 285.596998258735 285.40709420992 285.319500175232 285.346282829159 285.507199837578 285.393058161264 285.552416914853 285.373874345216
286.424858909467 286.245393336412 286.686713866125 286.581720120041 286.460607701191 286.350658280112 286.658486823855 286.428642140079 286.741616944081 286.656544577187
287.672985331654 287.498000891684 287.848432587827 287.58945614832 287.67712244899 287.621585395183 287.67345093738 287.459900158621 287.893660436735 287.802958351753
288.367345227272 287.942029632078 288.402097198413 288.356104103559 288.223753962105 288.154183825608 288.338670053309 288.17464496874 288.489485313034 288.303525787232
288.50387273942 288.228764007212 288.628848659622 288.421315013017 288.221106713063 288.196101491996 288.549361016531 288.43934057514 288.574793873662 288.363086994327
288.262687164869 287.910786960394 288.185623732249 288.280022451808 288.008027275868 287.999282619522 288.295138739794 288.25234184758 288.242914207034 288.143578165524
287.526247964374 287.425542883981 287.522960719925 287.514425659829 287.440568767499 287.373788720003 287.369552461621 287.489604638572 287.536501998154 287.365491983373
286.418892438888 286.618629523669 286.782794957305 286.618866015476 286.591795241828 286.452118518813 286.570115093661 286.633087063802 286.407832182166 286.768674233755
285.472989014959 285.575848031946 285.621954319521 285.741086408003 285.510734102223 285.426413903074 285.674377109621 285.88309071847 285.733181312315 285.868566026453
284.975473500306 284.773117589634 284.668263941437 284.811563352766 284.766084159375 284.589488372654 284.678800806945 285.035468178074 284.75269826092 285.001337866453
284.446077665033 284.291071869443 284.49206107389 284.651085608188 284.359769764508 284.218369177067 284.43125190848 284.668887442505 284.287680911184 284.848660285445
284.630256714324 284.733849046681 284.645867617606 284.90774755503 284.698425237651 284.556111676135 284.729914730276 284.970255634809 284.618490899044 284.901401825739
285.366693872327 285.463728356781 285.417215696995 285.447083437113 285.255452251453 285.307634875974 285.546852510922 285.4109670477 285.469084946479 285.543901452345
286.495201384472 286.416282378746 286.597945686607 286.66536021188 286.431375772561 286.446787369033 286.630171065654 286.771844648926 286.469600549199 286.581249220036
287.798414845643 287.69552472071 287.665678304022 287.723795188062 287.647630510031 287.560136785579 287.746723816205 287.796727414456 287.676774430961 287.758376747826
288.276176425285 288.249643797221 288.305330335774 288.28157526993 288.220728432915 288.282042017901 288.396286319095 288.399547239713 288.314477670715 288.337407927645
288.530529629953 288.471373862415 288.420348334981 288.391465445943 288.292248283122 288.414378173854 288.452770299768 288.532315405772 288.510561590279 288.548216317289
288.320402727244 288.245207178154 288.08453339198 288.10614189784 288.011672626489 288.068436258614 288.258670927403 288.238227701867 288.216646680531 288.410168073118
287.61790319549 287.43056612418 287.483956074198 287.437020820176 287.242764525723 287.269047866341 287.676599858253 287.475985623244 287.512071795753 287.583614173821
286.923305821243 286.493418944021 286.633504000169 286.570895535686 286.484109657 286.578479380031 286.736430305535 286.660477049572 286.731101245553 286.582299820531
285.875530536952 285.618665020101 285.769047997954 285.667796723911 285.399629222972 285.726382467315 285.62024879298 285.717258652248 285.859779025061 285.712803574118
285.123621162136 284.791573611264 284.840631756156 284.935439680735 284.695820798543 285.011053418943 284.887786783839 284.986983343381 284.749500744541 284.801619535772
284.731449756512 284.480096110637 284.7423289778 284.411566607544 284.391249792217 284.596872995149 284.632633896001 284.7151276685 284.508361477411 284.275347941045
285.160204527549 284.904775292222 285.029581145032 284.750524461057 284.604942822891 284.892292932546 284.91418857673 284.722017175108 284.769772949007 284.665055807086
285.923662929608 285.628889514428 285.760332872579 285.360103077122 285.483059260055 285.590974903007 285.575044866559 285.413496705683 285.682717612798 285.660604400388
286.864499782017 286.730056281436 286.777828914058 286.687495027278 286.550599040926 286.698258596374 286.662774458274 286.582907098021 286.59442793267 286.556227241635
287.903609602187 288.031762296701 287.832249628333 287.750575215618 287.76336693744 287.92782305541 288.038116605603 287.560517908068 287.82218683415 287.665442638398
288.411593143631 288.492674600652 288.403856943953 288.276793762813 288.271777162913 288.440803333117 288.664959910211 288.219335454167 288.447060328554 288.324154573374
288.610708157301 288.496849382905 288.502044934755 288.348486508265 288.449064141366 288.585580892754 288.622091169875 288.416942930145 288.591652754927 288.424611489762
288.427969835344 288.212142871798 288.19826198605 288.143861176048 288.150544284058 288.430232231467 288.456500602583 288.176869908905 288.372824907029 288.133753967742
287.788888565292 287.671318157896 287.608179453714 287.49965372918 287.582303998847 287.73453257548 287.717243153055 287.415061015785 287.62071931507 287.454919589729
286.833899966971 286.766747604226 286.854034651892 286.767871073803 286.84728635992 286.926505848339 286.951568386394 286.480614566072 286.676883203482 286.695566371318
285.752867818207 285.965552083823 285.752609576935 285.763012847793 285.918856519846 285.804878688838 285.838522642283 285.473939220443 285.536784940204 285.555686610526
284.871915744709 284.94947331739 285.00365279834 285.041014689683 285.060399755867 285.034404418993 285.007774708539 284.858714248355 284.697976234441 284.764283472328
284.682981243541 284.497237880426 284.652435907354 284.647002965803 284.738223675281 284.896103611277 284.805642093503 284.401963530062 284.621867881886 284.431385429936
284.92413955124 284.95305145686 284.896813559108 284.986714296316 284.959241800106 284.891518890375 285.065129433784 284.429689235295 284.886004518799 284.447203694424
285.755493815339 285.730087109049 285.570976220052 285.677194500798 285.961886739447 285.491513415944 285.80825580869 285.408360295556 285.666784078988 285.316046176014
286.761732244916 286.674735830462 286.896230827213 286.718860220136 286.896487766933 286.418957330291 286.858465816671 286.39629668745 286.662393421196 286.564366837441
287.89214413319 287.810877448396 288.085098005367 287.852287869941 287.99302733728 287.648555249002 287.932049400813 287.58065244772 287.821850190149 287.85576199209
288.389742543932 288.487673065409 288.59957443283 288.521114349999 288.460423490572 288.326694511162 288.525392475402 288.214735692077 288.49065492051 288.261880519817
288.558267960461 288.535948844753 288.718857622868 288.518911939928 288.638004654409 288.454825762227 288.599623748379 288.386090896051 288.628359415411 288.340090784966
288.278190234352 288.464430237478 288.53105179857 288.299133763589 288.365296622575 288.132676699707 288.387669242011 288.277449733673 288.161062708461 288.238497792892
287.648573062813 287.655338842065 287.770588955572 287.485675671421 287.611427532068 287.545040831593 287.773737774382 287.521696601704 287.714715091162 287.583501280006
286.975557169289 286.839336176143 286.795575866425 286.705554817181 286.910085203467 286.574356027571 286.939967826362 286.663141820208 286.847934415749 286.62404549747
286.033481011311 285.901256477156 285.933033397631 285.781376076985 285.93573179807 285.556078416458 285.903670820449 285.858443816531 285.744188678437 285.601234305218
285.106737907348 285.118418768003 285.235244896163 285.036902454674 284.840724932983 284.873474486911 284.966669330471 284.946355463126 284.896821343555 284.857898144071
284.765647860953 284.740359796444 284.967740190273 284.647352297578 284.750661537305 284.587388020584 284.923323143004 284.559623357609 284.59988331506 284.607713257476
285.013081136278 285.001326580574 285.041979823323 284.900029568073 284.829160967761 284.779508452387 285.080490313492 284.840539341435 284.737189379192 284.728647437656
285.783430151099 285.514669233059 285.748629142488 285.553338800951 285.853169456927 285.594606906965 285.767932758945 285.56997687207 285.490483482805 285.507639771055
286.888746376114 286.726004555245 286.822728487397 286.617885059881 286.941656028838 286.603122277039 286.857059397326 286.641426923183 286.673933092553 286.728089926503
287.977869955053 287.754732676142 287.928850843429 287.649809217813 288.144376604307 287.811029850085 288.016064696292 287.680648426075 287.956792967522 287.903174760742
288.501802334853 288.44641097077 288.540792251601 288.208806701327 288.667141806362 288.247492869859 288.569463894438 288.458253041962 288.60183174648 288.422921231215
288.533369756529 288.480702003115 288.800474312093 288.459622139797 288.825829886438 288.420754853582 288.647830460028 288.57974735772 288.808116648622 288.574860807972
288.258266490523 288.271892231072 288.421324275568 288.216192622327 288.381455674529 288.23376893661 288.237859626865 288.446611180774 288.432581074831 288.448571564749
287.658747548011 287.575921352661 287.699045377235 287.651076735885 287.767540716602 287.482986262949 287.687781819213 287.810102555027 287.630364830842 287.783305048093
286.757640393142 286.770434708487 286.940604795283 286.537739681352 287.140993934059 286.70951034956 286.998293969309 287.01438299811 287.010334636414 286.924223213394
285.893641932881 285.863905405893 286.100026400943 285.736226047329 286.242833031002 285.659184168144 285.98767797743 286.101805676713 285.865559393584 285.922868244238
284.967397400679 285.014846398999 285.043755875592 284.832883925724 285.313782566399 284.877012382969 284.993225480369 284.948853821929 285.106127412629 285.216195195794
284.702350009502 284.632515869592 284.821651421257 284.43625057841 284.856813273483 284.390189229585 284.823319324397 284.648975587602 284.706687670027 284.861344357764
284.982760518621 284.939310552356 284.992175609475 284.842398806849 285.138502217239 284.702790157401 284.9985026097 284.935611524915 284.953347117547 285.126778012037
285.760593445583 285.744793395178 285.826067955475 285.74382500542 285.945446709157 285.414618140858 285.662365312033 285.790962133437 285.797432212787 285.661698127737
286.782655511164 286.836350240777 286.781408659926 286.83137284477 287.20135051646 286.642493710272 286.882513793903 286.941096734153 287.04601497384 286.665570933661
287.954830542249 288.003965279445 287.916131855994 287.967619994343 288.075441448561 287.725959665547 287.796596184784 287.991296274944 288.279558517596 288.010567737658
288.545922839315 288.615085191668 288.649401648419 288.464561911246 288.722575035694 288.31214055938 288.683450158375 288.495680044818 288.696894694842 288.623913824164
288.714717049445 288.685772420317 288.816008719304 288.55604930642 288.836698106016 288.409234302532 288.560149047446 288.727167790229 288.804728927551 288.625288239639
288.548888289824 288.450928050232 288.567798389144 288.473665139171 288.581852898331 288.240895978592 288.336071650206 288.563794636623 288.52397405786 288.46230109812
287.943435708379 287.749769978776 288.027152240863 287.750325070427 287.735954656124 287.629539943289 287.66824010621 287.991966936302 287.731837859568 287.778718539215
287.118578319285 286.88283677251 287.230584639213 286.881444061901 286.90946038107 286.878268505021 286.648646582558 287.174033714679 286.888875199547 287.003224161115
286.531593015732 285.858801726778 286.197451004359 286.008507369323 286.130671162442 285.769327738589 285.785597587466 286.231271229487 286.070392570219 285.963125056731
285.51875516646 285.091506755921 285.327346362159 285.286122148576 285.199185403843 285.114336645726 284.904495889433 285.315502682422 285.165635285512 285.123457139199
285.155546939257 284.915560798932 285.08049246095 284.982184498395 284.94433404442 284.849673544921 284.567518334884 284.915407079447 284.981454171754 284.806210612572
285.404766540426 285.089935979863 285.617863654512 285.318144596141 285.036513262663 285.073466401353 284.918310693743 285.211943783486 285.297222084245 285.057875676521
285.928204529774 285.946868523701 286.123932798752 286.158999830942 285.891588097232 285.80896965297 285.679826632674 286.066777201629 285.959120215574 285.888981083548
287.017470740401 286.995940490281 287.001404499798 287.070422213643 286.853914551927 286.945743447995 286.8321550196 287.164401259521 287.046756968817 286.991222444368
287.957802266356 288.065321030317 288.129728488101 288.220607939818 288.010600348216 287.971302832322 287.849398128424 288.2874383709 288.15864486485 288.086366407976
288.693814821968 288.633562041494 288.646805398005 288.7743653939 288.672749780152 288.723805658813 288.509576942557 289.000888100752 288.825506987503 288.690499167299
288.882229002437 288.80151849837 288.845879514109 288.644547164989 288.641787615026 288.833746532762 288.625688464009 288.898640382153 288.855326563309 288.779767366692
288.59389800917 288.514433630394 288.458744698965 288.438392424655 288.487120134903 288.519804089079 288.287698395675 288.625720970334 288.688360638396 288.56689762444
288.000111193813 287.934538973913 287.695947885771 287.780578713648 287.860797968734 287.896498520231 287.625071575361 287.88445104625 288.149492357077 288.025911179205
287.079344093933 287.130810586575 286.893580232119 286.71857027769 286.792840616891 287.144702033938 286.810816022536 286.988792398308 287.269460310937 287.309838985976
286.168906649681 286.329273627114 285.894071937261 285.714949865528 286.005169798242 286.104649560329 285.725642724887 286.157112948344 286.378682872682 286.281432224545
285.239513588981 285.404132116191 284.952611279957 284.864482584043 285.108899645435 285.356607307014 285.125171572884 285.183628751355 285.687860602628 285.284233273478
284.850138475541 284.793972673905 284.756679098245 284.771256611662 284.747448993877 285.024307932621 284.729414415771 284.838152387517 285.33856942972 284.992472539478
285.162378392705 285.234497037898 285.162538962478 284.891301582784 285.038475696262 285.074296736506 285.071656373841 285.036918328994 285.666802008486 284.980595871825
285.92499156437 286.187532904439 285.703522699376 285.639617869318 285.936910142868 285.996849888491 285.696357209024 285.907942164602 286.3425631571 285.835438947369
286.893195367111 287.370441615939 286.911962476672 286.86775213305 286.952484714064 287.152228903662 286.983478679779 286.818812123504 287.372581334009 286.921841879419
288.070717066557 288.243914718575 288.115176558111 287.996770812267 288.079640708391 288.278020416119 288.060047428312 287.919060347696 288.371507014185 288.054005609665
288.7068356306 288.904183306234 288.738594740901 288.561586546042 288.640335689535 288.660767294292 288.666468521237 288.671401035713 288.870339129085 288.576149065455
288.975574788658 289.024315305352 288.931056180374 288.612810688967 288.751626070784 288.881672298051 288.684130869394 288.726571541834 288.934083089962 288.740168169378
288.794786445621 288.62735956593 288.55943059526 288.440883344957 288.46571951253 288.630330429785 288.372662034548 288.411396551607 288.71784288252 288.473332274584
288.103003478864 287.882729587233 287.900658312658 287.946964520522 287.695160335713 287.79342849773 287.632463838244 287.834848182484 287.919306509495 287.824223636533
287.357979012422 286.985952447498 287.078791400698 287.146381127577 286.97798109062 286.94421275933 286.864694837735 286.877873165947 287.022771924492 286.928523483826
286.374813406369 286.055778747137 286.04711083259 285.974793885269 286.077965828636 286.06027865988 286.244704473809 285.963521366853 286.144567408239 286.077469233438
285.582513477557 285.170029074051 285.21970517183 285.221150045068 285.202560869965 285.06221377633 285.30593078229 285.028843355373 285.178934488008 285.180403695144
285.41517069559 284.663557829406 285.016855280266 284.768769197174 284.941387121297 284.836636596737 284.899697123239 284.845221338295 284.639907816583 284.860629045898
285.570920075366 284.966022003581 284.984310398151 285.077075446967 285.052710541046 285.029390431375 285.130552512033 284.938555144563 284.899231522778 285.358898118675
286.153143212719 285.79787290581 285.870471585995 285.924654891643 286.026859056679 285.794363145958 285.955596809557 285.867610881902 285.880423094195 285.902556666281
287.17186903429 287.049640733123 287.004434156479 286.998666278794 287.08417127828 287.061025972234 286.95335144504 287.060959835778 287.081536720232 287.135734227376
288.316551955413 288.010361930223 288.008566114852 288.143549662008 288.234667972687 288.182475264192 288.174316029986 288.093726288401 288.122142196816 288.227023211876
288.965555967957 288.633221637591 288.652755053305 288.687110521756 288.90636971152 288.809899921827 288.799284015583 288.682348597694 288.718393955977 288.88451313977
289.118008535122 288.682825321421 288.63682721479 288.761935912653 289.041148322584 288.884550890809 288.897979553475 288.8173947301 288.772370228803 288.78430747889
288.727952132906 288.422490521988 288.337215599587 288.565060656208 288.810683245089 288.63713199169 288.74074998245 288.554751927378 288.556304832069 288.690982723205
288.045104246777 287.768030970357 287.681233614253 287.935629124721 288.050716249441 287.842768176717 288.174620373769 287.74288431859 287.882495210212 288.054066927001
287.237067212 286.790287313871 286.914617710353 287.179858494068 287.043340515368 286.868185330209 287.386493347834 287.026156387346 286.934610255029 287.092264399634
286.130959213766 285.902371619476 286.062799643436 286.181860623492 286.130707948698 286.010547086783 286.421616740775 286.262525175101 285.963152044639 285.988616723845
285.462497502171 285.040549855901 285.07920436566 285.353990030977 285.229953636022 285.216242594786 285.502426494533 285.420707517281 285.152101712769 285.354871501961
285.113841918141 284.641297801452 284.7944256373 285.110563343085 285.01790259552 284.744363276198 285.162826290288 284.989555144001 284.824091413382 284.854686379006
285.463673556776 284.963176635647 285.053304501571 285.278247992693 285.233437381421 285.057404476586 285.417248844301 285.341492102759 285.317433380747 285.237160075114
285.943301895532 285.628010288784 285.730137225861 286.185873561276 285.993451967902 285.792242619558 286.293474607832 286.085914084878 285.946728402458 285.899036417604
286.99180441065 286.714375143491 286.735603063482 287.175805330918 287.136598022508 286.959193605301 287.344141224012 287.069961934677 287.081081106607 287.154957229539
288.159698050626 287.903029242869 288.056858456404 288.392970674118 288.22355013066 288.17730632168 288.473943938935 288.194191777145 288.048036747882 288.136018766117
288.50152157026 288.617279030884 288.539750092962 288.801548674738 288.78797743576 288.7685682665 288.950934985586 288.904863903382 288.657434191059 288.66075262665
288.779693805182 288.716296899277 288.766916102097 288.974730081718 288.923221809331 288.800938654925 289.135728771465 288.912386672993 288.84607332929 288.868917475085
288.508729510964 288.463888181276 288.417727186358 288.587381605829 288.883545266432 288.570081754448 288.901395791899 288.46943928659 288.663206425394 288.568805712568
287.931645671582 287.787221248192 287.872609256838 288.012235633758 287.991515172355 287.919925605015 288.20833249674 287.84639878298 287.8742642074 287.76060121566
287.11971658419 287.007165427018 287.034196341868 287.244298534842 286.985326134108 287.242876344804 287.427081516792 287.082680370148 287.08089417479 287.014344455363
286.002990214839 285.961513245201 285.985433355249 285.954717433418 286.029150682394 286.183072009217 286.529154604241 286.154254087485 286.138614114382 285.976219226049
285.293979540114 285.349226013763 285.120290390686 285.004907819455 285.134974188644 285.435064685232 285.638117506125 285.309682284268 285.343182860988 285.102500965058
284.846884148125 284.910151884884 284.90516957598 284.736397010096 284.737463371249 285.113917216928 285.187415300479 285.090827594049 284.780551758057 284.628130080928
285.21279309917 284.959052924148 285.142208032091 285.061910455342 285.058596226708 285.257005433101 285.34014483903 285.0867392853 285.436752119639 284.946888089381
285.952215616224 285.910755828195 285.639018007637 285.935006983714 285.927959470736 286.029563690855 286.218208904109 285.956671869599 286.119420422249 285.778549782899
286.981409822606 286.880942563456 286.852760625504 286.885327895678 287.003095013098 287.023215594709 287.259300287474 287.225112727373 287.115673456042 286.864485181527
288.287768063951 287.969773518033 288.087280818552 288.116258407452 288.159328526341 288.207292979263 288.389392174158 288.422762691614 288.201455950644 288.096977187922
288.853946498694 288.563181132544 288.705775659598 288.690067612491 288.851018910295 288.786517869578 288.828696321065 288.927606688117 288.730793065529 288.571215762443
288.894711658203 288.834561872651 288.896876551664 288.805832189247 289.095115877991 288.996510519897 288.990049483915 288.988623037637 288.852673429854 288.839703368932
288.786199881048 288.701178643544 288.633851370081 288.636911963652 288.848546046789 288.564317529233 288.706373729858 288.762908816826 288.514356192126 288.451402891388
288.072084332802 287.877225408459 287.943290272769 287.91281226448 288.082127399619 287.812734752088 287.955761088859 288.066951918138 287.98754539188 287.826373641065
287.207992513811 287.117184756053 287.043858115279 287.202649643728 287.227519220497 287.054006533614 287.016321536353 287.371915835235 287.130891800108 286.792508776536
286.34738384332 286.139337918598 286.092401261099 286.138071258417 286.410201757428 285.866422300461 286.112453056123 286.342949641377 286.255619515345 286.055233110765
285.438766250645 285.357545784137 285.34275566408 285.202587484688 285.596135338152 285.197830267485 285.273271034598 285.419755531607 285.363214129216 285.167451109183
285.124836869617 284.915773088462 284.828070802846 284.964961805531 285.296107561235 285.174165507643 284.817862351213 285.014935557573 285.036016263542 284.713692261337
285.320273830703 285.433293611461 285.104364389918 285.098183086148 285.463367183635 285.266430253338 285.077349692799 285.32765626849 285.265086604874 284.875268073655
286.168220800064 286.142052513541 286.019833186904 285.838759152661 286.284827560092 285.960196656032 285.789776684504 286.039187957855 285.96948256646 285.737318885292
286.960979277953 287.077550312682 287.026909485418 287.093375174561 287.403726841278 287.075677081921 286.837104684652 287.071332674776 286.947995171104 286.97253378386
288.113143590238 288.175049774896 288.235412120389 288.178255242506 288.44118417514 288.167149830114 288.00667799386 288.203524687351 288.213161823695 287.913159733538
288.763548127677 288.876142845901 288.712960537878 288.77324378694 289.064798593816 288.819666416876 288.538205214349 288.74669138878 288.715151517607 288.68241813354
288.934710582228 288.995136581959 289.05292358555 288.907822114772 289.145985618588 288.912337889232 288.821928058923 288.889207365042 288.848862844359 288.881568812251
288.690161647684 288.781718148433 288.715244778887 288.635270747197 288.723990936808 288.610999126914 288.624409539632 288.699372782644 288.622862426387 288.651093087703
287.968456859388 288.059725720593 288.032996591445 287.932974053328 288.00879735598 287.967775041864 287.856959091114 287.931963914223 287.823623185608 287.878412649855
287.223341426916 287.161611144801 287.196092848151 287.335289650456 287.208136347443 287.134823945496 286.804752259008 287.081821785882 286.98758001588 286.996536100033
286.18525606558 286.37612771592 286.055169950236 286.362872701033 286.238804583124 286.282772348627 286.02928517213 286.201148560524 286.112704129107 286.037097794956
285.284211670786 285.511312040819 285.386521090422 285.703549272386 285.170924138391 285.252760986015 285.095740664279 285.137568108132 285.382457425079 285.356568519584
284.995639243536 285.03008968855 285.092726608877 285.401058106246 284.853980988741 284.978976074721 284.791802436214 284.752298307661 284.822860976268 285.228219053226
285.335888207077 285.333192258519 285.279504084193 285.780674875324 285.113853640353 285.356032363942 285.014396248892 285.177006712055 284.968434671968 285.498073301871
286.042354184011 285.981469097658 285.954221239739 286.242408936426 285.834405051884 286.203478857347 286.017152767397 285.871404823479 285.963958462054 286.191544407148
287.048226916001 287.042713641767 286.997700403269 287.360607742568 286.950675504092 287.202087225683 287.057368670867 286.752207674429 287.030509031206 287.248523452893
288.136744678976 288.228343742746 288.125536234962 288.436995550042 288.138991897344 288.43337500522 288.371431812985 287.942202745707 288.163133652184 288.436117384305
288.698363596366 288.824522594295 288.801623592961 289.029020839468 288.726525104873 288.92258069842 288.815080960858 288.57745890122 288.737155876788 288.986240837221
288.799854363004 288.931960993426 288.893836076822 289.239780770099 288.836932031728 289.003766500351 288.990669480861 288.745029667348 288.895893901286 288.967213866773
288.570948531531 288.63405640742 288.532773628013 288.682911799766 288.528378449544 288.738425448654 288.811173930826 288.411349618592 288.700409191443 288.731299371585
287.883043560058 288.005930446883 287.92645430108 287.792281930278 287.765899727874 288.186778349153 288.182754175541 287.739331396317 287.962183769111 288.00076415502
286.991141263406 287.100375496595 287.233221437248 286.924781092716 287.026863686048 287.296664950439 287.302493402195 286.965477680089 287.013813251413 287.287925121694
286.02853387296 285.942297265432 286.34918335285 285.963263217056 286.118290026062 286.151369435126 286.264573333611 286.043305191783 285.98732780235 286.209827842092
285.187628084734 285.165266681666 285.50637535088 285.234267103742 285.16783140445 285.246682360026 285.517641828447 285.197432478553 285.23253702564 285.41071391129
284.795295338455 284.841375495952 285.095588110109 284.755798228588 285.000640117321 285.051413714743 285.407671493263 284.894722262955 284.8569323382 285.059018017982
285.141476106935 284.997057853024 285.292063128094 285.216385530434 285.176541948999 285.050625952192 285.455688621702 285.299019468505 285.273125947389 285.105945101858
285.888858731768 285.777632532113 286.179258922351 285.947570827091 285.977345285867 285.831865346865 286.088342932667 285.797587265204 285.896758326964 286.133131859486
287.049346809099 286.937629667512 287.383017926779 286.664955518182 287.186111729549 287.056599636621 287.251336756376 287.033502692772 287.081252900768 287.208641594966
288.145791159726 288.201935067408 288.404048741464 288.046055399105 288.284960672592 288.191953676875 288.374329895833 288.178963181989 288.167673863015 288.148033202505
288.627476972085 288.720805107348 288.989322885029 288.781257835122 288.785769882408 288.745889537542 289.039782218814 288.867895370043 288.711372796686 288.773540457503
288.829200117919 288.746656779241 289.086169025933 288.930543465459 288.943518626815 289.016309263976 289.116449255093 288.885550895123 288.974732954729 288.916471438929
288.701008170984 288.451985265068 288.706006450787 288.56755934047 288.802842029986 288.670135254185 288.796727988186 288.758533996408 288.712048243193 288.600695804432
287.918769200359 287.80401288308 288.123917640231 287.901805390323 288.254906273168 287.850979382296 288.074027342899 288.145516727511 287.922520875687 287.962060019715
287.089862217885 286.927897609839 287.232365517102 287.237103421811 287.53681713326 286.816053101549 287.279300836816 287.376195666495 287.152304353745 286.867804284323
286.079782072155 285.964407507473 286.385988425589 286.239457712009 286.493742978088 285.959629609613 286.271966683551 286.419837273651 286.034979904424 285.949963925079
285.308194314224 285.105278212583 285.56406503414 285.465845471528 285.564520251166 285.032643753031 285.486771940918 285.412774960537 285.240500328062 285.148019843949
284.956692032307 284.98568530872 285.325070888298 285.166882596774 285.123959845278 284.712260240628 285.086596415071 285.12794133525 284.921506889658 284.817105855623
285.153795866849 285.078651484911 285.363999211857 285.29827015125 285.406638547997 285.16469634141 285.382468230515 285.148592043735 285.033216765648 285.1194603016
285.970144467645 285.882401245064 286.01717157456 286.233109774918 286.16799859845 286.075569352474 286.055169852799 286.138316489759 285.82882871163 285.94182086654
287.093761518819 287.145939117798 287.078757278473 287.29839828894 287.035679836638 286.898525994408 287.023532088402 287.119978024952 287.175675036313 287.046918084938
288.340093066527 288.129724888342 288.167249018786 288.3916477171 288.381167425538 287.93446972827 288.102854288822 288.397605917211 288.287098719571 288.084111191849
288.801434294546 288.662242968927 288.743138733172 288.984654253243 289.086667750535 288.45204924735 288.812357704834 288.899842993456 288.818932029348 288.807088275616
289.015602382198 288.915568945771 288.872473588078 288.967911660598 289.174159151008 288.62282572555 288.992445714921 289.059045655562 288.896321598358 288.879661946716
288.86752979303 288.656906807536 288.539168664527 288.677926610062 288.878667390268 288.516595885409 288.772938112314 288.806538478421 288.640656959398 288.579457123596
288.102763882494 287.84548954854 287.802581443755 287.981322674295 288.077220107722 287.904870396818 287.947411342192 288.12049742374 287.989816524243 287.890705182317
287.360576043814 287.005394038756 287.100159670663 287.182062989865 287.295803140423 286.933400299769 287.255470234496 287.276780056071 287.2471284311 287.153735021571
286.314466775426 286.077613679067 286.254703929185 286.317888098494 286.289766459024 285.829397448998 286.412630194569 286.017203779119 286.152491116005 286.325902987319
285.483856806596 285.02238772592 285.338761194085 285.523270696321 285.426153374541 285.11204794609 285.463696538067 285.160255328027 285.162539901695 285.44654757104
285.085943034122 284.766921849645 285.086316598743 285.210837005647 285.150712604102 284.860157073649 285.269995413507 284.961620728492 285.04444377921 285.221190190811
285.48253829335 285.095508325764 285.385734883312 285.401695777133 285.300825788242 285.173592912045 285.546561518463 285.106532419505 285.329025816902 285.218661648939
286.069692837872 285.755124430774 285.974816552072 286.090397921688 286.124376471659 285.990242959848 286.234609371485 285.797285600309 286.126126970785 285.942005245903
287.208614719108 287.119768214575 287.113617721437 287.234801976764 287.249712084493 286.994164639177 287.151152768993 286.858600381229 287.281509044363 287.11940082062
288.22771145619 288.171106684486 288.131167662862 288.219460856869 288.327117207754 288.20137670244 288.231721253979 288.014876256154 288.281040514272 288.300268560549
288.74887007821 288.889323576291 288.76316483209 288.954521019154 289.092652540328 288.772230014454 288.841705072873 288.53563362865 288.88356176034 288.867404562542
288.931164451132 288.933502126016 288.966167865433 289.045861911597 289.242321565102 289.00468816178 288.936427792898 288.89761676884 289.065250152364 288.919200279533
288.693646100069 288.617171973656 288.641505727629 288.760796771652 289.001287957812 288.783591493924 288.795162609046 288.525556107692 288.771488886336 288.737030929121
288.116033871982 287.978932803951 288.10689924409 288.20825053504 288.493798415555 288.153821798709 288.244943200783 287.825377009322 288.299304701256 287.932540290134
287.272088371495 287.12306127165 287.325805301573 287.37626908756 287.628948539216 287.233341398806 287.447147806974 287.05888032768 287.358697887085 287.220750110177
286.340262079725 286.201230519852 286.238189245493 286.345858770426 286.507763757242 286.419048675446 286.515738069128 286.195975113329 286.191198343815 286.283960638893
285.612389386009 285.338532933926 285.47152537461 285.500373118468 285.591092161938 285.647165770683 285.567408296178 285.189319977922 285.562209830528 285.265401858096
285.038119124898 284.946496228754 285.085201021685 285.0255595026 285.42402693792 285.226211567265 285.335481348834 284.842055494475 285.14898077307 284.991627295055
285.373283035975 285.279677853174 285.354109248701 285.242454563332 285.529859536558 285.403410296471 285.438699511015 285.365520992849 285.33765814313 285.327857766072
286.086654565798 286.07126425051 286.269755801885 286.031551370338 286.407159584095 286.125765254317 286.233819904079 286.0204787307 286.112164542818 285.944015504551
287.125037283555 287.129899711391 287.136813698545 287.308570719379 287.286806857981 287.134082829171 287.25296162913 287.155469303142 287.245525545424 286.975607548802
288.165230865543 288.306671522717 288.402835106087 288.37969423147 288.523201455249 288.11958698967 288.498316432283 288.309536316996 288.266510876645 288.212900355905
288.801338390802 288.795079855601 288.938103755534 288.842420057083 288.872910527209 288.600403103294 289.0153199682 288.984239491219 288.844568080684 288.725679657836
288.937863854057 289.131501877554 289.038124618423 288.817836811078 288.96147340053 288.747464426485 289.073392487164 289.095023957756 288.97338656744 288.836350033722
288.760377294566 288.799506871464 288.684779152834 288.474289108843 288.544581745509 288.703028225883 288.806493083031 288.92279305618 288.806397952779 288.732596015006
288.04849880156 288.096046736043 287.93427562324 287.811269084257 287.80571431464 287.946913630555 288.126815821952 288.24591552968 288.103153225433 287.818448963908
287.224838401799 287.459652202176 287.157042701798 286.927077666095 287.045145279697 286.949415076691 287.319095980407 287.380266374498 287.230168438498 287.072353085313
286.502425703368 286.46100870309 286.1611022972 286.007189198123 286.004258962689 285.983469893683 286.248278832949 286.325592751439 286.243953897211 286.221762676286
285.665253752795 285.469342017137 285.482739919952 285.09264733356 285.288674484274 285.092148561127 285.27380910006 285.630404332115 285.450507365253 285.18150245992
