287.005701664498 287.013380228445 287.002062929159 287.017044305331 287.044971006498 287.013512786764 287.026489827893 287.028419334395 286.987924692563 287.012844463482
288.446013261622 288.506719242946 288.500960555281 288.468662915954 288.488263131439 288.414605313383 288.503484467564 288.51352086462 288.420288127437 288.450975088744
289.208040915874 289.355335642357 289.316302917117 289.277883898702 289.424249750581 289.162109996771 289.334462906273 289.299664563608 289.36437941955 289.162921464693
289.172110013711 289.237944677129 289.1394894508 289.263926217227 289.435620906356 289.101975315989 289.255744768401 289.174981948996 289.309523166692 289.265726640281
288.342763947992 288.288107177818 288.341800242449 288.483891500029 288.56278666127 288.374226744154 288.438039997947 288.359284526406 288.491880295701 288.486406365749
287.289239367242 286.99806369785 287.022098903192 287.327942593191 287.228236050945 286.94908060341 287.15544757976 287.02998450693 287.233063063666 287.310756610917
285.598184220471 285.608446318935 285.681312340841 285.817968457826 285.877058387285 285.590745482572 285.593663385997 285.527167342507 285.613442690964 285.707549342451
284.414776002832 284.324983889893 284.148173762114 284.440586740195 284.559962267291 284.32201680853 284.271778676807 284.247689550857 284.222458515059 284.601995036333
283.508047387149 283.562854616875 283.277924751968 283.491819177564 283.550074097765 283.18274097272 283.188880928117 283.232585232179 283.267892117029 283.705233260282
283.087507733249 283.081144703213 283.072789742187 283.080117714802 283.311884740316 283.099312575456 282.695994938587 283.36276982945 283.094769015623 283.399604273004
283.78308429672 283.382001766466 283.62189561582 283.925130276096 283.85337796292 283.42521361776 283.452440117813 283.724104231902 283.69755345812 283.671628389553
285.118971504947 284.786671177115 285.191843496803 285.563392255693 285.252788786094 284.735816662993 284.905520278477 285.027733372742 285.111543085285 285.043964775632
286.887629614244 287.002579158484 287.173194761688 287.260671494265 287.135541582192 286.792329723067 286.982769750569 286.998353954101 286.960868904686 286.893306558114
288.387596076096 288.382838677832 288.657439243012 288.806351877008 288.503984346541 288.374151256896 288.338024863528 288.362507604422 288.332673948224 288.382113527723
289.282843831221 289.261402816167 289.336566420362 289.73587376071 289.239789226338 289.281230654511 289.212384822867 289.260373206558 289.165392010732 289.26135413547
289.2376981584 289.188148568435 289.230697435864 289.569897963445 289.151027287627 289.297740523021 289.061581928005 289.163584500603 288.982010075884 289.043770884237
288.301192855928 288.335395636204 288.271515807791 288.784731281555 288.35710575627 288.241205667999 288.116991762634 288.212219513956 288.207326387231 288.135737649033
286.987041980211 287.026631810127 286.904287518067 287.41216738506 287.049554983762 286.995705256015 286.877601397828 286.917553065555 286.849573422058 287.002140729611
285.493151508484 285.742301734437 285.508593267484 285.924617445406 285.725126417641 285.597298118346 285.588293718689 285.693926937385 285.350339081703 285.541199149241
283.92927187729 284.054377719781 284.279094547574 284.655276583549 284.138435154091 284.207407624992 284.230321700546 284.398450887555 284.122122997613 284.406707196315
283.324769690698 283.149682708498 283.364611793178 283.613376484893 283.390589960844 283.250791375338 283.510197156941 283.348345543858 283.375874755218 283.54384307668
283.16524478461 282.845700325531 282.928601581627 283.366550600925 283.280732490079 283.13202017566 282.922939097116 283.02029833891 282.890244919537 283.407847877807
283.268605732463 283.489589442611 283.227269448984 283.783258540896 283.602705206297 283.321390372241 283.348747046998 283.386018268184 283.49062313212 283.679191261079
284.621027840456 285.236072950656 284.83946545102 285.090836478202 284.949432423469 285.161683449856 284.849952042577 284.735310990163 284.914237483143 285.294557937439
286.691117166435 287.028037932552 286.817082948238 286.808644866786 286.741315731228 287.087692730565 286.654134012379 286.991746813878 286.92343379373 287.252454259043
288.04282420847 288.684156841241 288.304688172104 288.304675928588 288.37848082244 288.519551256945 288.168709000107 288.38541870905 288.448450779557 288.790209449187
288.87394857042 289.474669534767 289.068838299978 289.138713059259 289.146057581323 289.386364162949 289.11435225513 289.303777788824 289.170644226611 289.61087823684
288.826884006362 289.362238266911 288.961327573706 289.052060877694 289.03645526739 289.258517701868 289.128646261515 289.078670014031 289.130052071625 289.528988095938
288.079116055313 288.177911628396 288.144815884155 288.23660138279 288.179664603279 288.408277354253 288.19821478728 288.51513110756 288.389706533954 288.752224714251
286.690560407973 286.936847906269 286.867276713087 286.80534412886 287.035013447388 287.068459715021 286.815174802726 287.29422970357 287.175140433467 287.399724653991
285.244302791752 285.657866323266 285.245979473188 285.506913082798 285.702673735499 285.529065775406 285.264753743372 285.796557490772 285.762495630212 285.94629956897
284.065154809142 284.191328865055 284.045273380303 284.005425819199 284.309180224402 284.54345791112 284.139762276593 284.482049609229 284.289440014874 284.413660571427
283.063804210314 283.360158072134 283.011825689673 283.381080796172 283.130816705424 283.441562484577 283.267000952654 283.669263313654 283.284692000603 283.634763196676
282.886735651877 282.794109268627 282.961608766247 282.925143640902 282.946228259402 283.119438967535 282.774672209762 283.594414609615 283.206532887514 283.079676452827
283.403452726016 283.53093621468 283.612142996013 283.741042402319 283.709480271579 283.255768728095 283.25923956904 283.599860940527 283.658373548489 283.72001210237
285.074016563226 284.844945591832 284.912642531372 285.09287478273 284.97302394055 285.091297205449 284.745131487627 285.354811819212 285.26371843094 284.868023898238
287.044948719741 286.755625010322 286.873282124858 287.01372831912 286.937434830419 287.007841046373 286.747988527959 287.252448942636 287.120261233215 286.75396613686
288.584609571988 288.244199271721 288.457956765292 288.416241714805 288.427548063067 288.539797725114 288.299055858231 288.772488679372 288.786209226909 288.33547059493
289.444913095166 289.243127004263 289.365777670575 289.137723773513 289.247905565791 289.453475932958 289.182269122354 289.669917831741 289.682459487041 289.080802637082
289.424341525264 289.022758398074 289.275342688331 289.12112676706 289.14725291627 289.33716637535 289.064400552062 289.359677478031 289.52325860214 289.131647010117
288.668186496915 288.296208218631 288.241568339555 288.362722452318 288.230173384987 288.315529117034 288.132396086904 288.653859612226 288.497595893079 288.38528784427
287.341218090936 287.019243503214 287.069157720567 287.033155766589 287.098992213739 287.008653227049 286.955194577503 287.309899137679 287.27983563083 286.972941225192
286.073919703836 285.40405296747 285.619463187161 285.337478463873 285.554439741369 285.606811912608 285.433075462113 285.638969605565 285.747864031637 285.576282797705
284.462317902203 284.218599869992 284.523840790089 284.055669988178 284.351118573296 284.196182101277 284.036042252411 284.575830914747 284.453708785648 283.958574522356
283.625586586271 283.329951144315 283.431645133597 283.006787869529 283.479847010336 283.358659828844 283.199855070054 283.527184155675 283.394903078376 283.342659948892
283.444822170005 283.060440421483 283.197186353228 282.940228603849 282.909353476921 283.057897784362 282.762912866651 283.055692339002 283.102960273636 283.07525399875
283.592666661031 283.538861405488 283.620123832965 283.537576563485 283.587040095901 283.369944518147 283.496646115103 283.741567797824 283.412668927333 283.643746127859
284.917746107884 284.848515916341 285.061590374863 284.73264039442 285.221493785141 284.965296448652 285.132583759522 285.14247613898 284.883771992729 285.203408970736
286.870951016506 287.178343706822 287.066572606553 286.737441444796 287.385950020898 286.860059893082 287.090644033502 286.812326686262 286.601614444368 287.092478739812
288.324271364047 288.591887127973 288.596830164546 288.34091867551 288.778281978784 288.298107209385 288.522683356076 288.438586054358 288.148160089396 288.603205279913
289.026861915592 289.480454816221 289.429866284749 289.345460133537 289.500920687208 289.313196642029 289.356076167534 289.196427918243 289.057964654326 289.440906793583
288.932732955649 289.251018789761 289.509086838108 289.308963723491 289.423534317281 289.375988627623 289.378907790709 289.181771669009 288.864383621081 289.366286001959
288.332118413303 288.463531877475 288.633256950733 288.416792231517 288.467471066024 288.649452687323 288.484067196182 288.350313903849 288.009858238154 288.550191458629
287.192326591892 287.06637502715 287.34555916899 286.946788658757 287.282250575144 287.19069953772 287.281639311238 287.015570551705 286.754688332527 287.298235893235
285.674351579243 285.894566144385 285.843641001943 285.646884049252 285.845379838379 285.673748636028 285.73670119018 285.55012192647 285.129499714752 285.79935629898
284.371358962829 284.281191230087 284.397524002844 284.526865266396 284.465430604089 284.417906588054 284.391073908021 284.213570831889 283.615851695196 284.406191836651
283.565323261877 283.336977888414 283.566357710158 283.415989912564 283.637470879024 283.547742496075 283.383184519494 283.331560924308 282.701959247127 283.658788811128
283.107705289329 283.042891913277 283.240615356705 283.15543246537 283.509886933551 283.368010165133 283.16432917979 283.25664240853 282.810484316137 283.202081670281
283.521056263441 283.757972840506 283.649956354151 283.693844738672 283.861326931753 283.83653703908 283.72362257316 283.627670208485 283.464969089409 283.710095093489
285.164720572885 285.185772013677 284.932958453433 285.064276078974 285.253838308853 285.303524485508 285.353493472308 284.797146374786 284.928600038143 285.276919100605
286.698348412635 287.081719836782 286.918134031198 287.141402551034 287.223994613585 287.130952901412 287.203095724178 286.551404670025 286.713770283093 286.829362714879
288.347399927081 288.744423163695 288.439162556793 288.53141425679 288.490975342267 288.629486859787 288.707116776296 288.173885746678 288.162657015014 288.172619845198
289.283422519551 289.596634947689 289.189263872696 289.344756293673 289.165643113328 289.32000196968 289.418368919075 288.943872239772 289.069699589329 288.960715422092
289.329109557616 289.406130495548 289.11121522143 289.326968241055 289.177190775574 289.358870834819 289.333021923767 288.839413996409 289.010446302611 288.945738774076
288.288669670501 288.511449250828 288.235217036637 288.443629627437 288.338983483997 288.460899279009 288.469084793488 287.95544465228 288.170239517264 287.980951087541
287.150200138172 287.357357919057 286.936254011811 287.079165415776 287.031822434561 287.067665514067 287.296377661875 286.935641780879 287.043228956713 286.76832377786
285.642439964984 285.784205319434 285.673172452448 285.61109238247 285.659058235716 285.834481293534 285.775932015697 285.32690333571 285.530243507557 285.226354331416
284.350784550537 284.334733215395 284.004870698011 284.41084111317 284.152204724801 284.54857958131 284.48484865674 284.020620370056 284.292537827582 283.988060403063
283.44703217512 283.581688676303 283.427871778729 283.352122233061 283.163168602537 283.711441397562 283.500104190262 283.205920862456 283.106267998476 283.173453630793
283.003928149098 283.481988260668 282.894316901576 283.108720816592 283.190557784302 283.48389596391 283.036044929395 283.082733299934 282.92550094541 282.77806198837
283.564554155801 283.702727674298 283.596749044555 283.471514689976 283.440884699292 283.90058058336 283.580388643827 283.495648229532 283.599529068381 283.452169324593
284.937641311756 284.824696087447 285.395272477978 285.297155097239 284.92553529397 285.360758008918 285.022306834574 284.947356303929 284.985758949486 284.847992423312
287.132054808412 286.745581013779 287.222746360476 287.086302750292 286.74328264527 287.411971089292 287.110774146295 286.683442387361 286.879106819748 286.719915836301
288.450081310345 288.162545002785 288.685493877793 288.645664996937 288.346102544541 288.742056651414 288.546567668662 288.26591979528 288.32086288266 288.169111189503
289.223921607016 288.951241927846 289.5021885854 289.425683760602 289.158550549563 289.54404095107 289.304291708737 289.116812783183 289.305603414196 288.943243782897
289.052308380875 289.001960394987 289.36610824332 289.352903658855 289.063049755424 289.443469262171 289.267630397234 289.035331457398 289.169276282614 288.880314778299
288.267296713359 288.203665987849 288.507750540186 288.546143989923 288.226798826966 288.55369176394 288.462573114721 288.238512046518 288.233890374584 288.133697146806
287.189391866477 286.905178439657 287.288998077428 287.069170752038 286.884201842668 287.404025773589 287.146799401681 287.02000050765 287.129329892721 286.967102976182
285.638857157787 285.351766886863 285.842503142522 285.614959087509 285.415751361818 285.776987105256 285.52352399165 285.701176283736 285.679783506062 285.34787243145
284.234366842358 284.063004577036 284.486203889797 284.443000788982 284.124574501454 284.304879190654 284.447697996074 284.282771077154 284.152292176816 284.281380849042
283.375201749716 283.334578076448 283.780342356736 283.719965886954 283.46412083344 283.408313193083 283.49037871446 283.542705970837 283.417437085728 283.079598537244
282.9486853507 282.844262808055 283.422712531537 283.194877714454 283.048305094446 283.088352483116 283.227841346484 283.133462089175 283.211246333156 282.87692120019
283.520052333145 283.311859015191 283.761786718968 283.745223047841 283.459758140418 283.508154985937 283.658708523436 283.764728119145 283.441604685596 283.402941580375
285.09052820903 284.562267746227 285.277225806664 285.093264330759 284.875760269194 284.881072121371 284.908685953071 285.08782503747 285.041441919139 284.746604157888
287.260724779813 286.768312101141 287.175029572641 287.060404678979 287.06668362731 286.791609789352 286.933650869005 286.940270716478 287.063871480281 286.947969177331
288.632916845487 288.368094526024 288.614959455061 288.632973854844 288.639261325457 288.371037054387 288.391071709309 288.429312862534 288.488982864374 288.406691701346
289.357002968741 289.282707276764 289.43095533761 289.488603666459 289.39843552843 289.24874851035 289.236934828549 289.350135359525 289.347693377358 289.206500895203
289.36079160669 289.169420540316 289.348769587165 289.436915805592 289.451019405886 289.179003592902 289.175288934181 289.231673812058 289.162938269601 289.062237935543
288.411895470982 288.30070455964 288.488666805906 288.544005307922 288.703294143191 288.402147662037 288.232940139859 288.275797156191 288.426306049999 288.284358388591
287.083118214458 287.121796393665 287.304027353832 287.340522305221 287.205553282377 287.127910775579 287.214356368627 287.082092314859 287.213566051665 286.971900428886
285.78864173882 285.49566288987 285.886964993256 285.866739603191 285.67330716544 285.588597375167 285.76085588557 285.706034780793 285.840557115421 285.791673300966
284.45998909373 284.244374612945 284.536937607783 284.541720910323 284.495698928057 284.020116000769 284.241421650178 284.661706960918 284.229997407063 284.33473751452
283.449677743892 283.407588961805 283.499853722965 283.549244838738 283.526050693515 283.163507888673 283.365490100419 283.658250258636 283.385744691103 283.520407841792
283.349836798684 283.365839392772 283.665248386765 283.284922076263 283.041787931466 283.069517189446 282.905965077264 283.078082866587 283.255091682828 283.115496803632
283.54786151464 283.63965911502 283.96800985039 283.951036048922 283.67768938571 283.520636786711 283.406700017892 283.602814251592 283.493426123348 283.712067785676
285.096213535243 285.324376557246 284.952558551984 285.147583149877 285.551694684516 284.961815755677 284.911441425361 285.312569958552 285.238490067959 284.80939583534
287.167244327466 287.218586938543 286.933742417177 287.08303691696 287.232488601115 286.874842941703 286.801502612852 286.954691769522 287.180099210307 287.029314254089
288.467605329736 288.730457738581 288.301678967892 288.707428143676 288.673576669157 288.339870065619 288.430508679524 288.703173857553 288.612832556357 288.469432728019
289.181079879546 289.598281239596 289.335948455529 289.538788177806 289.63123969342 289.185601864574 289.340264227074 289.580870653368 289.513860077719 289.26802849738
289.077981298896 289.397285977732 289.297374823666 289.455088920184 289.519159005717 289.172267872447 289.285071249066 289.346917779302 289.356085041393 289.075545265099
288.206285287618 288.58427403415 288.414327661801 288.470984194228 288.767935128172 288.221514455945 288.441535739066 288.534843741471 288.571015332738 288.253376801763
287.063915807986 287.323380175023 287.213932316982 287.210081747066 287.474198100171 286.983103266889 287.123105376935 287.285757937598 287.128834094113 287.10869046459
285.559703321587 286.057768336307 285.659009753176 285.865325516346 285.850644285965 285.599110886187 285.650513038161 285.901395444993 285.903894665252 285.647382258042
283.979348068353 284.655569918029 284.485300629098 284.625521194158 284.773293717831 284.21805838839 284.248587613352 284.490941932556 284.521221107701 284.28775704445
283.133995816711 283.427514994374 283.580204240114 283.767538683233 283.762314487594 283.1336086541 283.518538099964 283.489796080266 283.495709347903 283.48437369633
283.009210844013 283.133623395865 283.164208323224 283.300019083369 283.630278722127 283.182201913911 283.20228847719 283.394016726662 283.30944072542 283.236800982306
283.340119065441 283.673370497371 283.679819043868 283.961469377406 284.293204021469 283.605673996672 283.702882304327 283.710386662423 283.679862334922 283.683061751245
285.190108617523 285.04310046522 284.890429909004 285.490507988796 285.809307310269 284.917695201198 285.197791255427 285.167550529824 284.924484538869 284.879679601626
287.103917212761 286.780846642765 286.811024914398 287.459385771114 287.591455310371 286.83326391774 287.191345843182 286.952213634206 287.092951137103 286.927655019532
288.59011253843 288.497121826031 288.348776292921 288.908570053462 288.927163813218 288.31298265812 288.687002954931 288.293053638685 288.43070675893 288.623422235957
289.270880475124 289.366718654957 289.178928024937 289.70391982528 289.614835237959 289.078606499585 289.409801659402 289.222701212586 289.29108601423 289.338659295724
289.066502946312 289.257097436965 289.071790170943 289.643717799465 289.43683214408 288.978916017873 289.370569698246 289.225463933994 289.228155395527 289.320349567628
288.306995926569 288.383192476043 288.262295612377 288.826517586571 288.673524279541 288.096438782825 288.507393416882 288.476411816598 288.463217991148 288.449991476393
287.02433249787 287.224874997847 286.916240837555 287.648841927194 287.390534634563 286.799446709809 287.190848242715 287.076315111277 287.460523019569 287.219174063407
285.51342735288 285.727347703453 285.61366873035 286.016419637625 286.042557347623 285.350010208692 285.672328469503 285.646913708119 285.925274136904 285.877432203348
284.186524274478 284.37107481049 284.118264139109 284.655621425497 284.380963408399 284.200677995053 284.453038352777 284.144694237051 284.58662126181 284.417558349891
283.119182808069 283.573324463896 283.493859580514 283.900462094703 283.528119964452 283.004306445858 283.336590481037 283.280680821796 283.52394091002 283.400214259104
283.030335936085 283.226729149494 283.310955760102 283.359248358507 283.210678200058 283.051470619041 282.926139575122 283.101004055282 283.520348395666 283.010228828739
283.395589957466 284.005860310947 283.654659324035 283.739405786221 283.694884767703 283.527719279511 283.654841351815 283.484611832506 283.951481219788 283.687321840102
285.005917640671 285.540795944758 285.103815826937 285.209662425261 284.996574078463 284.913595108445 285.057027875072 284.852607699051 285.163556679863 285.30423242668
286.771543061426 287.648213751974 287.110335231487 287.207744378698 287.089700796566 286.857995816431 286.92446352278 286.872020055858 287.124435480716 286.872998876089
288.23540640502 288.947551762265 288.781460987602 288.767459783598 288.636409419213 288.491777410918 288.583861408078 288.354683647091 288.51615356185 288.29705442659
289.120768494124 289.731897857154 289.499336246768 289.694456174577 289.292200966323 289.360668749607 289.427754996458 289.340968660701 289.400632463173 289.178451632978
289.113612614959 289.674222768244 289.421611144705 289.499992620123 289.212997808445 289.273602601479 289.324396822546 289.238184455041 289.388683997553 289.117111334774
288.403905993916 288.798832865488 288.550274841613 288.496634968878 288.59580056973 288.451773267457 288.516429178067 288.333887538861 288.546357513322 288.337955832936
286.991935982164 287.483036666686 287.26329987213 287.265192238123 287.227821864048 287.291310692688 287.200261450722 287.20810519699 287.229915394215 287.233020819137
285.517441869323 286.017516826406 285.749491455765 285.88704081548 285.747722351779 285.851233156582 285.810146733054 285.676568433699 285.854064143933 285.825390288435
284.390404697113 284.908277631254 284.655518755118 284.676044406916 284.257202204857 284.49005052716 284.274656239055 284.579848376664 284.577148814807 284.552642091524
283.312943480146 283.600869612834 283.375433535823 283.506931283457 283.398381947448 283.412529203481 283.571345721629 283.542394502984 283.742991736512 283.679213787745
283.170226413165 283.245699783988 283.324742082936 283.293048973574 283.219876395652 283.402348374225 283.164469945503 283.172487356896 283.374146214394 283.422245731613
283.605593256013 283.81051911895 283.769845920952 283.775310493531 283.636186359619 283.874291286772 283.804715617645 283.686445153589 283.845842982826 283.884051179041
285.135277906604 285.315448506655 285.252079890791 285.163007573955 284.880947969908 285.10968450405 284.999972344641 285.17200569629 285.149420377946 285.233431305276
286.884274146858 286.969837059208 287.071415128464 286.977205682442 286.755292759144 286.699662966036 287.074023781217 286.923374988479 287.153368477894 287.053087096702
288.311790280121 288.30553291426 288.325941850763 288.432775280212 288.286108509552 288.203169982585 288.435856784578 288.622164206248 288.655303015173 288.673397043886
289.199030224611 289.014910091911 289.032286380224 289.108031640003 289.030843367332 288.937982244293 289.369313652223 289.556685643975 289.344970601179 289.395890751574
289.03932204238 288.956580780515 289.044295391958 288.913753045022 288.951197599595 288.863539690724 289.179650730059 289.407784353994 289.099754548897 289.187911741711
288.223637494243 288.099607139202 288.076546384694 288.055070073598 288.021493012071 287.958944018765 288.350081038714 288.497369339555 288.306841501949 288.271091703903
286.940196198678 287.10808270423 286.893148765804 286.772112768769 286.820817625094 286.793767827737 286.943934292827 287.274275995063 286.994212712506 286.902856427308
285.496428733007 285.475822324081 285.468634385829 285.343506784172 285.164927039388 285.360614283558 285.607260102307 286.093221752562 285.550804596788 285.433157791514
284.189514447558 283.993758631547 283.946220712446 284.009540385064 283.790022909544 284.217705218867 284.41443230223 284.698633554828 284.441760292409 284.07669600553
283.269611570019 283.215631549472 282.984269710204 283.308836349987 283.105935036784 283.184747385595 283.672097248606 283.717343194622 283.456782112996 283.243722368415
283.028847417292 282.87115882204 282.843583082397 282.934385509673 282.945965173472 283.028987685618 283.160633927109 283.377663623943 283.008585379114 282.927895024031
283.551255872097 283.178892314418 283.170667895291 283.424827758577 283.195309817329 283.73067907344 283.482955847662 283.781983105774 283.839566553795 283.561949798097
284.888992042029 284.663249969026 284.763697149898 284.72522999011 284.880363664398 284.910676994761 285.072293997686 285.448161529063 285.24927418422 285.110405318108
286.671530537942 286.671117125438 286.72617227579 286.623452923936 286.85702781519 287.137669262091 286.943980846272 287.24203357075 287.068477853453 286.878293059935
288.361217638327 288.07970549355 288.099068533475 288.100504298265 288.493050312386 288.523120651455 288.381798220216 288.812480949531 288.559314359758 288.372208988369
289.113828051954 288.991535466298 289.04964008048 288.819978935522 289.348915525412 289.326833118734 289.224682992073 289.623484869285 289.401135994548 289.130893548628
288.990068211512 288.809260195106 288.908000897838 288.660134092083 289.202690376949 289.122875970833 289.037022519406 289.458229936651 289.266588854255 289.107378861168
288.109898995043 287.965040265688 287.967139314021 287.935710014121 288.386401046399 288.263885042625 288.184987272014 288.528940423792 288.383013901681 288.183536122599
286.777839408977 286.697780145327 286.776056216102 286.84219866935 287.288193910587 286.958050181853 286.999103747717 287.236941029615 287.20735486152 287.038119122885
285.432325840947 285.256470978489 285.196007738727 285.266418072275 285.617601656066 285.682837264238 285.573746291351 285.90619974632 285.853909558156 285.581253051245
283.9199755038 284.072469293148 284.099797305105 284.013685228417 284.306262385408 284.158100353825 284.278910853332 284.448089554345 284.32413067375 284.278931420413
283.469087496963 283.036535263468 283.042429868105 283.134509043754 283.55336284792 283.483992324766 283.258995925155 283.702254900893 283.52849259398 283.324313864749
283.286231377552 282.932555750829 282.90395885222 282.843831785131 283.293651211572 283.076011424604 283.053028325594 283.371201470418 283.24595727359 282.79345955153
283.418019870089 283.291460749326 283.390219676975 283.395632546812 283.875873526394 283.590996327854 283.687752881376 283.61140041422 283.695742671365 283.361642822177
285.059145034779 284.923290319467 285.127910535616 284.543774684075 285.041294230656 285.15151979373 284.905768860596 285.054409943126 285.325087063714 284.579753934471
286.723739746456 286.843161504383 286.960637731282 286.54296693138 287.050470023329 287.129155997772 286.822133409325 286.773439251437 287.211097441744 286.838997638047
288.277872814216 288.109255541202 288.465531868443 288.142313766393 288.442987147948 288.628614193421 288.312433066882 288.203068006502 288.641694686193 288.481857868818
289.109965132362 289.022157140992 289.19763135172 289.098922090892 289.18803846471 289.41107555605 289.215625298412 289.039208700579 289.431568427257 289.269334874834
289.090887938179 288.909847201892 289.333306832523 289.009486434187 289.031810686073 289.263445237936 289.196554445108 288.962117037473 289.267121863427 289.118924188533
288.212458457992 288.023225654421 288.467946958943 288.20544803054 288.095945618882 288.281877628118 288.44573639635 288.176692721579 288.508309385821 288.241379932372
286.846974945271 286.802137452254 287.134884519671 287.001996303631 286.940702751451 286.819427897877 287.21595253579 286.909024052188 287.330764523268 287.139844145577
285.560884134471 285.456699765759 285.675213707021 285.445215348486 285.588340426451 285.569410174835 285.65566613988 285.340921804975 285.829363147622 285.652212908329
284.42467610997 283.946559183231 284.371223096981 284.49243943962 284.254392930779 284.065435830741 284.315960350802 284.117134238724 284.510627315689 284.232986170544
283.579711330616 283.203629822272 283.627743547357 283.509495131132 283.262656939585 282.954974943629 283.602078312604 283.448382741468 283.607328006556 283.256817768335
283.453963655403 282.958445869975 283.237979140097 283.305786173438 282.96124142509 282.933521719746 283.35561217989 283.345078179934 283.432276701956 283.123577297396
283.729160163469 283.733825946196 283.723686478773 283.763844207894 283.643445475178 283.528554840256 283.501450319829 283.666823281183 283.889098081899 283.454631228072
284.765813607961 285.166075076473 285.250247363172 285.089882601902 284.87898410393 284.862633357281 285.035334750601 285.228606394885 284.899869580894 285.030768039021
286.811780233214 286.996325048236 286.961492002883 287.032208700883 286.685285137169 286.79226458979 287.177820853266 287.327960746831 287.043498386465 287.192151686146
288.411656652695 288.478030583703 288.403468877133 288.407279746248 288.282737641126 288.228264069969 288.659603598078 288.716489582112 288.341125323808 288.629952931489
289.148844936365 289.333020026808 289.186395806279 289.255730797321 289.202484991757 288.999143509445 289.398897444415 289.567828767661 289.108128241151 289.481344195186
289.086764499403 289.219473024891 289.1255828624 289.069499523318 289.298275593439 289.013176160365 289.32073263573 289.41945539528 289.125333038992 289.356930459426
288.251016015305 288.347692853151 288.243973902302 288.149696025345 288.374801629635 288.174761950195 288.491764752244 288.599333526671 288.318926208377 288.493763478411
286.956710478305 287.18196965275 286.940148835121 287.051925836224 286.93213374206 287.00926379089 287.178641858107 287.339913069454 286.962194314723 287.11753659869
285.688682413097 285.797474491348 285.484175062988 285.554252834703 285.515266907896 285.425120465014 285.616526206407 285.780479017841 285.62499685709 285.80127666831
284.222279287414 284.39181827447 284.243977830501 284.235487455326 284.201156033801 284.369660381013 284.471549491204 284.36403550361 284.30671046438 284.414597905434
283.465740934381 283.650102910449 283.271535742625 283.279669015326 283.299973563573 283.355646606302 283.412498202882 283.52361040377 283.511186997724 283.58662298389
283.166843191354 283.329766464288 282.846190725209 282.99718674948 282.952836906287 282.922269725907 283.230087371381 283.145014298625 283.1307135125 283.550051980693
283.675512722013 283.644825531321 283.447485837515 283.449707179633 283.486491450546 283.287882287442 283.832680762056 283.484501766058 283.634487689477 283.705214367356
285.299476973206 284.933589181875 284.886189834986 285.155828097538 284.969940468447 284.891602276735 285.109236203654 285.105692692414 285.12305256779 285.013154649715
287.192958753151 287.034205311757 287.015041926404 286.761133902873 286.868656684683 287.018242579309 286.857684855343 287.131155231744 287.155153057985 287.156782082957
288.790101354696 288.349050010804 288.397468729725 288.286861437923 288.416200424643 288.578737769393 288.440197395424 288.493209492496 288.42105733714 288.595176379425
289.790936694693 289.270862696599 289.22750589002 289.19421595038 289.234715901313 289.435549607629 289.450449325994 289.357871196402 289.271356860705 289.333342547755
289.701755898961 289.325674587825 289.273492972961 289.198478913076 289.222454668961 289.4199559874 289.404446256207 289.134140125412 289.14456284856 289.185705693405
288.821842196286 288.511764051584 288.33026752254 288.164242425521 288.322516851465 288.543929283848 288.648972784761 288.142759408008 288.386589342029 288.375184854636
287.405542905978 287.202073642112 287.208252659941 287.176974154628 287.215515244219 287.137944992142 287.244508382386 287.055087615861 287.071507317095 287.145341886793
285.852220794215 285.943779653146 285.655235902332 285.709475515493 285.759203614236 285.778665608952 285.985909068294 285.470167333665 285.762201215148 285.517709693529
284.367412523695 284.56972789543 284.239558601958 284.220457710698 284.257233486955 284.342399269163 284.659306726426 284.151389441917 284.510567553644 284.369290904735
283.549059005614 283.451000861755 283.356320608552 283.294587197325 283.332118102853 283.344424450503 283.480634240664 283.302784438868 283.601405199265 283.335055811461
283.312587138797 283.117998623161 283.053689364537 283.054528451109 283.071418210939 283.26998647651 283.443299937813 283.046586149327 283.396057090139 282.953027245481
283.985468355461 283.699135508012 283.729952385588 283.511501579255 283.680096674143 283.749222941895 283.88018572786 283.446920702184 283.887509674276 283.357893091655
285.288441370853 285.05266918672 285.247333754111 285.127338763425 285.386958341569 285.286196888816 285.336054893892 284.857764374506 285.088817806866 284.91123831474
287.024208013238 287.285592970287 286.974456170823 286.968783016707 287.339010589093 287.130831772684 287.151838454752 286.674944251222 286.944910970783 286.750955814171
288.515808451182 288.67435754739 288.410704691698 288.673495545004 288.919348915982 288.600051393867 288.61832912364 288.316821855359 288.324482569093 288.363701093411
289.29394188454 289.453446802809 289.423606394856 289.458292673663 289.533240303447 289.417241066422 289.559829322578 289.251740095486 289.287511040783 289.207982090979
289.18638937805 289.588617244683 289.230746074843 289.375725689192 289.598562946638 289.249800667677 289.487057618747 289.135989512197 289.3504905687 289.046906387886
288.30142074111 288.519862308357 288.348451963988 288.3260515841 288.859196107594 288.187673988288 288.737361330625 288.293763051761 288.414017544397 288.190418387235
287.023591923121 287.291970623129 287.23609542257 287.014026531794 287.576192857682 286.820833550072 287.483881532988 286.969646720575 287.078540810696 287.007907816769
285.622579536395 285.789033995791 285.957985333502 285.699589581342 286.009276784843 285.443535061044 285.92058969193 285.590939995825 285.634615234313 285.888652573388
284.282527515969 284.680239861858 284.644510554584 284.517019125757 284.435002405314 284.154347033225 284.520579446642 284.181120648162 284.452497328033 284.252387457097
283.39300705567 283.542781395885 283.580250159952 283.26111959213 283.60155378665 283.268526177094 283.592682488704 283.363142450404 283.473061906118 283.146719972169
283.077965802774 283.64194440766 283.346386981733 283.067954436147 283.347099813652 282.960162632138 283.429931852689 283.339740634934 282.920379928532 283.180405926626
283.646966649893 283.806163468945 283.781492367605 283.471496570169 283.792105993133 283.573309488031 283.946502103798 283.708854498991 283.802668840758 283.717154654867
285.175060420264 285.207734420956 285.048048255602 285.058885399564 285.139897380199 284.95863154345 285.16582776881 285.136794684444 285.128929532357 285.221851879397
287.132640950471 287.183927038965 287.188046220897 287.19611644235 287.303393908427 286.887549770047 287.257449864852 286.964473621028 287.042284114069 287.048411781803
288.72890789811 288.632592070575 288.812087097873 288.489865892938 288.783265638838 288.461850284756 288.717437707727 288.453615726178 288.556869140814 288.525409230821
289.444985027774 289.461637619254 289.469207867743 289.311535820113 289.55590158147 289.351469179972 289.501417644643 289.278367668779 289.398014477992 289.386150365325
289.23320593064 289.274511783518 289.426729417687 289.094517816782 289.378918171525 289.272570387248 289.418582316472 289.237286034633 289.267141462178 289.358305281101
288.428944750786 288.351644479198 288.600508510888 288.184530052353 288.696624241447 288.36385855235 288.612337402059 288.258941503971 288.581555424341 288.551228408284
287.298107871137 287.391770877407 287.463836504584 286.869418245808 287.366387042431 287.107777555798 287.301355138508 287.154512155502 287.246930240888 287.264390758076
285.798866826152 285.734930969434 285.919317095874 285.624354104845 285.957556001849 285.653831359997 285.85374257926 285.5514190994 285.820652178874 285.815927755289
284.471431107896 284.503865028973 284.593965339193 284.090387226602 284.656688694676 284.102069352294 284.614679923192 284.536476568202 284.492619393901 284.371363964609
283.37895964138 283.348140305482 283.665036552853 283.292202484398 283.753963165889 283.316823294905 283.68447985924 283.496911218999 283.714720965375 283.386312770694
283.045541841662 283.186510292534 283.286935871905 283.025900784525 283.266751370995 283.184599531237 283.095304030295 283.366579348423 283.303915898683 283.400644916491
283.57367647487 283.643017907186 283.77728852014 283.725085384438 283.875720147042 283.627949145557 283.830259352635 283.955991576023 283.617791059508 283.892730706632
284.850540855516 285.232685424026 285.244018129333 284.688640490568 285.64839026158 284.976421174059 285.396312403068 285.390479277176 285.407042095847 285.360804422916
286.89295669858 287.35320352639 287.240378276765 286.78774000249 287.537939096036 286.82056074508 287.262328406281 287.391566283782 287.211448129099 287.287776097723
288.412168593328 288.649438156761 288.67886810683 288.255765083938 288.889753702615 288.451470111088 288.589590709294 288.7160143374 288.762663878795 288.778937736562
289.186275373562 289.418031383321 289.393659205268 289.153205663199 289.774970617926 289.228789884497 289.500703017461 289.437052487243 289.564027215016 289.555645386639
289.088742269314 289.246155921055 289.260941379604 289.133401178964 289.691613880223 289.224453302838 289.446662025644 289.350901197146 289.447177627123 289.402139193207
288.359136860393 288.442561742763 288.480301595802 288.571810022799 288.901506196858 288.383368938138 288.494481264757 288.538868133593 288.555780007058 288.636783046766
287.265474829098 287.177434502652 287.142914042215 287.25264455998 287.634881957453 287.128515703354 287.333653316996 287.355774214391 287.533528392876 287.259002784475
285.718772035015 285.874100387276 285.755843843832 285.858044497829 285.940099721861 285.504139454364 285.632397445494 285.88989402823 286.16774616795 285.906116465379
284.420745857582 284.480852776999 284.608934286933 284.370163623884 284.744301578815 284.321362623706 284.835581163001 284.410616221151 284.738813065549 284.671213723505
283.658399198719 283.571129524605 283.677061888757 283.218012200746 283.806667773236 283.258800245622 283.492737984042 283.600578667778 283.615478797851 283.574837991213
283.497001496235 283.28907797165 283.444799063892 283.382782183467 283.534709474459 283.288279405947 283.311677602992 283.452639142526 283.48426589707 283.432702177273
284.093846580514 283.680930953122 284.058221496325 283.825141053188 283.828638372769 283.707666947075 283.847798026055 284.028455723618 283.801677610283 283.893817037849
285.486387078452 285.195747044521 285.561861099675 285.273313119116 285.09168888909 285.343646501368 285.030759541822 285.643033831054 285.353169994037 285.540424706699
287.54551906479 287.207714508979 287.571230030132 287.246830208263 287.279970886415 287.171407235351 287.203073035835 287.46252216151 287.246249329429 287.224103648998
289.078755724404 288.68540696949 288.978331812721 288.949730861832 288.684486125833 288.61838252013 288.603298608827 288.854312523626 288.691722789873 288.639488570273
289.883545634178 289.495807719385 289.859461437946 289.816675754864 289.527118345834 289.602950718303 289.51784620833 289.697800845741 289.593798153329 289.466591489567
289.811002207442 289.42213859175 289.75943415616 289.820822227665 289.559185409722 289.490388895095 289.473588972014 289.633161859216 289.571400479803 289.42094362561
288.877557782231 288.729814493749 288.882248255261 288.836647004218 288.583595812365 288.711552361833 288.488064552545 288.716509777389 288.710320171568 288.584920542223
287.628867355296 287.543627887786 287.453075891402 287.495084978971 287.377622062962 287.386676316797 287.31955025072 287.58388152741 287.603732633206 287.509296058876
285.939014327195 285.957064632216 286.070424915423 286.110798947284 285.822230101128 285.896991247724 285.778477867365 286.200488075177 285.99922280912 285.939074859098
284.743418761631 284.603891884198 284.665335211629 284.807315282254 284.656896406138 284.696522670894 284.551071563884 284.974683539074 284.963977257884 284.700871548971
283.984462197543 283.759976422186 283.879842072461 283.563582475934 283.473373022982 283.709350882375 283.798107798518 283.639150213415 283.935895143517 283.745924023002
283.807283451045 283.296105671188 283.464082523132 283.283005534475 283.407685676728 283.340568371146 283.332894528785 283.54441060184 283.78839441406 283.523705439569
284.158996675499 284.023884487588 283.675203900942 283.89378592225 283.921849521315 283.942681852492 283.808249567337 284.05101904697 284.326519310106 284.162463303432
285.380742216206 285.37164583864 285.205454080409 285.043621296941 285.162180492286 285.401850839523 285.327610701883 285.519452228271 285.625503064148 285.605361926473
287.198909880316 287.432515768071 287.138179499007 286.930597131751 287.07477983734 287.263456451358 287.162654240999 287.404455039477 287.759870924877 287.41942769916
288.637838537644 288.862243541135 288.520492975854 288.513258510531 288.631896657206 288.984721381454 288.744895156758 288.737119082463 289.429117806141 288.774245097351
289.533136775382 289.607447976321 289.308343214665 289.501021643546 289.527246100881 289.770365219158 289.583163494697 289.553763131878 290.217283506516 289.535005342863
289.520662804873 289.521122793039 289.272460300025 289.341741550739 289.567912159451 289.605922512527 289.663996717832 289.442669551502 290.054676369393 289.372590063683
288.734574873751 288.765576487197 288.445777058699 288.542396066656 288.797886511981 288.739287436134 288.811816054734 288.57363983455 289.390448816929 288.62811663773
287.400165863211 287.811288999596 287.293779417563 287.335510435292 287.486852245262 287.560962170305 287.559819014022 287.285771090901 287.991479780324 287.386919122377
286.025032031333 286.187131092819 286.064665523281 285.794153577734 285.956618261391 286.152389514185 285.946538312934 285.866385660248 286.441170242046 285.902284537158
284.739507804072 284.977848460908 284.77867956502 284.485923164862 284.684482756695 284.696041990146 284.669812095678 284.65469106742 284.980815272695 284.565318171878
283.992668067002 284.050000691913 283.898188595002 283.471803896306 283.801068071824 283.895403055473 283.495677080448 283.47898095019 284.010689706186 283.76881261631
283.913116933544 283.599396521005 283.499030431902 283.401766412112 283.375200374297 283.674072985615 283.218747913564 283.316726620019 283.782018057501 283.426035034637
284.217760577432 283.942854686848 284.012977082859 284.127016020723 283.720831373364 283.815356365852 283.579295118943 283.901086053644 284.144567104035 283.920989192951
285.851957384271 285.214266513294 285.476370980173 285.557899787324 285.340898410802 285.249077957696 285.184754010095 285.042584490284 285.233322624973 285.301577021347
287.742161678759 287.150319484021 287.174525440476 287.261487066043 287.304206299869 287.258071789358 287.53916822698 287.113730266975 287.300746711361 287.336408520436
289.098320210807 288.649341282058 288.644647342176 288.581068872316 288.772184757954 288.74811628353 288.850328821813 288.553623197279 288.652244159814 288.751509078925
289.979235831892 289.412878205428 289.603129391179 289.44714296606 289.615925726433 289.600999185443 289.603927153955 289.286041751791 289.284747722698 289.519845001382
289.882357489692 289.368670978026 289.427008544547 289.42260076632 289.36861512612 289.524318680084 289.502588271582 289.255630853733 289.265826252129 289.517413684823
289.0247278541 288.360476741681 288.489296483974 288.552226606846 288.65698213064 288.668161238865 288.695344597756 288.500711476597 288.454818884795 288.659253090156
287.66266798265 287.325897250701 287.458819617669 287.496018533774 287.550222774993 287.439859718947 287.421828981168 287.286779535076 287.318958276976 287.636898697729
286.159728120972 285.755354072609 285.911078949904 286.010659119556 286.086483838494 286.117264125537 286.031831619109 286.020448474838 285.872789103158 286.100893179343
285.011887253347 284.529116281363 284.591666572325 284.504622810121 284.872783689218 284.825434200837 284.826125934131 284.599327850859 284.782706610854 285.063048497286
284.044227162199 283.516800625074 283.484527841613 283.487536949763 283.827938842642 283.917764701649 283.891297841384 283.732752944633 283.673246922229 283.578313207441
283.622149258239 283.326244552716 283.171388112176 283.280124795875 283.781218419718 283.631210147961 283.695362886734 283.25896658378 283.408989493852 283.680580587943
284.146751705257 283.749456657561 283.727864894868 283.820863552259 284.229990290428 283.97771030342 284.326076327611 283.732232970506 283.977791903751 284.216153240662
285.455433949312 284.975306932826 285.134519489739 285.518723062956 285.272658567011 285.317702060701 285.737107470064 285.218405663733 285.171045875659 285.568003182666
287.218504058233 287.055419808037 287.094322241681 287.471926673987 287.262716389527 287.177550154542 287.643546032889 287.344952658319 287.053155559618 287.383642976992
288.755907159167 288.488552984546 288.512144967257 288.947371949918 288.923489160414 288.725128120223 289.059384366002 288.838293858561 288.609807283685 288.81772312955
289.577004222616 289.413927503267 289.397712638194 289.767226126097 289.608130457399 289.588939012196 289.951595429385 289.841499151522 289.496811421782 289.651882467469
289.520299700323 289.282487986221 289.283280891035 289.736835813459 289.577769330831 289.589489564975 289.804482974265 289.762206625961 289.457402029895 289.685662862896
288.60230633571 288.441669076532 288.391397232004 289.049014637783 288.78958379961 288.631448223093 289.031842961214 288.905025897744 288.689036615563 288.901285602117
287.436837830909 287.111318846833 287.171088642054 287.671542889819 287.624898240719 287.402325959901 287.881322400781 287.541370138416 287.532548882416 287.552293073826
286.019048871517 285.76885479295 286.028579620818 286.311907855797 286.211959844428 286.029752390395 286.47962949518 285.994281231923 285.89949831037 285.934274871297
284.338758405254 284.634719950119 284.672613862844 284.820511830774 284.781452993895 284.685120173009 284.868034338828 285.004507368673 284.709646965677 284.629826360356
283.691684423602 283.563129121919 283.824546154741 284.134264990305 283.936754941617 283.582827575035 284.108656464023 283.840793037399 283.763304496235 283.774590239197
283.409249228633 283.367506115447 283.42873450063 283.618486749638 284.010723384272 283.304573893347 283.80814052239 283.315575302138 283.651597634216 283.531458509076
283.873266333939 283.851412348318 284.105296319164 284.261043826288 284.192349738649 283.865076618188 284.206302233513 283.990833191115 283.973545590688 283.816343330987
285.440605720326 285.300148586859 285.436393178625 285.708751911633 285.523582867008 285.641042571715 285.706358526588 285.521595573673 285.520673855879 285.426010022296
287.093005805796 287.195108669086 287.446415870958 287.236815490201 287.229012536984 287.662575196584 287.613423486958 287.360660460776 287.296548299772 287.19768609089
288.753073264037 288.943073710191 288.729256375622 288.78178213001 288.569452023763 289.106198780789 289.093861620198 288.797579777644 288.797271645831 288.599547883839
289.666895276089 289.621507331358 289.495479460742 289.706787133524 289.415387977596 289.924712700234 289.781113341798 289.689409517726 289.509376203692 289.483486373376
289.549534309992 289.559325809827 289.490402906868 289.678751358722 289.41923950954 289.79848667113 289.622934628527 289.623609934404 289.5566408563 289.330960041932
288.705765093657 288.792847694942 288.560693053632 288.810596729833 288.644320361449 289.022883311951 288.787416011178 288.87357025113 288.724342883069 288.544339216846
287.337255854641 287.405460213014 287.533261309323 287.612508571104 287.49103479711 287.739955545011 287.702565377677 287.803028415822 287.551476481987 287.195550898482
286.122622905776 285.875081523247 286.118729730887 286.168957464565 286.166775119168 286.333446107431 286.271384686483 286.423753396151 286.080893416032 286.011653896364
284.807621418332 284.596323964802 284.882722779424 284.749798282465 284.971067542903 284.907128491381 284.736385295534 285.055521064344 284.727583821957 284.520645967613
283.8460127861 283.763059923039 283.887543878286 283.817392514309 284.166368965858 284.013516940563 283.852957377255 283.924751120488 283.907731853648 283.932177726013
283.768042185875 283.750685190929 283.686074155295 283.670693717376 283.791506526507 283.497645103113 283.610587637891 283.697456331965 283.432786853743 283.435204816899
284.039293473568 283.860149621347 284.09821130549 283.993607499293 284.250690644985 283.951944317881 284.010904394204 284.200759367966 284.049320030438 283.924402461399
285.488882871345 285.476626439332 285.445720309064 285.711336402647 285.612333269566 285.447091028713 285.316487046004 285.721468381791 285.4459928577 284.947439333079
287.518612184454 287.28580279398 287.4964203305 287.299311856611 287.655512974642 287.248156534779 287.348620218552 287.59763303087 287.405918315888 287.034677895999
288.867939494493 288.77552764621 289.104305892541 288.69760216918 289.33776237249 288.869510274282 288.746645309872 288.961152296158 288.807768455878 288.550211746596
289.706398981692 289.580707763558 289.849148838414 289.553114028476 290.105145497205 289.876093857969 289.515535875567 289.919681458444 289.666741567062 289.488719966562
289.643375093283 289.624593051076 289.840556456683 289.497134898308 290.114334988794 289.901869410615 289.501960843027 289.742930528958 289.606261491411 289.450051204535
288.779377061518 288.938409996917 288.963969745113 288.54369125545 289.218801047575 288.895898260305 288.623081327156 288.942982022034 288.795452448661 288.575613850693
287.515267309935 287.561248700111 287.657014020576 287.484259947457 288.0150229239 287.620233363645 287.32797589161 287.625098235385 287.424186394722 287.362197651312
286.111749807769 286.045058644085 286.285664682384 286.013862270975 286.425492173698 286.028012754365 285.902242631265 286.250193011606 286.158029921093 285.802191118027
284.809606603598 284.747570311554 284.773154484534 284.747416196749 285.17483341172 284.989009118056 284.484572630419 284.816985457245 284.648343597791 284.733818060076
283.83470327507 283.981520873612 284.226039616521 283.791049973082 284.303631966942 283.954355937897 283.77623660959 283.843151128534 283.796571399815 283.849496927623
283.593753768657 283.648200819266 283.713926835086 283.374082426075 283.698627284673 283.676689942419 283.640971343741 283.805297951592 283.547252574185 283.551011293034
284.029784596057 284.072642488422 284.140078911008 283.909823474109 284.109881157826 284.168472374044 284.076594843373 284.080552887918 283.928171722241 284.082937475956
285.675864336918 285.409356540457 285.660394732759 285.612842646912 285.423180130779 285.540024658928 285.069100827437 285.411169488986 285.364411196355 285.458025050338
287.353370462894 287.574234546531 287.461038502433 287.659382090634 287.457769010941 287.477050595167 287.256783383413 287.432735547948 287.240376795323 287.375377580417
288.784965017975 289.052952771909 288.903947283829 289.352661880193 288.778181234999 289.019116070176 288.673285242141 288.74460852102 288.831997110566 288.946934984931
289.621352753825 289.805043782669 289.693948287346 290.221535608075 289.454915109741 289.863361415544 289.407007916792 289.441107136416 289.750338407051 289.921941595241
289.523652221665 289.676994718165 289.588842268719 290.226831272344 289.468553316246 289.801790854322 289.415961189279 289.321773707167 289.50597875178 289.936448987107
288.698127301395 288.738141634187 288.606938114918 289.236720205138 288.631662455181 288.939914264367 288.669905420696 288.552967661433 288.717663968165 289.185530106844
287.455031398344 287.572087673209 287.370955595826 287.803988780702 287.411613225443 287.859780437681 287.427560861427 287.269694801645 287.379265979463 287.932134969317
286.008321236209 286.067020113821 285.986368599366 286.413674147996 285.913849702306 286.437324081264 286.16752054045 285.93065804902 285.995729561044 286.545121309849
284.536161259361 284.692410200757 284.771985894086 284.920721863619 284.603242583564 284.985639364304 284.708083807922 284.555381598038 284.686907759782 285.024438102241
283.640809906177 283.782242902726 283.790046748685 284.152411654753 283.764718451667 283.907764236566 283.888493879548 283.777753563059 283.861452606349 283.970138537907
283.393188970593 283.486704972188 283.291007431525 283.528371500066 283.431453914686 283.713685452139 283.630821432375 283.386073497816 283.576121322619 283.834447655114
283.898179915058 284.10788896114 283.950225572611 283.715136050799 283.767982652939 284.480853123576 284.21444257789 283.921231146877 284.126973274617 284.194342479124
285.124320938834 285.522508241699 285.529879683587 285.162128609273 285.42832733578 285.699800202414 285.503512306532 285.319822471138 285.520660807404 285.746002227925
287.222746319752 287.189614229316 287.455637402348 287.002485768681 287.250358436404 287.389042717293 287.473993751524 287.323840369123 287.192471245622 287.425292653384
288.698770270014 288.570976558361 289.113318943236 288.620240309513 288.617852387498 288.80954841494 289.03834327597 288.634494647253 288.777033158251 288.776229689153
289.417607036446 289.459408005108 289.781033242395 289.437654074709 289.559093331853 289.759063380202 289.803972490494 289.520958302127 289.449552634527 289.723865359109
289.322919624903 289.397144221209 289.791882913707 289.428839430227 289.558744089953 289.556304598976 289.756962097234 289.552598991396 289.457587472234 289.617272886831
288.546930062118 288.507135082528 288.934729053653 288.713374673917 288.740833275535 288.661140312937 288.918585450866 288.828779105865 288.627267434966 288.972689983217
287.341408396392 287.386326660404 287.583866049246 287.357713769302 287.687132040911 287.444507368783 287.669664468847 287.513810906842 287.358245863786 287.71939278366
286.130130613341 286.176015039663 286.129768171817 285.866112134967 286.27654781473 286.314173282169 286.363014664945 286.153008121887 285.995133369368 286.040950842614
284.544656762463 284.756107497253 284.969357975257 284.685722442144 284.889130370099 284.99658437942 285.055565715668 285.010665480282 284.644830315799 284.878858850663
283.85734268393 283.650972489428 283.932901591446 283.765602634977 283.956055778605 284.168896644691 284.062563422497 283.734141937019 284.086431355159 283.920895530223
283.799608340792 283.238910763917 283.510222259315 283.31950979407 283.945996160826 283.743181082053 283.784979393426 283.588639596477 283.832372276137 283.595496681322
284.022332292983 283.798894739653 284.133266650698 283.877470305658 284.449898649492 283.944713699865 284.12026819859 284.142709626956 284.090871229336 284.157407015418
285.495146825033 285.194424585989 285.537032005324 285.494590621023 286.121362378001 285.238021894745 285.53641173245 285.81920830437 285.510816904751 285.374013066447
287.127823723741 287.112606950712 287.534527913913 287.383796244057 287.85080380177 287.092650470561 287.490939092249 287.667394255031 287.094174917497 287.193064282058
288.762611873513 288.531528380856 289.04049514477 288.918396970855 289.254660845504 288.458963423817 288.757868616789 289.153607361005 288.573969757788 288.670724378747
289.540638480875 289.468445165638 289.764303730404 289.68604687708 289.976790143233 289.467001902096 289.563799616501 290.08461479931 289.438792097033 289.534378699172
289.457049699684 289.413954069145 289.673540553461 289.706570832303 289.890135674188 289.326442599211 289.514575207157 289.942946656602 289.370061256481 289.67217609299
288.591274632744 288.75139058206 288.705638624708 288.82126946121 288.943620910794 288.709532117159 288.61954059203 288.979809069723 288.612134596731 288.832404609538
287.42862807836 287.517289486798 287.351561591719 287.397031734167 287.735320127814 287.323511233259 287.300750383068 287.574228548584 287.503883343847 287.572451798602
286.144950272704 286.071007281693 286.07969528051 286.151567084595 286.389352625769 285.907239490046 285.913825389665 286.342946346564 286.214127976158 286.145964586797
284.789980825172 284.58927225713 284.701687737832 284.897386493071 285.249058801197 284.413479748513 284.955174921461 284.923450107488 284.990961442171 284.968571352615
283.861699155044 283.95699301684 283.73486449078 283.748915933509 284.25357710419 283.507816291356 283.952001598675 283.875529344633 283.919518435806 283.918973589776
283.782085905297 283.627845488866 283.344263674466 283.434364963435 283.914804206155 283.553090146533 283.665981058583 283.725671162253 283.6595152325 283.596558178506
284.217426692903 284.012583004353 283.695429435231 283.981895563887 284.191534361467 284.12554182176 283.990720430893 284.147797435657 284.083087895957 284.137219534232
285.577385504054 285.434572622234 285.3939885736 285.550310301173 285.680065440785 285.433853074157 285.445577629707 285.482862028907 285.531692468713 285.639623611333
287.570795219444 287.412444795724 287.333362926935 287.351507704731 287.578405316113 287.169876537336 287.33599271992 287.226989137807 287.290530795354 287.73432185577
289.074323580644 288.645589767887 288.754012975964 288.872643265163 288.966812382313 288.718434309643 288.885161728425 288.595431101518 288.708589513833 289.121231779161
289.85947424674 289.5894407296 289.620320735654 289.760236908712 289.791535771738 289.605344786455 289.703812013205 289.355882928283 289.659506962525 289.8653983693
289.844352589259 289.461939635992 289.635214158712 289.68682751322 289.697821716215 289.545454261555 289.755112183531 289.400862302614 289.691239052326 289.65628050645
289.010195625692 288.643777845418 288.709611135529 288.817310724525 288.979468003955 288.967973257099 288.855387246625 288.454277620675 288.865453099791 288.962352890304
287.768877027697 287.3333092303 287.470064719421 287.656210023454 287.749270237026 287.573037925687 287.477618782704 287.245023569588 287.550010933167 287.610615394
286.119440888269 285.94504038874 285.998580875369 286.118158175857 286.288714285809 286.287224224982 286.174461122371 285.698519208643 286.184182648244 286.281238001823
284.683524982352 284.961695282007 284.731461999055 284.988179883679 285.313408953683 284.886615879436 284.762414508106 284.270560872608 284.793489817498 285.094291242973
283.713034058718 283.931581854962 283.832353326828 284.044332072309 284.274233543704 284.051756296234 283.781395953799 283.759743161825 283.932214037605 283.863085567727
283.465022080755 283.540255109585 283.458801770013 283.704493765416 284.036955722449 283.723910909883 283.634942386953 283.24194589613 283.716267097647 283.784315977682
284.132522036077 284.046209424837 284.082811410854 284.325263918439 284.728699866915 284.262630416142 284.377732867083 283.811044666221 284.486904810888 284.172890600899
285.547777907381 285.456596189187 285.626282284531 285.811824833256 286.001908996537 285.55246768681 285.766803819356 285.393442039963 285.749159513362 285.648820653984
287.449048215835 287.4057835847 287.289293005923 287.677859606393 287.761647359459 287.639796158243 287.777703612336 287.347223260828 287.532566703059 287.550979975746
289.055896662861 288.845781683498 288.882561016931 289.055533144832 289.208021516515 289.161112944198 289.0786791596 288.865129056644 288.971643127823 288.932121449109
289.724070187825 289.605955108932 289.503144820713 289.776123269563 290.110806475133 289.871706918041 289.949744833736 289.588047469873 289.671541151252 289.73201100918
289.644550796725 289.569343861841 289.554959196179 289.681196754998 289.866242613338 289.649674880783 289.870487268749 289.582893090768 289.586101753774 289.581924408327
288.709622520429 288.803844581911 288.820165638888 288.693314765095 289.144240142433 288.758320743734 288.923682248927 288.693247163686 288.712089428976 288.715814678155
287.4918767749 287.567754216053 287.615722824576 287.505753472306 287.705403654026 287.526639332209 287.699423913877 287.401727351028 287.69745432817 287.66492604305
285.980747659988 286.11803276259 286.203686753551 286.234678562393 286.580882031072 285.899308254187 286.296462325998 286.024494507354 286.128598834884 286.161583916544
284.692223162401 284.649002215831 284.88181162211 284.865075578108 284.925780846828 284.468837236431 285.047623494832 284.918607760208 284.958387379443 284.642856379122
283.711187033021 284.078926529881 283.9516438044 283.716827612675 283.831299994809 283.577582605742 283.898130841152 283.896623047967 284.000123938026 283.781137592943
283.674340609812 283.723549654904 283.57294447626 283.279735641499 283.426509994944 283.664332574364 283.631830792901 283.736092692146 283.822003169814 283.732058389551
283.883916167495 284.118751862729 284.03216080187 283.820502508494 283.949627211018 283.881608958951 284.35736610745 284.045977335022 284.200938449554 283.886046111851
285.289340134633 285.865898001235 285.436292006236 285.272907828929 285.392983933073 285.215259371639 285.619976152679 285.567057020124 285.621478737951 285.441355128552
287.697060504445 287.489951561853 287.410962715705 287.195964505389 286.933883839814 287.095475216996 287.554661470679 287.53599716839 287.664611995913 287.154826159581
289.328413846422 289.045806289902 288.809094938034 288.636403605784 288.623728902412 288.612804323595 288.805345969608 289.017919940852 289.177941935431 288.616894679939
