290.137258367947 290.211448806568 290.197060635487 290.178290684716 290.18495711463 290.141987658528 290.165113233779 290.156247747654 290.116560544733 290.157732338684
289.284875055448 289.493369311318 289.517932538834 289.516728600467 289.412004298621 289.453986086404 289.388687073542 289.256886559176 289.300526460441 289.218760124837
289.175975014055 289.156268683368 289.359763213354 289.369042517405 289.318631658976 289.268080006956 289.324572397874 289.168652442248 289.228593028768 289.088335073823
289.832840370618 290.021338592091 290.013581978237 289.816758008982 289.974058621793 289.776254228952 289.848493841263 289.769852993539 289.908765432659 289.890400172916
290.785305849215 290.672996155638 290.737426082967 290.919161577311 290.885315642503 290.799387688975 290.626197957988 290.829436649592 290.992512030125 290.816118390113
291.744760945958 291.616273660032 291.705770471645 291.662436209522 291.760920784844 291.736021494707 291.57664153701 291.65400777148 291.87298100547 291.796236015638
292.277337963647 292.249350498932 292.245232963081 292.285956574487 292.410945459254 292.20003339889 292.205368175895 292.133440846818 292.225181223461 292.186018089336
292.705823343761 292.49090443923 292.636411278639 292.747329121212 292.746300047056 292.521123109282 292.563277309612 292.507819971841 292.646910603087 292.592190085355
292.905110963116 292.749345077249 292.856337152474 293.04058662061 292.860677403177 292.805702739589 292.745668574069 292.708116487228 292.852825531971 292.830410569095
292.802135908862 292.792848300688 292.760331820514 292.959706355651 292.872353001108 292.716601002187 292.710077639781 292.731429666417 292.757100931328 292.778472743733
292.316741742863 292.357693800906 292.391364252767 292.455239634221 292.408939158238 292.320478159758 292.274148002837 292.370942592429 292.365428517806 292.279476691618
291.518253486954 291.297550923454 291.552104488696 291.861393905327 291.552667097265 291.326148696362 291.40916213718 291.474958886333 291.442591493206 291.368614114348
290.299938356997 290.268632236853 290.52257188223 290.527167554406 290.354062639079 290.268333184771 290.243156521093 290.370557970089 290.313660683215 290.283317925809
289.468353893312 289.503518281332 289.705685052343 289.772465843621 289.466924173576 289.486476206542 289.417814910474 289.314148281691 289.423789602511 289.35696739251
289.350474762728 289.351916812204 289.423053859045 289.708400800372 289.348829666086 289.326089060408 289.26722537128 289.356900530807 289.413841994058 289.15257123481
290.001644687578 290.063356212538 289.824724725096 290.179835194844 289.800308162261 289.790584583645 289.639312355647 289.857627154549 289.922321740389 289.710431550387
290.654501520524 290.894989954678 290.686934649726 290.992725294581 291.011410740373 290.848057279607 290.66618166865 290.673050000922 290.796836406065 290.754115731926
291.484634824754 291.642495197445 291.588440363358 291.89765289793 291.702304108614 291.750729679315 291.532202028411 291.614181060461 291.671267278663 291.555783594164
292.120449412084 292.161782450235 292.118069454748 292.520476346032 292.424422058273 292.198640169909 292.113058952706 292.207825540342 292.200910089397 292.156690171361
292.47886301968 292.5685651872 292.419168721697 292.729449808783 292.651412555544 292.495932612634 292.471464513498 292.603053925679 292.526228134329 292.463667014497
292.710822889257 292.783389242879 292.713559451309 292.907665735514 292.809680420378 292.700349416186 292.653999895537 292.790541586558 292.766166723166 292.699296887352
292.544186734689 292.671853145387 292.679032115853 292.759937511049 292.756496800353 292.597448959908 292.566530299534 292.586720824826 292.690779615544 292.758814585059
292.070086247067 292.132971559798 292.037857781971 292.366238395925 292.304014509213 292.048047838501 292.061760598214 292.184900568868 292.119236097102 292.302700997089
291.068592982282 291.456914010208 291.312886858487 291.596592636596 291.360981775068 291.353113489018 291.144696943174 291.303458456084 291.256015422219 291.402640774059
289.870342934616 290.356563174975 290.199319701239 290.351611798801 290.137421275458 290.077706268592 290.022723485414 290.239467980684 290.309796295111 290.244723734954
289.119779124751 289.51805537684 289.318873121098 289.649201586954 289.383404350539 289.232014347388 289.173981467128 289.3694548355 289.333708102439 289.50628156476
288.97664749297 289.317190058866 289.145618073125 289.335149893226 289.29539115317 289.233510900119 289.12597021635 289.400573918093 289.055997019453 289.228948870921
289.59437399824 289.891744405434 289.831749989707 289.761193208744 289.715364909555 289.720174312809 289.667658955011 289.877926788353 289.654574224455 289.988724310261
290.577403200421 290.613336832396 290.49634837607 290.55371399076 290.677907447124 290.608763726407 290.658863295207 290.851923027838 290.797220101259 290.87326318208
291.313318333497 291.47447889771 291.357771740028 291.424324796052 291.744492594015 291.481143275458 291.437155722626 291.64419783928 291.550844615494 291.712400129576
291.786970383564 292.022682634321 291.888484026881 292.016027405379 292.30121091291 292.070011087222 291.939126521885 292.253124969155 292.18562997692 292.306573957436
292.241507952451 292.382507148142 292.293467649649 292.375091194905 292.406538715123 292.513744650192 292.254165086764 292.59709886407 292.671736815973 292.618386416753
292.356502117147 292.547936547059 292.426498696326 292.515217444681 292.565388655895 292.768394099979 292.511606781906 292.781791495008 292.948970118567 292.785285648132
292.432489159216 292.467306943258 292.432741297129 292.513451346904 292.451499196152 292.686464612773 292.364450783553 292.66355804734 292.742728817193 292.674988855315
291.930755318622 291.91603407817 291.874822044407 291.943306578182 292.092233715437 292.180446404008 291.932607338009 292.251387849295 292.337107031099 292.176326416149
291.192553979217 291.070430305867 291.135143933898 291.320430221908 291.37848754186 291.437267770335 291.199776738742 291.446538914686 291.499621501516 291.41249561283
290.160776239987 289.942074463354 290.0185773837 290.216633142086 290.140212797176 290.228071916494 290.142861173953 290.403624245885 290.449897276298 290.074882570962
289.380011233769 289.175025225029 289.323945526022 289.374451532415 289.375623101243 289.354603526996 289.395399022478 289.553621444789 289.53626119119 289.20920391978
289.308997468106 289.193664129137 289.215343337786 289.118946434235 289.350456599743 289.143122321653 289.062968650876 289.460940094587 289.667435467446 289.248621710277
289.863045828037 289.69795431697 289.742370473451 289.851480733728 289.816479018981 289.788060484674 289.724137586813 289.871145109333 290.190548422592 289.874306481604
290.813990180887 290.575427727904 290.587543342126 290.68677358554 290.613257351228 290.741736668036 290.757031449068 290.975219755552 290.867667943538 290.597317976704
291.527662446314 291.619880907862 291.533072715691 291.540969685089 291.535917612786 291.581372675987 291.491661298074 291.749738420195 291.726856017253 291.592509698983
292.224168264477 292.04893690836 292.172060931299 292.06772464425 292.236489184709 292.28205467312 291.992152796947 292.242023900675 292.335228875927 292.037831618465
292.4765628841 292.341603758445 292.465567050585 292.399560111326 292.594224570581 292.575220620956 292.272556916088 292.651564467756 292.599850091743 292.471076552427
292.72361248916 292.601590165714 292.761901622506 292.510700276566 292.794448392106 292.726480883448 292.523330105737 292.636606098434 292.770119641227 292.70115793519
292.59923774956 292.629251494418 292.768507069143 292.513164291173 292.79882634293 292.780297918162 292.455287012661 292.508310315956 292.636055575199 292.75403773013
292.130742743406 292.050335033084 292.316160292532 292.080624098256 292.361764432426 292.227545989317 292.036256750575 292.035202072242 292.147644196057 292.313117947246
291.231905272094 291.208224458718 291.439316741827 291.235034313919 291.592285388117 291.440110813062 291.201835418889 291.365516103469 291.271028462547 291.423931572137
290.100684595429 290.147598994317 290.279593014703 290.125955954623 290.430836005228 290.366770979632 290.196290796922 290.111857904328 290.259872381566 290.361740614961
289.283105547943 289.328240363729 289.598074236216 289.401495599661 289.580125372562 289.507492124252 289.468370501941 289.323779097345 289.130705677814 289.585746541632
289.150110686305 289.416746795226 289.313538436385 289.532498432629 289.390859485277 289.347612032228 289.141125855617 289.220649352655 289.077428708658 289.465816059583
289.661804271414 289.91173140914 290.003102345605 290.08517988607 290.052688708214 289.989994638895 289.909445208646 289.722235678351 289.76355898299 290.089662751419
290.812863306814 290.901677238257 291.000961212931 290.797061310296 290.964839465104 290.937035170378 290.767078340451 290.627224436406 290.475943651703 291.086007428212
291.548645445362 291.462141621462 291.738535680628 291.602537901315 291.982331890162 291.673050786627 291.746611941735 291.524181000183 291.513437605292 291.943444669113
292.155401358768 292.219604737817 292.345414568595 292.355229738722 292.451850198398 292.28099101147 292.214461664753 292.115126490896 292.059163876555 292.350508641321
292.471564692193 292.51504325828 292.634666762885 292.600904244093 292.799064069781 292.569773612641 292.592027962671 292.427194711888 292.199812189489 292.743651083714
292.669217493461 292.817414869809 292.782008523509 292.764168662124 292.919902225549 292.805937359829 292.834467300732 292.58132610724 292.551419717122 292.913881931398
292.672936175007 292.804796621031 292.794157044883 292.878803402412 292.827185682095 292.831880283364 292.791453739732 292.588879502366 292.523581334722 292.714199993349
292.100877865039 292.385592060873 292.202759432222 292.341366314503 292.361713565306 292.433216081339 292.358795066867 292.142408595096 292.138965938931 292.234892600093
291.418122465387 291.629007247324 291.519455898962 291.551325142135 291.466891279605 291.583943109146 291.674898955058 291.310153477291 291.263911497567 291.558096470504
290.159296553052 290.368576249386 290.374965334214 290.508325894759 290.417929417638 290.326375480294 290.43115184276 290.034503462469 290.210406357857 290.395311131214
289.394560104819 289.642000929949 289.466069831913 289.550229208398 289.598020830181 289.668178662803 289.544626932413 289.298097255067 289.328782494463 289.442567993977
289.444322313473 289.604412482924 289.302882717485 289.476450554339 289.42334716655 289.528578724524 289.360488515876 289.196948999897 289.303181773416 289.138317208808
290.081600786721 290.069345555971 290.017300409783 290.058986975178 289.865979040572 289.931258535987 290.00330192032 289.593010259688 289.713820495555 289.860859198895
290.913903361883 290.883951710529 290.851594215453 290.883097869975 290.686228833513 290.896474654489 290.988848128547 290.616055126036 290.688368951729 290.828773623904
291.705147750593 291.608775870016 291.576893087768 291.618076263811 291.589788330842 291.755850180664 291.779264464153 291.590947999428 291.292418966322 291.563091041301
292.172698666791 292.185993924889 292.192236129093 292.112731302721 292.054544281577 292.348621856211 292.48859644592 292.041046555277 292.07096175138 291.94995968198
292.561396546506 292.469654357841 292.627301315876 292.565472835141 292.472040790885 292.759969490774 292.808046855556 292.402480797171 292.383344196243 292.415535991839
292.785783018115 292.730064810792 292.766239809095 292.739055103913 292.603298939298 292.974987603298 292.911300106269 292.665673477922 292.622699278025 292.583265040808
292.646259460232 292.679237595591 292.74663332505 292.674648302329 292.533631535514 292.91526864942 292.927417884337 292.725715432777 292.632351559865 292.513057722569
292.17467028089 292.155022981914 292.267665852647 292.255839192062 292.172670043046 292.57126209311 292.384417413015 292.335438989897 292.118928947929 292.069859150831
291.428794446365 291.172074473781 291.615056490419 291.485196342179 291.24478172508 291.780894002059 291.450659718524 291.462946953299 291.400038823693 291.246881057724
290.403743763016 290.027694370036 290.418940608034 290.423381240316 290.106578218164 290.648318068958 290.436454145113 290.247540469705 290.305399990589 290.044457538082
289.248708153827 289.011983317172 289.673924672148 289.624714653823 289.214483473546 289.763184656742 289.605892589961 289.44123874273 289.186843481238 289.182278124362
289.235637635912 289.022475866049 289.538648017824 289.444011241364 289.242648782306 289.536618155998 289.412128001708 289.220684282469 289.21813101231 289.018035772006
289.783839797639 289.604077207335 289.980065117375 290.089203613888 289.812350520548 290.024625580399 290.047200519597 289.828911248588 289.962680642832 289.637104106913
290.758256222772 290.533868962016 290.954143691867 290.903901694914 290.771985619676 291.176857665617 290.675146440619 290.732297112846 290.798341721797 290.581998830342
291.614236398976 291.472336661739 291.818784150488 291.777079073015 291.527800936671 291.994869112608 291.599977604347 291.785198729249 291.756658722624 291.5015804352
292.161838770895 291.957934376183 292.361140804517 292.373439582639 292.160351153356 292.436447687119 292.155840036722 292.288372655556 292.191250675954 292.067737057551
292.483897098859 292.330431949726 292.834467832252 292.738647448275 292.49616817467 292.67507880216 292.61444728284 292.658490376197 292.460950645796 292.477418855683
292.682422398051 292.493197880553 293.058789552817 292.985669460596 292.764811702975 292.862936809282 292.817146183063 292.840514860191 292.707699192395 292.717009869455
292.798180516689 292.535765740766 292.906001930161 292.906474138648 292.879248374412 292.775909360134 292.824072531452 292.870982675128 292.700635247346 292.649282483595
292.287674282127 292.171634261848 292.515191969467 292.46444584184 292.40588378019 292.341117226568 292.403680768951 292.26124111177 292.282648766165 292.187462941684
291.421045577819 291.278242217153 291.665189753154 291.589044818982 291.569538298923 291.562502777277 291.505467791068 291.520549312146 291.415541360663 291.436193825965
290.558567266707 290.169425816032 290.386582844366 290.418199802218 290.522911741168 290.415388390046 290.362160304259 290.338502965792 290.365237923739 290.274657345173
289.856183321673 289.128948537797 289.644494545435 289.50387847213 289.923413603882 289.432079065735 289.486348289825 289.487261932558 289.435230553013 289.483746808985
289.422499164899 289.21718658488 289.422733216463 289.417832834728 289.626422407636 289.571379410021 289.309592546813 289.37068767878 289.426940779049 289.375824707023
289.983272512003 289.725634771093 289.92295458067 290.100442666417 290.169570690407 290.066387916738 289.965312283389 290.051362432083 289.826858823927 289.975726287504
290.88110671229 290.660105097985 290.854050787035 290.94877474176 291.165670536055 290.942776327399 290.860065835815 290.859695318181 290.889365636483 290.897001545136
291.748644293414 291.626198091459 291.706685429491 291.757663316486 291.951117454452 291.683646485605 291.678537738026 291.629276915039 291.817878249728 291.671662572778
292.224698942674 292.163669212487 292.295166485891 292.199558023602 292.422681749209 292.225448467741 292.288236625014 292.252876148533 292.247835930855 292.283090702274
292.622827731233 292.507162713495 292.685150091297 292.672424565311 292.758700580862 292.610292548699 292.508375172403 292.58244503259 292.657682887046 292.657172579002
292.750499926094 292.792016262104 292.866060217141 292.74960982794 292.870823402423 292.760806814146 292.83250574339 292.850711017911 292.877113547592 292.815258346972
292.777933475627 292.840445178605 292.909260366732 292.852022764881 292.868141496201 292.788766853915 292.737369138965 292.784693440276 292.824979382128 292.763247893698
292.469315635324 292.341042286754 292.51296537387 292.339828331409 292.444056076733 292.309395211816 292.333320759172 292.472108614945 292.354438632751 292.315498943487
291.561111644993 291.590563387719 291.453822362548 291.445149945557 291.777690968191 291.587709951548 291.359025301828 291.693688038944 291.574943152041 291.464231579824
290.373617655996 290.555560212675 290.386465682208 290.459374687593 290.776480438242 290.441523582038 290.255906026076 290.569263015306 290.50203337899 290.48870146522
289.497847264742 289.76311292647 289.553802464133 289.699931908443 289.778667657168 289.562191481234 289.452819601855 289.854680892009 289.584662796845 289.630535802765
289.243553689174 289.43366253835 289.460228027567 289.570632814348 289.608781303724 289.503068612978 289.200954750745 289.551872672521 289.488287478388 289.397509447986
290.002104514689 290.041892925882 290.047395911924 290.09395039386 290.190608159603 290.081658860052 289.995724388655 290.279643164449 290.003288254989 289.807555876879
290.921717392168 290.983505571785 290.983218050606 290.77319022775 291.163564774798 290.973332905426 290.89931396972 291.1388376213 291.008828639391 290.842210643609
291.660693612255 291.8585291952 291.631904588956 291.84072770917 291.858545123363 291.710914837514 291.590408664476 291.780065317481 291.696368310617 291.636449389112
292.296661644984 292.580360224547 292.268926402327 292.281998510313 292.585094493239 292.347074062659 292.253125744753 292.497737837478 292.37990843517 292.266162233396
292.631890050938 292.888521670922 292.603339330803 292.740619567289 293.057971664893 292.700863008337 292.661549808848 292.853681135665 292.724645357477 292.616225454868
292.77167718407 293.012797996275 292.889722051569 292.938828052076 293.238928991184 292.830909814132 292.81019617745 292.992273866213 292.926566756314 292.830140106895
292.742435413328 292.979122865863 292.853940654953 292.933029944587 293.24634476725 292.681611808882 292.92257044994 292.927886925669 292.991131274216 292.795976286189
292.205092902645 292.418513387625 292.328634199736 292.564011991538 292.896102514872 292.28399507863 292.445008535638 292.49800875427 292.520406459514 292.310003193317
291.433412931673 291.487252589256 291.518823010857 291.692642403882 292.048385859475 291.427905832244 291.694623236881 291.736755189329 291.559828287119 291.535664592753
290.240583083963 290.380784668764 290.399572006406 290.606315948561 290.779225276361 290.359895165854 290.339287250117 290.501683405967 290.462820061249 290.393346202151
289.612161565187 289.669080947079 289.43233698137 289.789972063493 289.921275449415 289.347597501996 289.672617460042 289.688796214514 289.648669494773 289.532855853643
289.34584972718 289.541335246792 289.387570711769 289.657438055311 289.77798140749 289.376648647019 289.571441016476 289.495963464057 289.383999103055 289.128968327937
289.972709604417 290.10871831 289.884850428187 290.129354706453 290.373238440509 290.04519839195 289.886033592223 290.148669729249 290.059550906866 289.866465808589
290.796878422158 291.065367184602 290.855169901455 291.280638395003 291.111923142658 290.834519603036 291.071441472667 290.99767981284 290.938232246337 290.862641655783
291.563080174509 291.777958325102 291.666438111181 291.993060307709 291.966686980922 291.570749714906 291.967134993466 291.853921847455 291.812906206793 291.63645158201
292.195770560424 292.34663416187 292.226916659807 292.535156053329 292.627906132767 292.169102648905 292.392183374197 292.384645490857 292.376041493691 292.103537650477
292.607380752009 292.83868373881 292.534231396205 292.87667693144 292.955960568616 292.495653241272 292.753531610169 292.82952626362 292.779065123171 292.525838395717
292.795847706238 293.085584112514 292.747312486548 293.009394044824 293.231827582108 292.645856944023 292.920328101319 292.816804250408 292.988703954494 292.703904289441
292.624174340736 293.002487538274 292.864205204226 292.982192607341 293.104306868819 292.704807651379 292.809449552305 292.847706530402 292.946642484026 292.70586254354
292.250179765644 292.609678703504 292.390711894057 292.609892732084 292.61040607775 292.23570974175 292.330151262253 292.31315196569 292.502837857947 292.216838228979
291.434575543721 291.866577645605 291.754477250086 291.985522811555 291.788454276075 291.429793809696 291.533654993011 291.395410734515 291.638060070223 291.356919597869
290.348712153627 290.87919064893 290.663212900695 290.790780772233 290.604972559376 290.392201406889 290.485622318446 290.34743583423 290.461850373076 290.173658080551
289.508781274477 289.917849794802 289.823221221381 289.868003052032 289.893386626935 289.55023699631 289.670054181899 289.421384347798 289.743811768197 289.370911768717
289.334999461884 289.810281177729 289.520151623788 289.836202777043 289.574781670354 289.544243345537 289.444281790638 289.370095369497 289.608062986251 289.328135988806
289.993732921078 290.375155422126 290.197172153087 290.428748186629 290.046709889517 290.053264113212 289.983963830124 289.896154235939 290.095948684547 289.933885162963
290.942786399275 291.310313681614 291.069607685356 291.181677462035 290.969278749127 290.935216170077 291.017976538121 290.962261410739 290.941137069761 290.936918374748
291.698440204044 292.044379965049 292.001683473601 292.045117322435 291.787310736714 291.798481551149 291.777228789487 291.867494090059 291.710713424145 291.736785195836
292.347057544443 292.628424752765 292.590275416548 292.597025254185 292.199123157231 292.355910271528 292.453175135528 292.336074710281 292.500265376699 292.259874752322
292.695624433524 292.963694429232 293.015470855175 292.834526966614 292.685935596182 292.769138168837 292.70392330718 292.725286717019 292.762552883523 292.691519256099
292.843408022389 293.220293876777 293.172258214728 292.926850533738 292.748112906749 292.890553261756 292.868807920084 292.918252439224 293.037073398984 292.85895558545
292.780657184278 293.123654776164 292.990585981622 292.845304919238 292.67149153016 292.830873196743 292.748701060658 292.86066116849 293.007327271356 292.770444517757
292.251089442555 292.522902063577 292.584885462103 292.363480262126 292.238493426709 292.423158306727 292.201538573534 292.366078290986 292.483001973384 292.358243809679
291.492901659366 291.625416656824 291.590176503333 291.554525656076 291.431936548885 291.493124222688 291.409742118661 291.641528957274 291.700526962634 291.533818810637
290.16936817628 290.420317055398 290.481859598303 290.417959407286 290.300263621927 290.417268907804 290.331820534088 290.487404964188 290.528006356934 290.453663376633
289.410655282867 289.497273578832 289.475780421148 289.490918535281 289.412486921865 289.472777408981 289.502405136635 289.631867998015 289.710560189127 289.645808267942
289.404443669638 289.426402998432 289.285320562204 289.544077868015 289.069743368197 289.205826889141 289.451891180287 289.547028660191 289.409601070509 289.339080926666
289.907918832163 289.891073386705 289.771380600067 289.877478539487 289.802684682061 289.725882587237 289.809196510783 290.024330172127 290.094980746038 290.016191892448
290.75603999432 290.765871663789 290.778275033884 290.61563247491 290.718875706029 290.674052231257 290.736739603313 290.946764745732 290.736118417254 290.894210539594
291.682106869032 291.576151732537 291.441428792949 291.358764057581 291.472659454173 291.548904027204 291.44591546145 291.810326474414 291.510626296605 291.618350623228
292.254266189752 292.000689562022 291.932689773624 292.072184365976 292.000761761654 291.989907519302 292.005661672809 292.397435878427 292.075806738233 292.080550015732
292.568537873309 292.165745798987 292.311206359598 292.292683796968 292.296668223737 292.299721587426 292.500144684791 292.656498386755 292.513626981838 292.470309941323
292.739221544318 292.515658088244 292.468180452221 292.446706150519 292.54338247138 292.560184622739 292.647744748241 292.979669721875 292.643850541088 292.575856914865
292.704042946705 292.454664317511 292.408406664068 292.469684351869 292.59033840921 292.5269159194 292.580450688169 292.854595890638 292.617522906945 292.54591877578
292.227703393899 291.960529129452 292.075346651474 291.920495092345 292.024340415534 292.094496516689 292.028729768946 292.455253127685 292.05257209149 292.171026765426
291.278482548513 290.982437524301 291.115756437087 291.055579142088 291.210288354788 291.352699123579 291.136769252085 291.678901164869 291.323858760374 291.384628759783
290.204827436288 289.95625747183 290.036137728149 289.991366788427 290.233814347081 290.252998314888 290.046927338113 290.516675362445 290.200111064588 290.248871241637
289.46409555232 289.168127329581 289.231399385078 289.064366748347 289.461547675116 289.464946803317 289.31654940882 289.77055730236 289.510172343801 289.419049828
289.138467435191 289.112253562246 288.99395465747 288.808070750233 289.39179664827 289.302447918635 289.190261157495 289.714990555279 289.379555241105 289.108828450922
289.618073988475 289.46309847323 289.780858966013 289.417407534937 289.902658815506 289.956330705676 289.602590358628 289.822996132627 289.763918015029 289.602474990466
290.692923716019 290.447854760068 290.487812959748 290.324680446533 290.80944880424 290.659671059025 290.544197291994 291.035311155546 290.869684478754 290.62484160702
291.453733063453 291.303116907497 291.326101048212 291.243964936342 291.640980398648 291.543110260902 291.397118744135 291.867313527155 291.617334011464 291.55741387189
292.088682290039 291.906114943476 291.920127693193 291.953693594855 292.246972535537 292.198850079689 291.982146623027 292.331880160021 292.302833843259 292.128390841634
292.481696292978 292.344470114108 292.370421866105 292.336123231466 292.618546023275 292.563513741384 292.393061753157 292.621956620651 292.465692954736 292.453151606209
292.635570449504 292.473269154758 292.674137896652 292.519459228033 292.787075870666 292.774948567568 292.690368373474 292.894894508362 292.671062108198 292.660810593094
292.700301703426 292.483907341934 292.589684070731 292.499608519684 292.735003261554 292.763429910112 292.607378169455 292.861056996095 292.729689713178 292.571865567316
292.34439953775 291.964359241384 292.174813011946 291.976461629334 292.2812752768 292.327776251409 292.106987918314 292.255231606577 292.296472248513 292.070876034761
291.55399354897 291.136910385439 291.323624070971 291.168961321953 291.439095630166 291.500179754338 291.403072872095 291.453773718269 291.611553137025 291.467152843661
290.270233534385 290.02889480906 290.169504135977 290.08488456904 290.312270563396 290.315028759478 290.214774325708 290.205546395659 290.476282488679 290.339233186255
289.550875695686 289.201282104088 289.419159545332 289.291136700567 289.307565793708 289.535245422248 289.597326949698 289.359732594348 289.561062937405 289.599115796813
289.218144341025 289.285323040851 289.422934689463 289.310961002582 289.221770084094 289.549809099079 289.48616959639 289.164321727678 289.391262243912 289.448716965086
289.752872603614 289.75043294395 290.035497674814 289.844410986541 289.879860882137 290.038084914874 289.795904724832 289.679931576017 290.02132274659 289.775763963934
290.830133944731 290.63903604914 290.860255309965 290.779258026482 290.742045058164 290.826593481891 290.872582865784 290.689784842376 291.082405779075 290.709913667784
291.685148766813 291.355386462754 291.809276982169 291.59711281398 291.62580183535 291.582719118323 291.733165277774 291.475392900283 291.814049295214 291.722465957102
292.224732332347 292.022409907206 292.350270910233 292.126547165804 292.182503868587 292.14615990405 292.226448538638 292.012517942412 292.456309420473 292.348940756226
292.544915622279 292.338776613754 292.706235729657 292.623869888776 292.459424466004 292.529882134546 292.730615865624 292.526166478195 292.7693028152 292.645396211784
292.73031619515 292.646235677011 292.891328273117 292.711121742773 292.574525675999 292.741638871231 292.901170519425 292.73083443061 292.87999115224 292.790895645216
292.702443337789 292.445162225939 292.764814150453 292.828836428216 292.65718648821 292.643444329186 292.862289811007 292.716853991483 292.733435343492 292.787358145992
292.293048958295 292.00689465841 292.250327662096 292.28782627948 292.19048070782 292.181408551387 292.259436005148 292.268700124151 292.191923141 292.322050272953
291.36370572068 291.402518116315 291.603540644649 291.504860665151 291.372482083689 291.347381277186 291.509105379685 291.399498383079 291.266723840326 291.737205768991
290.250998779871 290.299158492371 290.253153680847 290.389455972315 290.28838691125 290.212281449119 290.480203092235 290.401220534368 290.40068447986 290.640954885587
289.692627109606 289.410528715861 289.312710540192 289.527443298888 289.403626740092 289.397603164452 289.560275915583 289.68107653077 289.408456379488 289.741133232521
289.403663611845 289.188802585684 289.35699527205 289.456475761215 289.368848256593 289.249939163676 289.460990098303 289.443804863977 289.094602856628 289.644799542852
289.885354946197 289.901429547794 289.891169111334 290.174553423884 289.895098786928 289.91478989808 290.063886848963 290.133088565264 289.81280832506 290.055886695565
290.756428781245 290.889186079939 290.78438242725 290.817562358008 290.580117538703 290.680506746417 290.885869641318 290.898989967175 290.755565824124 290.874378885841
291.736323968219 291.525710612587 291.689417465902 291.74924534087 291.610574802692 291.540642794481 291.711888861447 291.798618509234 291.661621570825 291.725232218882
292.293079914457 292.194084566103 292.188981620448 292.183780115798 292.126831825008 292.109724416199 292.376844403817 292.394011797206 292.119825681286 292.355194413676
292.621045597936 292.568881300859 292.598059165452 292.497332194571 292.518094403615 292.534989421826 292.687745040879 292.795918521856 292.615141979315 292.657559406636
292.872444834945 292.699448268359 292.81271532249 292.753332396355 292.624887083579 292.720545423471 292.90853717963 292.967969333952 292.873870501056 292.879640936621
292.901178110702 292.692085538802 292.786356741783 292.717648145955 292.62967494818 292.737371560279 292.896025394941 292.923532623416 292.886895582928 292.948339578907
292.443790797316 292.257207477882 292.394047774708 292.277792073243 292.108078324017 292.216651124714 292.479071373218 292.426965047001 292.319542649959 292.487299447264
291.728156579955 291.45701180504 291.569299246275 291.27874322225 291.296558593272 291.543111719753 291.606750936685 291.579614989465 291.650652607295 291.546900010403
290.537454291249 290.192149132968 290.527091641182 290.409782300609 290.170366844478 290.526599489777 290.408014111642 290.481260660754 290.578411455832 290.469545006392
289.853338944297 289.444072872074 289.543431003286 289.572115794258 289.45356658821 289.623631380108 289.587514104678 289.640404802609 289.613206945411 289.69268985245
289.602438823697 289.317969654982 289.623971941639 289.357812560143 289.336092271427 289.548189725647 289.488965076344 289.541759654058 289.484097054951 289.23272850267
290.386353629958 290.14148255344 290.298632370724 289.993969938851 289.831602963001 290.102149376241 290.047977750358 290.008402041817 289.993116496725 289.973154253278
291.21728183024 290.885993324185 291.174037301676 290.819095892259 290.917247262444 290.917593664412 290.911838204472 290.773029043096 290.98158186637 291.125083907535
292.033598265981 291.760905537884 291.897022807259 291.692394034904 291.703575659345 291.906074538724 291.872395451522 291.605146055431 291.615685768747 291.626473161924
292.532149349773 292.422320374596 292.463025863616 292.249328271536 292.359959555891 292.473964452204 292.544246465928 292.121165421552 292.365913200262 292.225441430884
292.830159474208 292.753015524811 292.755530007666 292.608751329811 292.667514858054 292.826844808575 292.880077898692 292.535146139738 292.723893685565 292.606895071169
293.008621592287 292.891706092859 293.000996817147 292.688839660087 292.909099489787 293.083998810882 293.02576679082 292.782623272261 292.865222896957 292.851809193185
293.060461455566 292.847326200761 292.85170567737 292.800962002071 292.903051428334 293.054383664522 292.979992697248 292.806974013399 292.900769770369 292.863265233725
292.494572566825 292.504564761967 292.436658262146 292.329792889947 292.508462320647 292.63327953025 292.437853691811 292.352821027663 292.33510140788 292.461529958908
291.660415641561 291.717084387484 291.666247731033 291.507691603522 291.738445228684 291.821316690102 291.780092977558 291.495893568179 291.486525288196 291.531165768435
290.460672681723 290.602902477891 290.577695638628 290.421995406039 290.714896075467 290.617830784264 290.57112997647 290.298585345003 290.238800793186 290.28151347723
289.573490649621 289.744063132042 289.653150218364 289.732170784357 289.767788092023 289.803431766112 289.655284063445 289.645935872858 289.448835409255 289.520504323536
289.425887237769 289.461591824311 289.564079367503 289.588538832082 289.782461328638 289.756656223835 289.62947768959 289.447747310233 289.440082500329 289.262165004431
290.190792431012 290.03341818132 290.20120741852 290.148951022387 290.289412618319 290.08770686071 290.294312982485 289.827502435411 290.190825244872 289.847151106637
291.010008061958 291.01673756283 291.142921348818 291.050192366475 291.347803638514 290.954011494207 291.220444562018 290.87040782096 291.119933700107 290.899321295341
291.806736652391 291.690383610172 291.919565783457 291.817659545473 292.02778178957 291.721128748542 292.003936336781 291.575722630198 291.782461136728 291.779249394027
292.35926483562 292.283706314554 292.523223935313 292.386092220364 292.545075674562 292.283129690054 292.437910209559 292.139040323032 292.351251626987 292.331212264037
292.74345097964 292.676445255669 292.893440538903 292.792389316742 292.838351412388 292.76498283427 292.838882627679 292.596637078084 292.753031453943 292.573569024227
293.013516623934 292.899981040447 293.165454558216 293.006577440294 293.062623019878 292.862360576538 292.968423767004 292.748597459267 292.942586079582 292.781887182575
293.00833509637 292.883499741516 293.17026298697 292.914251155633 293.055181193547 292.80557448539 292.947782035074 292.803390530079 292.914807516699 292.823625634329
292.484522347166 292.396747803791 292.615476752015 292.420327357029 292.468673277133 292.380926703158 292.552024551772 292.351333058909 292.456502710718 292.407558611984
291.829169083583 291.717601397739 291.726344133595 291.558197821489 291.859165083277 291.464261443972 291.787669501112 291.476898225382 291.670380255294 291.435879885473
290.709785740997 290.54814215756 290.548160372191 290.382169290779 290.595053955154 290.256870927175 290.534343217608 290.542594683208 290.4089453025 290.305585601966
289.759812795753 289.816176437958 289.861513117759 289.741894465638 289.625213111965 289.623513956924 289.664168172312 289.734709749284 289.628398796195 289.609713287146
289.682362095582 289.579111436529 289.798012735326 289.513039873025 289.603766723519 289.493836890376 289.791737401523 289.537325080436 289.405961377019 289.521669481631
290.202762470968 290.290526644498 290.23065271697 290.076979292509 290.053150932937 290.075160608902 290.297496106831 290.134447708991 290.125550840864 289.988124548753
291.204531542199 290.980916476709 291.123375121909 290.916338566335 291.178320512399 290.930898341589 291.117918688001 291.032012130881 291.002252330738 290.839769134875
291.882806150583 291.832401529626 291.849360238207 291.771955165807 291.959295320856 291.717606057415 291.957458808495 291.815055205019 291.92370781034 291.809745671916
292.483874329143 292.313580301083 292.44533620831 292.202815149538 292.632783465122 292.345963850941 292.548080114179 292.256368039716 292.55362423083 292.406049243398
292.810668372041 292.756832936927 292.775470349123 292.572009348203 292.951701255094 292.672715196421 292.82734854936 292.658318033949 292.924085711888 292.802606337286
292.975617014475 292.951637355344 293.120664768022 292.813066265509 293.176798581976 292.847790816591 292.975999693911 292.898331266659 293.133040719261 293.037993146376
292.977486230433 292.972671806699 293.087612993366 292.862363475122 293.072503001175 292.861362931653 292.968394151667 292.987234419137 293.066099605335 292.994669472877
292.527199379814 292.44848581939 292.541482234804 292.395082479757 292.696037194528 292.305795574542 292.51440593901 292.522431757537 292.506512286198 292.527583550431
291.650119733671 291.633046427988 291.777204429586 291.489782457761 291.944546372159 291.549127140606 291.825828838083 291.884984694481 291.835985125204 291.705028807856
290.506516048737 290.614655422401 290.630439031522 290.387909895268 290.871198835978 290.460000941439 290.601397600912 290.767059798239 290.640071241173 290.605900872369
289.691370637594 289.861275007213 289.718409165202 289.518268486863 290.061381621038 289.621210582162 289.669666125441 289.721093210381 289.759248595079 289.945842449474
289.587024602283 289.599563667532 289.473261197731 289.358655667452 289.77223692494 289.351714308847 289.750203075828 289.620330444463 289.715269103155 289.806466672995
290.232515411843 290.220404945799 290.162927781618 290.096705360247 290.256858213259 290.014182173867 290.250708877665 290.287303774279 290.277761422893 290.377125430666
291.120803134956 291.116801612165 291.096696638642 291.035713923511 291.173579791326 290.866564515161 290.977429332984 291.132956169218 291.21417389092 291.020448358217
291.869691902549 291.962396720138 291.850242717791 291.915459764111 292.195045969601 291.789650638285 291.942330968314 291.945442476591 291.94699051252 291.752723044764
292.51554136672 292.484155532092 292.408018146286 292.455836632159 292.58265003173 292.346731231223 292.403976191695 292.490220933724 292.662296992012 292.469472941007
292.846547041267 292.914787755003 292.923355696138 292.82283767707 292.958721491438 292.605969405148 292.756027999854 292.806089770128 292.920892426855 292.813667489442
293.035889284382 293.08540549307 293.133474516707 293.103963273814 293.149772173061 292.820064088232 292.942586089031 293.172253931144 293.159764705413 292.99114609827
293.116061015348 293.138811564543 293.139057690436 293.025297901042 293.193904279888 292.775389749691 292.952255002837 293.152182065149 293.067536094561 293.009858786999
292.713371127907 292.707963177874 292.825051818236 292.60498399141 292.597881937086 292.443165498076 292.503379684861 292.779666578718 292.600241748957 292.535545128685
291.832044945053 291.857205563012 292.077515252535 291.741608079156 291.836978735653 291.656209272471 291.624819558513 291.880423950696 291.735913849574 291.728713938679
291.10385376794 290.565266772095 290.819881339484 290.635908638593 290.754598972994 290.517383629249 290.451858499364 290.933467087811 290.698316927493 290.697398224003
290.187447782832 289.890832042641 290.101503141513 289.900847916911 289.900984164631 289.86773035041 289.609098247264 290.070673039272 289.87931652936 289.647500594638
290.058869628117 289.808253110302 289.904064940318 289.739834543969 289.816280562734 289.630319702717 289.492794835662 289.897786745633 289.879931270984 289.582665044029
290.66556090269 290.277825232012 290.652769899121 290.515430451275 290.281472746628 290.28952687071 290.271780393396 290.533058321376 290.290620977834 290.24366768614
291.400596739491 291.312016788762 291.538778384198 291.510883486375 291.340874294646 291.135102948751 291.135366800338 291.417992439544 291.269022517587 291.213694478239
292.208373587193 291.976617971319 292.128292249929 292.290510923278 291.971929108765 292.041363545629 291.89766280488 292.243585791226 292.084123820767 292.040080296258
292.648349892522 292.579604078662 292.61446864234 292.832053104718 292.559034448625 292.547162612494 292.326096923015 292.836310558614 292.741516902678 292.545546159081
293.024996492963 292.956382846633 292.9782915008 293.096811320059 292.924295838748 293.059746784262 292.741644824828 293.194980557295 293.035332693921 292.919772697568
293.141581888909 293.137737706677 293.03355738482 293.072973567331 293.022320146209 293.264554479041 292.826661552845 293.308371225461 293.216092327988 293.18697486515
293.069220084887 293.192583603899 293.030990559876 293.073926894801 293.021432203948 293.207996707088 292.86365712043 293.217012070167 293.231248718375 293.108891643796
292.686148479655 292.734328224337 292.521270731585 292.561996801023 292.649355312822 292.801561134068 292.43613075762 292.583939923841 292.922782666169 292.727222001375
291.817338117138 291.95617483261 291.62790466868 291.682808959002 291.683436827779 292.014636754548 291.607302921395 291.604600925081 292.094852397498 292.040064339941
290.767566767372 290.890188047014 290.539719310714 290.575712874231 290.714811416416 290.795090054076 290.467620846239 290.622807844898 290.948058920756 290.890607600276
289.947659582025 290.070061248719 289.536735604547 289.677878839704 289.86813749235 290.142263011697 289.776358166019 289.770847798464 290.231653991699 289.978516314227
289.805338328779 289.585287778797 289.595606811298 289.539701679994 289.77801960827 289.942848815668 289.666870713627 289.691012876552 290.122658393386 289.96579786818
290.457321901366 290.389964140105 290.328744912558 290.040238314369 290.359859284017 290.41917116953 290.26927451076 290.066140656409 290.870189763752 290.282304365479
291.294861699366 291.371373376363 291.221130792021 291.103834186372 291.254533390065 291.4215727651 291.090012400705 291.239164575989 291.579846207439 291.243067517161
291.990651679162 292.301959478891 291.969577588797 291.918417716364 292.049623732533 292.158199983534 292.09327330645 291.987510996827 292.374636894105 291.946578464299
292.678607417196 292.731426294452 292.601802338684 292.569978899465 292.623194756892 292.741029657662 292.620760037221 292.472781421834 292.945537230576 292.563814100216
293.018368973354 293.151021063238 292.970479970762 292.843980376096 292.902550028974 293.001185617535 292.954613394628 292.992901767519 293.181064053534 292.861946419052
293.241169801309 293.331983837894 293.213220717051 293.043267107353 293.058089375401 293.247670229915 293.133405860247 293.200468124112 293.289011469003 292.970139298604
293.233412308001 293.167894149524 293.18083231269 293.049083259312 293.09700942376 293.137912412852 293.081784020743 293.068133754522 293.256574757577 293.028392475667
292.921325187284 292.741230927926 292.663191179036 292.666762536731 292.62436793029 292.651131589814 292.631805659382 292.57898314841 292.599170907254 292.66074765874
292.159827275406 291.844825465195 291.825463421936 291.910453554771 291.879286033088 291.761219096796 291.775322767804 291.791588145426 291.828432643098 291.779323066321
291.022108345327 290.791937536604 290.743474947159 290.738539915638 290.756383186409 290.762598832011 290.887668300437 290.638909344387 290.756605439087 290.661135764524
290.224192312531 289.800744972218 289.884934638743 290.002508390367 289.911888841657 289.874214668239 289.928660810369 289.809341773083 289.900166181967 289.874221281714
290.249355299008 289.529228886287 289.820360351424 289.729864107948 289.792318440507 289.786311714921 289.707565768335 289.662725445048 289.604001655294 289.815332909091
290.678575891717 290.162178357062 290.19275904418 290.248091025637 290.279477139575 290.310637732078 290.391949652543 290.188887855411 290.117372999402 290.456152028748
291.425712189011 291.143705977195 291.223077801041 291.381983450811 291.384700500832 291.196070254119 291.400805577473 291.280312792509 291.275735895197 291.303765238938
292.162007126332 291.949667390146 291.971201803588 292.08872759103 292.065195073799 292.100882530762 292.072340806053 292.106788095845 292.111446235877 292.13672468284
292.837178320539 292.44184190093 292.539354751537 292.71805119506 292.765601553624 292.542569959548 292.739031604856 292.618164300537 292.632757797911 292.697599006406
293.172854860967 292.874182439538 292.930706801156 293.051815664856 293.195168616276 293.023409247731 293.071984428627 292.985017803497 292.857126934791 293.006471297808
293.462696765037 293.094235501095 293.111852819983 293.269329953345 293.485648125139 293.191736151965 293.228746118704 293.15461944384 293.124394097112 293.235726148435
293.369115649845 292.972829764815 293.020527303759 293.259911097989 293.418278194182 293.171610710706 293.335599274876 293.266019839923 293.117270900204 293.228302641044
292.783326980322 292.56299269923 292.552621757062 292.826356589491 292.83947978913 292.623535328899 292.945433057662 292.625806974908 292.690814883171 292.768772402939
292.061088835891 291.646456744843 291.733037766578 292.071271922109 292.030821180409 291.67666744498 292.216175608878 291.995722324271 291.909992995455 291.898053291958
290.853510850981 290.558305807445 290.700449303625 290.872015747613 290.895687520933 290.657301324316 291.077750573192 290.879726549608 290.715547842559 290.694693762485
290.099128011978 289.653912990884 289.87494041 290.042140087991 289.89300958836 289.858566950378 290.335982869464 290.121091880498 289.922355792251 290.006881032335
289.959121361785 289.517718583746 289.802363880476 290.001241030871 289.867541021132 289.678726131708 290.053298087159 289.875968324918 289.77387834752 289.718592854686
290.529602600417 290.097148994741 290.358120103095 290.564757632474 290.352410638053 290.361263590122 290.51335817451 290.518689750869 290.502142223403 290.562866046993
291.398930548478 290.909546561964 291.180318045548 291.484406875788 291.295881782941 291.226108507094 291.605553226454 291.394482052142 291.141079088926 291.272035124398
292.042306357633 291.844862500133 291.82191017659 292.227760713658 292.212315948681 292.02234533386 292.484396796371 292.145068001433 292.052794751775 292.193700875297
292.683435981698 292.423684949943 292.439258823907 292.827809583471 292.681882431062 292.732505575724 293.004296259634 292.77308163269 292.610527007288 292.696279266477
292.941836695246 292.773623719961 292.772114817641 293.128467113841 292.97825742724 293.109116112035 293.278637871196 293.139427757367 292.82574920084 292.993865935516
293.200646494 293.095269164224 293.082822130897 293.189971222634 293.176288544618 293.374008971875 293.491947546898 293.325227438799 293.186477889976 293.191033870169
293.108129926589 293.076624544368 292.943335979738 293.132300467563 293.213099728197 293.383183562381 293.491843698887 293.225303008909 293.143155325169 293.134246784483
292.788213035265 292.583029195221 292.561832229682 292.668147537659 292.718154654689 292.818921937677 293.057233379662 292.645657036073 292.648739363251 292.556418333416
291.909693544634 291.844609628343 291.849572329407 291.828578236792 291.685532703014 292.130538451121 292.274180958286 291.801320272792 291.85395191984 291.773516003024
290.763223794712 290.689466921506 290.603315165339 290.683190266577 290.63077161319 290.891035230637 291.155070134746 290.821359598536 290.748141705472 290.60244380791
289.915944650127 289.942268071449 289.774791189924 289.798612741093 289.758999047173 290.293108634587 290.209577995318 289.97950056869 289.984087272814 289.618549753102
289.762863070194 289.647696619899 289.833625361193 289.640988775774 289.617262051756 290.037818659106 289.99974003264 289.81062369461 289.720602644624 289.529858781086
290.593876041329 290.250399980698 290.353036061331 290.190031466289 290.396355585806 290.393941854002 290.523345920995 290.343356185282 290.624515665822 290.163670861725
291.46439916117 291.353092890418 291.10010864184 291.177344575778 291.273137607868 291.234248260409 291.506288194395 291.211646885766 291.433121199227 291.153582457128
292.163785411874 292.015596062761 291.887503054175 291.939253395065 292.00791616295 292.083777455407 292.290940937311 292.140828973007 292.197712973317 291.990816529036
292.767669038023 292.572079332357 292.572004753311 292.564742653111 292.673445647712 292.721391186055 292.872360264383 292.747966248946 292.702045890929 292.548619146784
293.148116448068 292.879067019589 292.913981908419 292.917290764057 293.059053237804 293.098395512737 293.175541601007 293.131990272299 293.007281502764 292.855212034279
293.282028244107 293.139468072726 293.257260847679 293.105454867811 293.311247012443 293.318585888544 293.338095467168 293.400599876127 293.219051187206 293.013420983725
293.264743839039 293.210105911026 293.137114837372 293.085350166208 293.339640005968 293.226672535367 293.30589928709 293.31646978376 293.155771319819 293.016966783596
292.868349866661 292.698886281449 292.743007037478 292.726186027811 292.824287703192 292.738699946294 292.823122662264 292.872017315915 292.847076375648 292.583896456423
292.017433972631 291.948328546475 291.918571790817 291.85193732554 292.107835393894 291.919388569644 291.872784552032 292.140397777037 291.966091059609 291.725464576971
290.919022991509 290.923231973726 290.745238775496 290.837872417698 291.085710303052 290.606887693182 290.717447659729 290.932700550699 290.924548785655 290.718994684595
290.100852481031 289.98286625406 289.948415934182 289.923048587963 290.206947861431 289.946839526727 289.885542095882 290.000970501886 290.078627566886 289.920966445497
289.9888933822 289.855296748017 289.587351074829 289.949566860841 290.278614837861 289.95594191978 289.809079861546 289.814075468862 289.817357518469 289.54762669964
290.518037398844 290.479497339558 290.302243232585 290.426773191294 290.726153030325 290.453136356127 290.325160885629 290.567761985074 290.40906633315 289.996111969535
291.433250206702 291.417785750419 291.43753776943 291.261265825207 291.653415995703 291.305062338641 291.208263034166 291.230374447158 291.276032556724 291.20610289502
291.981361923942 292.211515694256 292.100202965614 292.199859931644 292.55111012829 292.037972724138 292.018407639495 292.160140436016 292.043956495129 292.010295498929
292.577065139383 292.728317965142 292.778099842182 292.775891257032 292.967957648137 292.702841115692 292.431630499804 292.721675834436 292.728332653705 292.469382295449
292.978411050849 293.138666393413 293.114041656666 293.102642503655 293.305569522618 292.962309843622 292.846984408781 292.985091878316 293.045550505157 292.943709495294
293.273317119778 293.308829948463 293.324624769078 293.303776169056 293.353025987372 293.21078669987 293.042669321077 293.295188731275 293.224372568675 293.214472681164
293.21682965925 293.37087679198 293.286143917507 293.375514631721 293.356393130132 293.199407020022 293.103973699675 293.202454053605 293.224518930459 293.231012402432
292.698991936378 292.893454420713 292.855187175131 292.862028768649 292.877122904184 292.803611621748 292.548833081305 292.757663951758 292.66926872381 292.646807194685
291.868671820576 292.116711741087 291.964492727877 292.156946109811 292.071703176666 291.960507819529 291.694707083912 291.933676793293 291.785908775664 291.81851628059
290.795315256777 290.996788342491 290.790660834495 290.982994113581 290.836602298773 290.947168116047 290.718269413066 290.842118095404 290.837961574111 290.716923884004
290.016794838391 290.241437393034 290.094920770039 290.257518161933 289.884166939248 289.917246642578 289.86792668151 289.868212425535 289.973557765411 289.99911540415
289.791187728836 289.845634791093 289.831986077115 290.220297713874 289.745479417842 289.713638735879 289.825089674145 289.597512320042 289.528674899997 289.949190298333
290.482384740724 290.498304744952 290.527898846055 290.874010380268 290.326016695999 290.659389556712 290.267669945139 290.339504699321 290.210555764574 290.546285591518
291.294611522935 291.393338170757 291.322496493116 291.621990540607 291.194008255205 291.616578480252 291.350589075063 291.216252021452 291.329480155939 291.493423238222
292.004209541477 292.174436609993 292.08332548622 292.461870908855 292.058751145752 292.224639135013 292.225233523645 291.909922479032 292.078309696342 292.206903369586
292.611822173346 292.759719503103 292.673378752727 292.95744051904 292.688270858945 292.856442805394 292.856092543448 292.463399216798 292.613625354245 292.892804964724
293.018158898092 293.172330614056 293.050382661558 293.301631225439 293.020851537709 293.306793983294 293.182985243097 292.845935448368 293.085757494987 293.27782011877
293.216374845139 293.336673646429 293.2520383453 293.511550019812 293.20427248608 293.449770284388 293.338633358313 293.05260558818 293.285769493396 293.407241538885
293.22562620239 293.283629070235 293.277433127551 293.322343048982 293.066490689882 293.272099044188 293.467911710042 293.020514141471 293.364051385121 293.208656108284
292.707524446624 292.799897698147 292.733794306595 292.727183812274 292.604965100944 292.790298560833 293.0150862271 292.55703355873 292.801050355301 292.741644239111
291.917886306277 291.882174604009 292.026885860515 291.786087071488 291.841807778447 291.983396486754 292.195757979879 291.853651242109 291.801515679861 292.036842550428
290.645369915748 290.527179435391 290.98056497639 290.640112000402 290.738813627788 290.766438813166 291.09057458764 290.748508115877 290.660083289541 290.818667411615
289.835205774201 289.839595768111 290.013219666984 289.841482808746 289.913470102906 289.911549737912 290.386674470779 289.965965866633 289.876936658177 290.027876594783
289.609271628579 289.760373036047 289.877572505947 289.775310773677 289.770162905632 289.667166505276 290.308849181081 289.812675659564 289.71305512544 289.832250240251
290.288635178825 290.135222695722 290.504872470518 290.53224787889 290.484794101562 290.178379926634 290.718180291735 290.533096291804 290.474699284427 290.324827557741
291.215136829356 291.070948222782 291.501680955413 291.25063981555 291.426330147724 291.130427679356 291.441940477393 291.184867223859 291.164474608928 291.273257445476
292.045657194657 291.974273618493 292.34736954395 291.79908394733 292.212682888104 292.028007899321 292.366591376035 292.059973737468 292.037378542923 292.052866882755
292.53569543783 292.572239556528 292.892639608409 292.556271422793 292.701384239817 292.513628289151 292.860435985089 292.647124810962 292.644132293857 292.603245054861
292.927975404132 292.896264702034 293.245653896334 293.089139322199 293.022704295308 292.884724593512 293.251526437544 293.059039337886 292.976254686944 292.969518979902
293.071651856564 293.080009982994 293.482991660022 293.270684746845 293.288686366368 293.14129589357 293.371865847646 293.289352631307 293.188189101606 293.168407340378
293.07982666504 293.063133373822 293.398111690852 293.195488554728 293.281235908102 293.142844083077 293.258266832939 293.405313147137 293.147600795476 293.083398272113
292.652272278058 292.649153510288 293.039519287586 292.788999029587 292.930294811898 292.667388674402 292.820144397908 292.972921281776 292.697947510941 292.658732165008
291.903012930463 291.800575538253 292.151391107244 292.028075120858 292.268226436153 291.657558303197 292.078669169919 292.20516223283 291.869766683377 291.707594000336
290.772249505173 290.618569127255 291.012771407294 290.92453959058 291.091832617937 290.609250344227 290.88043763705 291.210257360502 290.641875317264 290.550849157133
289.928506926711 289.786745914873 290.331133762219 290.109848036637 290.211901968236 289.698913782732 290.159010151377 290.086752045776 289.869075248062 289.835663738315
289.813050027499 289.874939002734 290.147819849616 289.98730297803 290.044872566836 289.550269027816 289.986312274175 289.844113379733 289.864702736196 289.720591971625
290.407381697952 290.322131232413 290.600174764961 290.354386410544 290.657038933041 290.333236838437 290.497713815254 290.2048649685 290.307934957808 290.302791196978
291.325621199668 291.307423298188 291.370681974725 291.410425236333 291.583122565563 291.322519834993 291.340106748208 291.329435321002 291.298083676391 291.212399582667
292.160345340505 292.216474925989 292.260846350741 292.359137786918 292.188180384841 292.051884488326 292.009142004475 292.206443133123 292.137479940781 292.0275714546
292.8319241244 292.628179840322 292.720070296863 292.857294929571 292.926440120077 292.487595531429 292.619339726924 292.866993845038 292.551511863104 292.620473893764
293.03539883027 292.987050616581 292.996596060362 293.196562030066 293.261552402038 292.753077855605 292.975155582809 293.201962125939 292.927546197697 293.062975427693
293.268317892897 293.206895288345 293.222008812648 293.334920761982 293.461894331127 293.015633912877 293.29240378224 293.464589260176 293.173436881564 293.22017583031
293.346450484157 293.21691945999 293.214262062696 293.310398378581 293.42904003642 292.988111741598 293.280616861924 293.369557259119 293.210562070086 293.217944541746
292.838804109125 292.644190885807 292.695660913083 292.810467578889 292.889681034511 292.623002398433 292.694840242518 292.938946144906 292.760923881708 292.727995668993
292.137422181991 291.791782415074 291.921170210065 291.947112368799 292.108419877327 291.664469543411 292.053290833622 292.091469169589 292.017331955863 292.011307580559
290.804897531585 290.693878018822 290.85847559562 290.947725842718 290.952306384943 290.589785414868 291.082335896634 290.779326685015 290.837837017048 290.908770638009
290.126127242564 289.749585488595 290.013143654078 290.155558454917 290.001032246263 289.742316494629 290.092916963557 289.852149040883 289.923263815304 290.084461458357
289.879347092929 289.648671861107 289.951338797775 289.97967372639 289.891256315258 289.634717919168 289.9482553099 289.900439430737 289.97851865646 290.043131085105
290.585900525357 290.357420645501 290.47132436752 290.603827617737 290.538834159853 290.349709140747 290.684566831547 290.358621754415 290.45003259409 290.482137375139
291.32126250265 291.215343609757 291.413706124925 291.396659313372 291.38524285081 291.17319495792 291.513021957218 291.317724926095 291.381129272129 291.2438963322
292.202214114359 292.179651679466 292.291299902147 292.30523971783 292.284169296256 292.016496015124 292.232585662108 291.978286280922 292.331029179541 292.177110441622
292.745813618724 292.636129614036 292.609778801118 292.76139996104 292.897759046184 292.550825523399 292.712270180666 292.60856716761 292.728397410938 292.753208469262
293.072340462342 293.048982908141 293.082967691494 293.16117306704 293.207086974521 293.001159940033 293.206777540468 292.934813075172 293.216830873864 293.049280061488
293.372723263494 293.233726880739 293.312790701926 293.37846148447 293.510786577426 293.293557436367 293.30624670822 293.161651926634 293.456979807647 293.320790663868
293.344135331893 293.216281046648 293.304058670656 293.331684152921 293.530506100472 293.33958883718 293.343089552227 293.204488397814 293.340960408316 293.299318586321
292.941988269935 292.802160660057 292.897074133974 292.944151870331 293.143143537405 292.954542533384 292.981785644369 292.644818691421 292.936040089663 292.666027646476
292.102252940977 291.888438348363 292.137582700733 292.067024246166 292.358575650228 292.180896479226 292.196961546218 291.908036603987 292.150437597177 291.989832766452
290.985491650423 290.814595729553 290.980348333656 290.964839613971 291.10255320026 291.113775171988 291.17568890525 290.840803481412 290.934718592876 290.867062603573
290.323056645226 289.996915998146 289.992000825902 290.170991188086 290.237471563691 290.170190448349 290.232388282419 289.872684607702 290.282213198828 289.88138193885
290.033454154138 289.779491285594 289.858547198166 289.976929788618 290.20561951726 290.002132923014 290.016007449883 289.666405726105 289.984884089359 289.785400085026
290.627937261976 290.463116870544 290.468900348726 290.426873906768 290.742261898275 290.59735671528 290.466399439391 290.480929513625 290.386181868722 290.339451894327
291.511569929175 291.328945513292 291.56131705857 291.423609938504 291.578131348238 291.407302908458 291.587047675247 291.422359853339 291.380769162424 291.274869251402
292.245661128234 292.106021418296 292.192082255721 292.267269628631 292.318982333976 292.19323463938 292.357891462338 292.281636720523 292.219097691907 292.015473621103
292.722613399583 292.792110534087 292.90472543264 292.814819885321 292.900641797275 292.656739993779 292.998143677434 292.852283695823 292.805038915406 292.592568440623
293.152908680944 293.120356353256 293.250492037092 293.010243202851 293.144042911587 292.996130819567 293.271664746862 293.20884330466 293.102481281845 293.083663801196
293.40218998022 293.319935666488 293.357198231041 293.143999829485 293.294116970671 293.169339517916 293.508480469316 293.519670166942 293.283859715939 293.230708305288
293.310096240147 293.324493849519 293.251648955729 293.109418195031 293.132755877593 293.184700969465 293.45911914214 293.558200011809 293.363470180194 293.213759695053
292.998697272985 292.921537126302 292.743695826611 292.621995424772 292.608517408728 292.80414461287 292.797162733811 293.12277901182 292.794414334205 292.613474484041
292.191456285619 292.066790050183 291.920410841409 291.710708353684 291.777379701174 291.791541351502 292.049829962019 292.292344467912 291.934317981201 291.774638529123
291.096389132183 290.978923730545 290.829008187966 290.676401662389 290.624423248955 290.636122197596 290.855431865393 290.898139907795 290.752953093449 290.898556595367
290.229921525657 290.09153971786 290.062538141925 289.78801220935 289.840862623383 289.626825371926 289.889247185426 290.299449402139 290.013150913077 289.879764589136
