299.277884287992 299.274307636093 299.270909211725 299.269692963483 299.288515212399 299.266269541991 299.276639562106 299.274551333347 299.244695361111 299.278530215299
299.060766168279 299.079273959062 299.088235548474 299.076103992698 298.981692392033 298.978937612424 299.099237857768 298.940734739454 299.002052954293 298.923639285598
298.917365127404 298.872450803007 298.939898617662 298.911021539177 298.789433454297 298.86784700008 298.83812389837 298.86083471562 298.839823225324 298.904662124373
299.265636377573 299.313989586004 299.251292853007 299.341699194997 299.299148537908 299.183501869615 299.185686026493 299.115120514925 299.231585280577 299.497616962596
299.787415141547 299.608160731128 299.705013707293 299.900136134312 299.817248907946 299.700612313888 299.665756924108 299.517721857257 299.828730834186 299.830698697256
300.104197697349 299.693761137324 299.947271834388 300.073275788052 300.04805111013 299.806549404387 299.683881664006 299.729602439345 300.018332466388 300.084978029374
299.823803131288 299.546607071202 299.706490167946 299.899061568407 299.894945152373 299.49287291602 299.516791613484 299.389844693731 299.657678309117 299.636375127936
299.441727017006 299.119431968807 299.381743067597 299.618937711325 299.470490032904 299.148014347171 299.123293291413 299.091228526528 299.240513044016 299.303709542704
299.074273638313 298.833319575834 299.119155609667 299.405751686902 299.087372545023 298.838998055716 298.798449923302 298.820520676549 299.029231260319 299.025021976184
299.184890737005 298.951951182933 299.264193666205 299.535544807509 299.284033962692 298.956112269096 298.840210332944 299.038643255139 299.110367134132 299.12707103922
299.449820249717 299.25471126716 299.685131771848 299.912325310441 299.650395845386 299.292023110716 299.215046474064 299.419071498864 299.429568164828 299.317742258585
299.577800895415 299.313551175358 299.747079194083 300.173587406786 299.723775288947 299.397299895816 299.245989757836 299.580047735389 299.504667266879 299.487435003411
299.418804837011 299.133421131291 299.74007564559 300.0301694627 299.448038974346 299.35685442047 299.04501392959 299.371992367774 299.267283595278 299.313887065112
299.087058105667 298.88323367021 299.446319339898 299.638559094285 299.029838357386 299.088546254977 298.709723400579 298.879266577551 298.90510660342 299.011376883749
298.948986802778 298.868004612352 298.984302050889 299.510165894126 299.026094110967 298.902813962149 298.567793061752 298.768385919025 298.654044942832 298.609263906364
299.232086318179 299.229677254941 299.118516245157 299.743529237047 299.184221718565 299.258035157519 298.945986110658 299.116855016885 298.965316796608 298.897720021491
299.524081863004 299.736044737085 299.494625074776 300.128359611272 299.76035568519 299.764657620024 299.476708203185 299.544673257968 299.422411283353 299.363167768263
299.784724211247 299.911123728817 299.648836677036 300.314106128548 299.862728873675 299.917862905522 299.592760050331 299.830302630475 299.603627773384 299.613984290002
299.506377102261 299.650023870013 299.418200869174 300.205092156719 299.728891051505 299.694894296741 299.318546185325 299.584309338633 299.491633387046 299.356963412552
298.90740800628 299.21059155862 298.907675392957 299.56506105733 299.206131919641 299.080207404535 298.936258582197 299.192463359221 299.070498892081 299.002555044115
298.669806970188 298.903669774558 298.811716682425 299.233873691282 298.92915692686 298.806483114413 298.6080610711 298.883421281941 298.881394012055 298.795871151192
298.666132485138 298.958658311377 298.964137027831 299.287533579692 299.024266589217 298.90966308628 298.776376544828 298.985234608379 298.976477324426 299.046714235099
298.914276804813 299.318074590358 299.136978479026 299.640035186104 299.382247840836 299.274838419722 299.041272844364 299.323377789876 299.316179140453 299.401996068869
298.881300942758 299.682197406569 299.254352757804 299.799516805223 299.580852146748 299.439395079655 299.250583030814 299.519962426772 299.508239550419 299.611682595798
298.603094323738 299.546424015301 299.034209568234 299.448749590049 299.365835919212 299.352115614284 299.034755144129 299.467143496878 299.419180514527 299.576524808982
298.321129383501 299.230641003376 298.727962766351 298.940743223873 299.055238008624 298.995065284805 298.724511106286 299.121809945948 299.101205142195 299.322420035564
298.233480384616 298.98177555225 298.518280696171 298.859728845697 298.967447464336 298.91965841385 298.60864316989 299.08659472563 299.045604718353 299.12962135927
298.514888884104 299.192217344635 298.851678270463 299.181224830702 299.231048046201 299.367950994712 299.02167191708 299.406450252364 299.417757659116 299.494372517771
299.017040341467 299.636151107279 299.251807487173 299.636537671586 299.786770393624 299.740469423515 299.547055889596 299.969674471931 299.857683974719 299.948957513503
299.256504311719 299.735405629485 299.410095807439 299.664341977579 300.001933464353 299.954463969457 299.652280171557 300.148385402875 300.073029247272 300.237525546408
299.04255192001 299.486749632233 299.100984561086 299.453589694867 299.791565433956 299.765981007203 299.313731729914 299.962236932977 299.873597693105 300.105005976071
298.757059181607 299.044278440617 298.737154597022 299.01542320636 299.138849958468 299.346305244372 298.90807547225 299.491617206178 299.600927765599 299.575951705824
298.488359390968 298.75070069771 298.396143776339 298.759202967305 298.881801445404 299.115965773875 298.627778641146 299.217856415712 299.527829532217 299.23672913912
298.692569678591 298.873831441049 298.620223550851 298.932196790714 298.974480096987 299.204593462321 298.769039259683 299.357427681387 299.504042376572 299.270996051979
299.092324573012 299.0828544675 298.895354380331 299.143231509701 299.35230529656 299.545255799663 299.032183237032 299.696837534827 299.842967792369 299.585680706989
299.361984520629 299.231863040213 299.139257468862 299.22516486647 299.476008660215 299.744038608145 299.293577168415 299.993603042954 300.015652710893 299.777592253626
299.336192079137 298.97316797911 299.136645509522 299.082875748362 299.357141374212 299.651694470134 299.227191269091 299.941317807219 299.792319881007 299.519632397586
299.134867995354 298.670067190125 298.80601352034 298.715463539402 298.893698255523 299.144111540897 298.915744905727 299.680761228564 299.468407270242 299.099692361427
299.002081959709 298.694274678912 298.726688796963 298.619243804265 298.80656101431 298.963865944122 298.738267711111 299.417991950432 299.497114026725 298.800614176662
299.462073147083 298.942196707727 299.010309032728 299.024246967084 299.254794937209 299.262197190411 298.983952878952 299.659053311497 299.703622434607 299.193489851248
299.847999838616 299.427044346602 299.524405705158 299.457515795657 299.710818950579 299.774782773155 299.490311270895 300.203659628443 300.093296852941 299.637342254867
300.104859170195 299.614280439421 299.76697684068 299.759475441406 299.905866376776 299.916511161461 299.540470923119 300.22573959719 300.236443977508 299.805543654052
299.846869848603 299.349136602215 299.6425120395 299.492335936518 299.746241872087 299.769697311991 299.336837162133 299.98394852466 299.977738149233 299.495863929143
299.285858167314 298.785384238014 299.208844032258 299.038813518959 299.389909488944 299.337478523311 298.891273761263 299.509258360087 299.415198286724 299.190018807547
298.995902058352 298.614887820203 298.979902581779 298.764736165872 299.081648971291 299.010399856067 298.677847061734 298.884190642324 298.970531359705 298.997362027626
298.958990036878 298.905229508105 299.136604877608 298.905930537936 299.235797068083 299.231621521303 298.806309264639 298.864320566183 298.998385087764 299.221340742896
299.197985924512 299.261219638207 299.39933502739 299.213724202095 299.670461802373 299.519724115117 299.188112062024 299.155903287594 299.233046539631 299.575834206939
299.371070986963 299.454130973305 299.686827949048 299.332544127681 299.768635176252 299.656697914135 299.466400504934 299.245042535733 299.293093063608 299.828254640609
299.179887712945 299.344074555887 299.420582388032 299.275733173118 299.720897328256 299.443800328601 299.39132690536 298.98808914103 299.165825009898 299.75805830819
298.801420940113 298.942941806332 299.247928910728 298.939790219417 299.327054313636 299.028312303381 299.155770211181 298.647978985964 298.742291890611 299.492364332418
298.614672018988 298.989085850137 299.246335363948 298.955147631674 299.099927452877 299.121125262167 299.146719762322 298.648750422006 298.715369478528 299.331329518564
298.931458237253 299.192760327641 299.643144415272 299.2517832786 299.401373787848 299.527168029671 299.470991395769 298.976004367143 298.910797794331 299.68466259138
299.465281223608 299.724677383644 300.10591699105 299.6813336942 299.986159849758 300.012174954269 299.745783436381 299.366945229969 299.320897269511 300.278899959897
299.693137046444 299.875721689448 300.215829746821 299.928722851617 300.278966670683 300.129825670432 300.033342085862 299.595451184116 299.437553049591 300.384885429617
299.457708479023 299.860288580136 299.990488445046 299.838861947519 300.073837038477 299.886370486048 299.792684648591 299.443290640651 299.172028842413 300.029697477859
298.982798170986 299.375848888681 299.404435952714 299.364817527631 299.596109360808 299.378345524721 299.498034289108 299.060430084996 298.549738403896 299.550498641851
298.681662488992 299.203035425677 298.973959842308 298.994569141108 299.219912079587 299.127135811699 299.194687604277 298.754946359876 298.452868551451 299.061533156416
298.864795769214 299.34734910869 299.133813740557 299.290264712067 299.331187589862 299.335168229121 299.334149792577 298.954657751307 298.635292744285 299.047035309386
299.179646602332 299.694310536317 299.339474557626 299.616320152865 299.474877716675 299.707019648501 299.783690685084 299.15835824525 299.042858227359 299.34183522904
299.274127080984 299.926508901554 299.576762182421 299.810049808472 299.613864308496 299.962222263643 300.01845936827 299.236081687186 299.097471763055 299.442698448897
298.997613211991 299.690354964621 299.436512852099 299.781903335653 299.406942000402 299.810535777361 299.871632043775 299.000543916909 298.934990201605 299.15297555925
298.721218578007 299.363536000078 299.08212815809 299.318254730518 298.977453250956 299.545727865048 299.548474397193 298.681015811037 298.690701150245 298.674819146939
298.773725783586 299.172504985204 299.074698943451 299.305707132706 298.737825922647 299.314648422545 299.336444404815 298.57249365729 298.727377205964 298.600951181087
299.257333365359 299.410921778666 299.317907032044 299.49120390862 299.028069963245 299.650733242358 299.666231913435 298.808911130113 298.883124222817 298.874788708437
299.581155928706 299.726661933306 299.711388325441 300.042932788876 299.499299902181 300.037166531109 300.133909934458 299.279300899346 299.459882933465 299.370425435491
299.816192212958 299.831611072541 299.975278379444 300.145534986247 299.663131841138 300.145255869918 300.257075380697 299.553708400796 299.477713216677 299.473836559679
299.560314876551 299.623754606209 299.748368035998 299.720330294307 299.366215508478 299.921071115969 300.202301789955 299.295946749802 299.259814304237 299.104891132939
299.214525278854 298.923333360017 299.264185382336 299.343978146009 298.86377158964 299.651207454878 299.706490992386 298.923935552493 298.817515736276 298.802418825751
298.879078864855 298.653479035981 299.067240702024 299.135231476578 298.551660031517 299.395656558344 299.246777525952 298.759413783755 298.519778394572 298.527732387937
298.929213783093 298.705389267482 299.233886056587 299.278364678714 298.66029367666 299.570584518224 299.352964580098 298.996107611933 298.736314426919 298.60212044145
299.294177459947 298.90721580868 299.502064636177 299.55023636241 298.909686238363 300.009105045552 299.585755756696 299.338481154991 299.147125827205 298.898113750844
299.59139579542 299.023939543744 299.829385850161 299.781712601167 298.901798734078 300.160692453754 299.668905672969 299.413269583947 299.281007162168 299.098757264903
299.385592523166 298.825160139085 299.673463115022 299.497471272526 298.75522475887 299.946657460845 299.588399665424 299.355346918388 299.153657746271 298.850580868613
298.859658925849 298.267203133312 299.301171374541 299.265783604302 298.408756281212 299.623308925822 299.27948586907 298.884520806198 298.819755990558 298.544165215981
298.771352775617 298.268334761604 299.277256840709 299.234052153887 298.449942676148 299.603408115461 298.846655171895 298.802104711131 298.711146793954 298.454775005036
298.985144326141 298.668260722124 299.646450469594 299.666955248879 298.83892116178 299.712079970364 299.375181271686 299.096798689657 299.04836084505 298.922296095371
299.541070461435 299.09404402644 300.105216805502 300.002152159304 299.429708547831 300.198346365953 299.719126707116 299.581894938852 299.422435193291 299.452238745536
299.69780472009 299.324409555393 300.316883778849 300.163524023482 299.503658916348 300.222985627137 299.771089524157 299.906630537078 299.770464311906 299.599769948123
299.44901954562 299.10296517728 300.155076762751 300.014832787717 299.352270756652 299.81085388498 299.515876835828 299.647893740087 299.443088505303 299.470227087632
299.030013353594 298.687689926628 299.743149531788 299.609067957171 299.044935452455 299.294422594127 299.198322017243 299.111645154019 299.000879073791 299.043521816504
298.890961577424 298.444377213583 299.378308608015 299.271733642434 298.855873756141 298.986871831568 299.00676854507 298.846314149851 298.640702824539 298.886384185523
299.081396064694 298.626555087671 299.345217196187 299.392667104366 299.170257895937 299.120705508755 299.159900642927 299.068628045995 298.78108684921 299.04396370555
299.416547611622 298.957864561061 299.702096153128 299.737810168134 299.505439520827 299.444761580274 299.508918232652 299.29597688952 299.041581953658 299.367978996257
299.755778017565 299.115829000263 299.855521805136 299.771566220365 299.738998948247 299.499096033852 299.527523055598 299.527405541809 299.234329690304 299.511775754568
299.570282424734 298.974661665032 299.55893314618 299.473048707052 299.772741023584 299.340887248701 299.390269097591 299.288138640806 299.136046652888 299.426287061589
299.157936057413 298.538616120577 299.279460054756 299.143508499087 299.573597020045 299.014091436876 299.090321035599 298.885366731922 298.816218634334 299.004387900217
299.02062673739 298.65339900194 299.143548720613 298.939907599417 299.400325512941 298.954999948104 299.096824192484 298.708487856227 298.770429929703 299.180806610611
299.495954880704 299.05091374938 299.434875121493 299.282600625586 299.799702761234 299.305708633686 299.299551222987 299.135366285416 299.148926707175 299.403836931389
299.843124636293 299.568053213166 299.860265412599 299.833880325923 300.257553230209 299.860492262251 299.810005602909 299.584895425323 299.512678224936 299.886311848492
299.978173403084 299.783376966208 299.995745462521 300.010541128008 300.316579477049 299.936514437141 299.913285090436 299.792075208294 299.766369933943 300.034202523493
299.791404861718 299.506936754591 299.788407914592 299.599431156891 299.884895780466 299.617377921397 299.690745269529 299.634268598151 299.412586416089 299.90453318245
299.340362566237 299.145443459396 299.441223492693 299.301650713906 299.465619619072 299.237435411832 299.077794337738 299.260037407691 299.11517243114 299.45115321421
299.032228926772 299.047243026328 299.138490187965 299.004424006199 299.06829168085 298.935562351558 298.917943050508 299.030688096996 298.98766127121 299.137496694224
299.190835540848 299.267957861071 299.211685961482 299.232487895611 299.211977275028 299.189793130788 299.0518889762 299.273025423963 299.054050326291 299.294706568659
299.601076382654 299.666177094833 299.497970957668 299.493017959981 299.593304900767 299.592654852242 299.30409942705 299.647032627403 299.388321075987 299.548012694764
299.745776910661 299.907188471717 299.480099403283 299.654780845459 299.847697017991 299.840273387211 299.370409834648 299.886228350134 299.687911632765 299.640884567775
299.57147453242 299.874842079854 299.167224052811 299.540815736089 299.704296486483 299.683799133767 299.107727736779 299.69706917661 299.588036077395 299.5365426977
299.038354690985 299.435302885715 298.852547504999 299.449641009875 299.162352665939 299.285089081219 298.976458982221 299.431257250476 299.174289837295 299.089515627657
298.849774648276 299.321701881594 298.944042078598 299.368919474503 299.298629506955 299.263395359726 298.988139194946 299.283284392496 299.18468013352 299.060953480272
299.128053410194 299.451982331763 299.331137341749 299.574177986941 299.60652661686 299.650794875027 299.285041573369 299.732580465125 299.491176189128 299.344237699631
299.686613647995 300.030260668053 299.670987592616 299.928612595558 300.188057925268 299.966470065518 299.657724821757 300.255590022162 299.849624191222 299.757823494896
299.876345033676 300.167137179304 299.815426831194 300.043065605473 300.486617342511 299.976123257127 299.782709890949 300.283832565407 299.994927823485 300.017784748866
299.709092334404 300.052859098628 299.613524792125 299.804994605326 300.447808036858 299.810791542966 299.685089777187 300.096996194805 299.782273300151 299.801867629639
299.16041343482 299.567709374427 299.236298102468 299.469710751205 300.152210727591 299.390382249189 299.30511086648 299.612858962484 299.369698201575 299.302303820691
298.937675234974 299.118771705113 298.938575128141 299.288876752712 299.932431128792 299.006651174839 298.961070715001 299.236190340999 299.011151798777 299.017892974734
298.941350647434 299.203259372392 299.094916427575 299.536025178076 300.256789113466 299.069681107828 299.143192054857 299.373753233382 299.197865159816 299.112752047879
299.254368365478 299.336029328617 299.347127567805 299.957764512886 300.53139836471 299.313299471133 299.464873049144 299.614787099623 299.47029493362 299.297662292151
299.414166628296 299.421472088723 299.496379123935 300.167299049982 300.574820101745 299.318157779398 299.628643427905 299.759607903332 299.434201494736 299.379289720685
299.278229128871 299.273767997859 299.349082297694 300.033251906305 300.317160583262 299.165667839618 299.446086030839 299.640315622899 299.324254574673 299.281404545498
298.897455537897 299.072630264394 298.941568346214 299.764338436199 299.757273080621 298.931942982868 299.154388567605 299.201977208892 298.956405852797 298.989221368014
298.71315484118 298.857379766653 298.785618394268 299.548893149707 299.62062649005 298.739504037587 299.05971189601 299.072988849179 298.979675118406 298.696638668028
298.965091630309 299.153016736983 299.10692623204 299.840047119042 300.070247424615 299.072294275522 299.364738081042 299.346089278653 299.227599842469 299.001016062586
299.559169184558 299.716476613574 299.583621752354 300.380055048397 300.31920477493 299.458601266831 299.846227797275 299.765229274635 299.70644243121 299.524920050206
299.606119316778 299.871169476665 299.73964844202 300.410055417504 300.517292761362 299.669773904162 299.931148143905 300.011896484432 299.945691306103 299.706985222528
299.491322978634 299.719715642517 299.502391415007 300.136500658204 300.326046581947 299.43778452666 299.582944000993 299.789425959203 299.705911722713 299.362771475638
298.957771439952 299.469966142693 299.058918288811 299.720736480155 299.819969828357 299.023005274431 299.145999881602 299.283794373607 299.338081357016 298.904166184217
298.723329088858 299.276598078616 298.88579139058 299.413442238377 299.445793472242 298.672332607433 298.862638397711 298.83437378165 299.047937456963 298.649073484445
298.849776318292 299.438003198599 299.221909595519 299.608155995082 299.443155283419 298.853730513751 298.896373629164 298.92207426446 299.25779379043 298.744424548774
299.120384028482 299.823689232251 299.591094151095 299.94644579672 299.609800749392 299.156725399355 299.293876446744 299.182096443546 299.46575954747 299.028981010917
299.267905756594 300.15599743434 299.993661933965 300.159959650813 299.739541049138 299.338200023835 299.514732432061 299.175824788129 299.528400455994 298.953652432752
299.114751693637 300.107369377985 299.840047397593 299.972257952231 299.498962181347 299.142998091731 299.330404690888 298.96095302186 299.388356127302 298.886653384406
298.714809331631 299.761368105284 299.476143863071 299.764316732536 299.138287797914 298.955430251374 299.011674064652 298.624806604915 299.084963197876 298.571521745038
298.826812519585 299.66523295299 299.299891641126 299.552302550797 298.931192432978 298.776702535123 298.942267523282 298.800669755279 298.945172327182 298.657130454816
299.138750717997 299.958405373405 299.681856775038 299.794377732856 299.190717554639 299.284842040149 299.343623231286 298.989640495058 299.205905080972 299.14594584012
299.53563965721 300.567543712845 300.210422583473 300.17118909976 299.638225025265 299.773309598503 299.821146583205 299.588273529767 299.73475239308 299.645705806483
299.803680716939 300.656491165972 300.354330843022 300.346832552734 299.819108461593 300.087733455419 299.947876907108 299.909780496622 300.012574288598 299.880537750386
299.700445754517 300.376404848159 300.183386959002 300.118070539156 299.543301550906 299.74847626275 299.758806078909 299.649245283027 300.020872369647 299.604269244462
299.234254365464 299.902000053763 299.90758828471 299.487883294158 299.183991483176 299.326721383467 299.247990379393 299.27337604071 299.524052266726 299.35687187646
298.936521985748 299.498618646317 299.485426539526 299.058868492329 298.866309993041 298.977931485653 298.994475160234 299.021898713922 299.280101498385 299.100180009234
299.121064051529 299.392232912556 299.467009653156 299.273505830741 298.968865668795 299.083475764794 299.003297177827 299.175620263969 299.383749840399 299.257477063399
299.342199705957 299.596538561725 299.591503911992 299.580756723291 299.266127905087 299.383799145894 299.200716696205 299.459759069091 299.66417054035 299.609458625176
299.477108395234 299.608847260018 299.592636332279 299.660640881817 299.367300589444 299.477271172854 299.362147663701 299.707024129685 299.744751852305 299.873227059448
299.268273021979 299.281194640203 299.241371475662 299.501348956265 299.057106662076 299.301879058669 299.292354729842 299.480486842165 299.558342171766 299.718920157412
298.97739270648 298.815577896653 298.967386513102 299.103866576053 298.631717847588 298.966385231019 298.904897832598 299.232064104438 299.201515352651 299.313455107732
298.876250797634 298.593280073379 298.573049300209 298.874271501666 298.607359004259 298.675430342107 298.800160552272 299.114097434671 298.978496372153 299.052384594102
299.298291496805 298.838578807801 298.878045442838 299.090544888244 298.97848556654 299.091059251295 299.077845495495 299.347949891889 299.351783072715 299.353335214824
299.718143728741 299.383380523251 299.352148561557 299.522222928035 299.373509838439 299.453346194897 299.528131370889 299.894497874764 299.567652513298 299.816389120528
300.054428601199 299.521101549798 299.527539279459 299.555613319072 299.545841983352 299.588092723552 299.573603030426 300.213628564539 299.729365228976 299.971255763808
299.744056167042 299.139012897702 299.202364597063 299.362507363369 299.28032865908 299.307661993161 299.34136571667 300.11545890319 299.464399038907 299.605784443845
299.264755452556 298.642831410714 298.71870709899 298.778628467852 298.870559362824 298.856660952798 298.998717891119 299.655850615217 299.140556920522 299.210998996384
299.024573003043 298.420145474669 298.475837648424 298.446013470116 298.711875644592 298.674120121369 298.679164508533 299.4632235321 298.798018995585 298.946533080731
299.12877044952 298.494826651109 298.582977100368 298.555376055608 298.921940348349 298.909501196314 298.686179582697 299.583889186469 298.943660516612 299.020167241244
299.332468731704 298.696998375296 298.97435537318 298.803458893523 299.316370423115 299.309305522445 298.918137548137 300.014735091702 299.198423473268 299.32573361509
299.392622681424 298.74543822539 299.002224685593 298.910853599747 299.500432457805 299.561150640376 298.990598198557 300.32768252366 299.424007844698 299.5133468053
299.20317215214 298.545760383684 298.840416517449 298.802333192351 299.385457176585 299.317152584048 298.867195454116 300.081328918245 299.126795277401 299.41742072763
298.994612625161 298.323820226508 298.616445629463 298.335191101043 299.107288836205 298.961568952882 298.495450597622 299.799238994249 298.80683454972 299.105361736419
298.781213109371 298.33300359281 298.560997477325 298.182711430604 299.00612472721 299.036624441046 298.288593984431 299.726078132727 298.809439938476 298.671551662711
299.038219846809 298.638896882454 299.002288749268 298.78717269294 299.342335055176 299.458574814422 298.567941234025 299.965700927654 299.208460437785 299.010707333793
299.431320045736 299.11087460441 299.35511274865 299.220347862314 299.886337663828 299.879114875642 299.183420262015 300.352120766337 299.745844441156 299.547857697095
299.715580186468 299.225493583782 299.583983659548 299.434822448948 300.08666677454 300.041926067497 299.316633816864 300.542033877791 299.832430032319 299.859248832226
299.506231717579 299.041705741865 299.294147772175 299.196522502332 299.738844378101 299.899779626793 299.154839234879 300.110942549122 299.715387221641 299.515822954115
299.15026431877 298.728230173179 298.968848113342 298.817379243539 299.365807496207 299.500983622541 298.734181783316 299.548018349741 299.180182246404 299.127118234859
298.845445395763 298.36197475795 298.778647368591 298.572488779544 299.196983727988 299.263360353743 298.566292432848 299.180858985181 298.896854480779 298.873062038437
298.966356061022 298.529410412875 298.909027685859 298.798363809401 299.269241705965 299.357072682207 298.808898674791 299.30771555252 299.254014921037 299.026867713513
299.234794490392 298.806159351269 299.261393910832 299.025898982483 299.490275166481 299.534419751748 299.089074444949 299.379462096352 299.583662086182 299.30876838571
299.37352965669 298.963181541806 299.473531123911 299.210772691002 299.505855724062 299.813853304803 299.366174144434 299.503303140823 299.889293997544 299.668357740284
299.17071247802 298.875424222287 299.371616588193 299.148970776325 299.343185190111 299.610055737121 299.210756958195 299.073866312356 299.756187134366 299.579262794157
299.008095941346 298.442454734632 299.185510891662 298.977749966531 298.881225749072 299.259896713596 299.021017216474 298.636374202601 299.385938248054 299.144973442678
298.859974435005 298.533879657457 299.004126878302 298.787096625228 298.778453473051 299.00691991397 299.045543172649 298.637321177121 299.331948689541 299.032865719296
299.088904254544 298.845117997409 299.468168985497 299.144592841982 299.137177456958 299.191505704237 299.391350334498 298.94190132055 299.721180907272 299.336320752609
299.547637937208 299.229757347538 299.987595725182 299.776736721648 299.500914835639 299.632042274613 299.817912141558 299.215102756902 300.212777348821 299.790509194594
299.808781423398 299.377463453592 300.032275418657 299.962306502788 299.757544444021 299.713545156986 299.978140256132 299.451493804077 300.453842054014 299.977838083527
299.660036814678 299.231916161902 299.766543548147 299.758606179892 299.458046786339 299.623472469751 299.639833811879 299.233996290057 300.197244661761 299.863763008313
299.172507603291 298.753514807609 299.36328764628 299.409235226954 298.948093453074 299.071936735646 299.24150699697 298.966166028726 299.553453366632 299.406885128183
298.792064867351 298.600275233326 299.049047917757 299.108419337249 298.662573503178 298.786611896548 299.043270362368 298.713063691975 299.062110330518 299.089212403013
298.909369732336 298.689525071981 299.129228294637 299.157480298698 298.851635611306 298.900087339151 299.156702495298 298.896919932716 298.999036768386 299.286300042104
299.24023493929 298.972072553359 299.283750232596 299.393728850297 299.088551376218 299.129868755521 299.408585777425 299.278902595154 299.226078287411 299.617911081328
299.351736686468 299.238360754943 299.529455921428 299.624202395965 299.205795717921 299.189747341225 299.705818443877 299.563718348285 299.255855177385 299.912873636274
299.174988443096 299.090869069131 299.256494685933 299.396943429029 298.969667560328 299.084493024205 299.449467942476 299.266172325683 299.24291773678 299.778073540176
298.899520023618 298.792770997629 299.09059335197 299.016073602524 298.740751559476 298.708115819003 299.130622097573 299.149243661056 298.666884508094 299.359996128037
298.83616262276 298.685777823846 298.887611071172 298.965867355275 298.687502063397 298.606473198235 299.07364196264 299.152005217692 298.562416111472 299.268102915473
299.154811316369 299.154076406637 299.071146048838 299.263483404807 298.939047510291 299.03741718176 299.354981375881 299.552378708291 298.920620392953 299.440860304506
299.531784918979 299.581894309548 299.551417798031 299.729396562586 299.283294527066 299.531148491115 299.847139555504 299.872053160964 299.430389160162 299.875980872684
299.776503522281 299.631378840033 299.64675648453 299.960236085688 299.424561374324 299.60099507869 300.020991662621 300.128465122353 299.706221112712 300.107152287377
299.712098548378 299.494969494978 299.442427382714 299.581262758582 299.141399678589 299.494009633678 299.746558745313 299.923708289721 299.492471629489 299.833663760948
299.269881044258 299.116177792746 299.077374140801 299.070701825617 298.799697567824 299.210078289404 299.355564021864 299.52422998958 299.222120195263 299.397388023651
299.000882691057 298.790904822262 298.875962616423 298.743335187991 298.478299070067 298.842112174589 298.999539084744 299.15734671292 298.962726470803 299.024461776334
299.250105237465 298.995340947391 299.052620776418 298.866926729795 298.677209364343 299.045770618128 299.10092910307 299.320507395033 299.059761069581 299.254251783927
299.632180592815 299.299449476403 299.359145538885 299.194399978747 299.008102517604 299.411233442607 299.475752092638 299.692911592503 299.421881622869 299.440611869796
299.911269750673 299.428155911123 299.629195288642 299.339428618841 299.102902735084 299.633002973171 299.632180527109 299.75557707729 299.619667273225 299.546931639784
299.767908252491 299.372520913771 299.459354143374 299.213196540494 299.053708158768 299.601122054536 299.395952297276 299.660698811657 299.379865702288 299.368012946479
299.554125253779 299.087771884788 299.261567797947 298.97742327459 298.767843201457 299.367642905824 299.017343257659 299.222456002346 298.989590709926 298.951906840058
299.50668151341 299.13128013695 299.25371612566 298.911092981068 298.699815032968 299.478252791346 299.045241331168 299.04908281729 298.927890293532 298.825322847622
299.950826323899 299.432357700518 299.648818109146 299.303511413677 299.201050883537 299.751156341299 299.521599140978 299.242636269612 299.197261906558 299.192227250852
300.331012924086 299.935577303448 299.972381663897 299.748937487518 299.823640542541 300.047673396016 300.100106316247 299.599138309428 299.723269640896 299.741155876785
300.597758997644 300.173300103059 300.133549711182 299.929444642557 299.995836770542 300.331171178663 300.256342314217 299.843089005717 299.795353014982 299.835524050333
300.266396425188 299.987093367261 299.839383631924 299.694175852526 299.857597214867 300.071758343815 300.012540791473 299.493379440639 299.653112999453 299.522462525231
299.685438901213 299.566500179827 299.3194598349 299.34305393804 299.354513626348 299.705146960266 299.489730854386 299.03386822633 299.203050344715 299.161933807977
299.441993870021 299.252669677099 299.015422302472 298.986547614154 299.119409565057 299.459265507323 299.143213309438 298.783408388766 298.798483737703 298.86550003881
299.511022702928 299.322713510456 299.059660281121 299.170296338465 299.351581770894 299.578325942365 299.202240894551 299.042491147159 298.982424901504 298.983183257784
299.709609457193 299.759463062738 299.406276300089 299.541014413614 299.751742584731 299.965061704079 299.503076921433 299.318770241368 299.242738065801 299.352947246452
299.934969668804 299.92398485186 299.591676643029 299.677562693574 299.931010407095 300.124008916955 299.656399520874 299.421361827756 299.391962528275 299.508981480093
299.51808915373 299.830628836032 299.427330571196 299.573244750606 299.879571772422 299.977127240164 299.561742480338 299.139703425027 299.315229795243 299.28926928209
299.233003733676 299.526888579982 299.105517253017 299.405689422317 299.601424442641 299.497258567397 299.205991516424 298.936949870316 298.991408876783 298.941234484741
298.957757214172 299.256431719271 298.922565926859 299.311574475412 299.46308904644 299.331461501155 299.188478833835 298.946016279956 298.891330568884 298.703987908192
299.251692165506 299.592068954042 299.321477956888 299.60992608966 299.937618280889 299.385808330047 299.612036003093 299.246514909113 299.278927747249 299.035521001083
299.768442771375 300.036992731672 299.873397410735 300.009290218229 300.265527094462 299.617283424346 300.009937593552 299.636566922737 299.668740471246 299.613414977564
299.994616177496 300.148353126145 300.06114494578 300.252809196487 300.54709551293 299.700763937338 300.267396799694 299.691664062958 299.842382229241 299.800789300228
299.84021731447 299.843681942733 299.962894325778 299.839728457588 300.239754018835 299.582650636265 299.975844833389 299.48055102059 299.626085156999 299.572952161113
299.378711406655 299.380591049333 299.541352951692 299.468025495378 299.589134625597 299.246968937205 299.558012353827 299.039410963683 299.122431500612 299.078883978561
299.171100763195 299.05268448468 299.223673596389 299.107616772164 299.189873804388 298.875003936219 299.175215360949 298.847606296384 298.848136404012 298.775802639751
299.326785245987 299.303271477281 299.41546507167 299.181069292523 299.462653217583 298.966235061778 299.334858881468 299.083575509818 298.959598471098 298.984357903543
299.649704144159 299.524530069951 299.671813270187 299.45728583485 299.696090728824 299.237267520956 299.625300903391 299.40463320093 299.351880284997 299.286004992254
299.933375971835 299.745747656989 299.91761578417 299.593710250531 299.835257134506 299.310073833599 299.836711401876 299.586003653344 299.417306240703 299.434068426196
299.791556509071 299.528623871256 299.692749905021 299.417017431463 299.557393242917 299.118988793509 299.580897381913 299.471383855812 299.291703822364 299.278115904435
299.422978531992 299.227599676228 299.503100551336 299.105510256393 299.149194493998 298.782874961562 299.291908442417 299.079522281079 298.990566863215 299.030141817274
299.182843141384 299.316661697825 299.346306662341 298.954023083218 299.117176258964 298.731950779075 299.175719350442 299.044302431823 299.047399985388 299.043259551724
299.476866511488 299.680887035613 299.62304655066 299.217226495852 299.371062702634 299.060676038361 299.535980043575 299.389267574878 299.41579553621 299.507589431326
300.021983292137 299.99548325108 299.975350235197 299.621432717477 299.871155864179 299.543595147349 300.045478015953 299.760056402513 299.855703824426 299.942825990879
300.150186982032 300.202974025734 300.141219071511 299.782129086251 300.140477724952 299.661266099298 300.214079218646 299.882873188188 300.060871717182 300.124619619977
299.867391458959 299.815019912521 299.852602780367 299.397790277845 300.126865493592 299.430967792728 300.030885119146 299.575183391932 299.898908424335 299.847488403602
299.284461561916 299.467306495481 299.381287241697 299.003996351481 299.687104719365 299.014072894716 299.495390635978 299.295296419313 299.430996703533 299.486018654181
299.005106909874 299.124490606375 299.25439629635 298.791101188815 299.325615149325 298.75606601301 299.108073332255 299.051763810795 299.125493904828 299.160316675348
299.120646291774 299.186954433608 299.346708872048 298.9319191559 299.478439085956 298.809613591959 299.235655422938 299.276481429413 299.203594534361 299.285949681196
299.503870642529 299.529705392344 299.678158703464 299.316437326968 299.768933846634 299.156523845419 299.49412455629 299.657148558853 299.487618221577 299.598324491931
299.590573931505 299.609403565407 299.785962043226 299.335689045568 300.112691669536 299.286133532033 299.800953350303 299.969506733268 299.589952443229 299.823200143699
299.312834161424 299.461525616115 299.568427934562 299.194498617134 300.077444880573 299.052565000119 299.535692771072 299.811658943722 299.489312821435 299.697879931036
299.061550539463 299.039796970189 299.118925518159 298.901042373036 299.747360587838 298.842257791065 299.217291753114 299.413052944986 299.210877511064 299.294700596086
299.080708870891 299.041619132216 298.986761965302 298.893973828654 299.538631071342 298.705136556428 299.215049859757 299.190525243477 299.161195391572 299.28539764304
299.488434636052 299.446165285837 299.360426855248 299.316366132572 299.918920017332 299.025954997939 299.473047780325 299.432858329239 299.44883360836 299.456414967217
299.941022813841 299.946044926062 299.869755963639 299.856609268477 300.196088400347 299.541251047594 299.997629489001 299.955260365084 300.045886514072 299.864854592993
300.003277378013 300.13637348542 300.177784437221 300.116212962365 300.447064261675 299.729474582665 300.145199366465 300.089571666283 300.160393952059 300.007472417292
299.779514753318 299.900402800388 299.934852646868 299.996866298705 300.050728845784 299.463095561402 299.832650702967 299.923129789569 300.109883320133 299.801877315852
299.38973034954 299.524859362187 299.655317211985 299.550607830278 299.614944296067 299.007567602262 299.375175872199 299.499739661413 299.504126941639 299.401188071239
299.218864413161 299.239719592584 299.51814413925 299.212847994942 299.33488901255 298.755824622184 298.94498386194 299.407436128292 299.2578598816 299.13444859883
299.593853075768 299.46264354764 299.730846374326 299.303470759909 299.408765859892 298.878362015221 299.154010421465 299.659223256229 299.311670543831 299.272797987281
300.129175317333 299.896704125105 300.205519897247 299.778610964382 299.722388930417 299.379965360193 299.454385166002 300.056315976966 299.605833791785 299.682916368658
300.308935420113 300.016364619687 300.531021155684 299.850154145841 299.763888162062 299.627257076127 299.574786997922 300.07667430644 299.802051180775 299.844580545888
300.346921109405 299.835329714975 300.371811758329 299.763540443004 299.746565779191 299.512496421536 299.35914452626 300.088535304751 299.689579083936 299.706007154784
300.127546070982 299.413412644501 299.985748287501 299.589934207519 299.307055795024 299.272398483271 299.024825419873 299.678834464362 299.43883948659 299.188340519744
300.209580676371 299.379102164956 299.760110446038 299.553603571065 299.252381495848 299.097602504512 299.057535964344 299.671245299134 299.244844459164 299.034378700578
300.366004753641 299.638214058324 300.162588652155 300.083594660893 299.652987555619 299.459834257872 299.242464911263 300.048639698264 299.644430481607 299.405960993544
300.749292465195 300.210575111231 300.566509199653 300.552610814465 300.144059455651 300.025992512206 299.793166741121 300.587486755397 300.170271248421 300.018011723301
300.855665855333 300.301864427418 300.6756948441 300.660634934026 300.162521073183 300.316256267849 299.871289393867 300.761745338286 300.444377404562 300.130195656963
300.375081244195 300.137285171669 300.193788948767 300.366266673737 299.929757208054 300.074870813484 299.568963019314 300.479461050401 300.264439541611 299.890342064827
299.842207156879 299.754921958826 299.721391556475 299.803401731501 299.429761071173 299.795447109346 299.108903343695 299.92154459161 299.782579526497 299.531674501023
299.441108982685 299.461810532442 299.211637551897 299.138332964616 299.017043517478 299.466379380806 298.729952497315 299.411571636824 299.525618184093 299.327475725091
299.464485744644 299.646016477149 299.217029528602 299.163156483467 299.206777910188 299.54726171435 298.993014352609 299.408317021982 299.892909835203 299.429569482646
299.773095119249 299.99104666974 299.440112878082 299.360657635333 299.644066367678 299.919962577095 299.445837560495 299.642573630539 300.31607715419 299.847263086202
299.856581668726 300.207312762814 299.484249645013 299.558971464625 299.78900007473 300.116457479349 299.51076291769 299.696597098378 300.554569821234 300.012690047618
299.630035868173 300.134560482592 299.363276930287 299.247214334544 299.724439861239 300.013853794642 299.621519386878 299.613446120365 300.513026364018 299.787701189812
299.36064107134 299.793671021546 299.106806465046 298.765107897134 299.434294881091 299.724528153431 299.449318388009 299.244560165599 300.343971101036 299.347416486279
299.403455514776 299.620227692814 299.012724974345 298.817927760941 299.278312532937 299.604378088188 299.301104335267 299.04221357128 300.277577413594 299.337840107016
299.613054347433 300.101115463566 299.55571906658 299.250118468188 299.58726187441 299.792124168006 299.849992769138 299.401313409665 300.599015038773 299.553845615379
300.100785154649 300.446419970985 300.095452074229 299.805120237218 300.02362921607 300.359190077367 300.339815547943 299.914096933499 300.80540475301 300.064623398992
300.206364157775 300.797084631065 300.290214894537 299.992767005887 300.157809423377 300.57765319885 300.404374197917 300.10644063512 300.837062024226 300.111683800022
300.204405679701 300.550190790619 300.14141955939 299.831722583398 300.000420593947 300.320053256589 300.136128466976 299.79379185535 300.563091390334 299.991016974438
299.767630622377 300.071658661216 299.737031171453 299.375380095609 299.49195574904 299.797846129071 299.594634887046 299.529781304302 299.989738915645 299.574329124585
299.570162301494 299.649508765749 299.457436069742 299.145509863402 299.199988542231 299.436240892931 299.22183558518 299.233974136799 299.425026408788 299.137938009338
299.721371341022 299.588449156404 299.625362087302 299.414492991953 299.404529254158 299.491774153592 299.332530674236 299.291530758988 299.509360930244 299.314246646448
300.215195011971 299.863477811141 299.87308304871 299.768595050747 299.722098555148 299.656435480021 299.647264650293 299.591322128512 299.653588959436 299.682277098991
300.626502423923 299.920457172605 299.9591468418 299.938055972571 299.954678213089 299.826430319084 299.869151292615 299.743333567886 299.630953922004 299.803764765343
300.453460393355 299.60096423794 299.726813505045 299.732168653268 299.866397843145 299.679888957568 299.757368921829 299.55627648154 299.473492856929 299.690145013054
300.017783932046 299.288303838335 299.243930430858 299.462398727519 299.552322214637 299.448402183855 299.470865249062 299.242770999999 299.064842216639 299.334104461842
300.204383311972 298.870085673745 299.202991513584 299.405836669953 299.456012035818 299.339492285473 299.282499461764 299.183224407816 298.845043769854 299.183668074034
300.590024148098 299.277873501606 299.519251354748 299.634016343795 299.701522829585 299.648931939871 299.591838188275 299.426240407455 299.22503728631 299.585659835837
300.878083206445 299.752035795036 299.9234496788 300.222342069018 300.378475095831 300.096686010282 300.147153615435 300.013502529622 299.859003039858 300.098190084332
300.802575828052 299.919234234309 300.130796497457 300.431386666865 300.456229297713 300.248354910612 300.348915500497 300.193220369413 300.112687547253 300.275015901182
300.577400311 299.540215950102 299.883987063056 300.232543297589 300.283541376648 299.939956792117 300.299107619634 300.004644891499 299.819304667929 300.235373471692
300.075532700086 299.207264198068 299.458702151352 299.874115155444 299.913687413741 299.523630455059 299.848478696775 299.654285661595 299.398046696295 299.676770827899
299.737096445259 298.950372718245 299.148385760644 299.512382134099 299.730720921114 299.195242669662 299.540781347161 299.413344438467 299.057956946727 299.447571637665
299.699296879259 299.008415882999 299.220812003205 299.733416586264 299.816969066808 299.424540353314 299.77862385322 299.54480151598 299.162814186157 299.538023045134
299.925166462966 299.360811329546 299.510081112176 300.179475868772 300.14361677355 299.660193414544 300.133390952398 299.844528517518 299.576263419646 299.92689330632
300.147020717363 299.480093138103 299.702434965265 300.444413192969 300.258501568407 299.738782863208 300.46589318232 300.125099977934 299.665626691792 300.071265045235
299.869203903582 299.486979660589 299.589338283252 300.283301631005 300.091721055979 299.637897582905 300.280587784594 300.115998465197 299.483368846387 299.859471458585
299.426008062132 298.976657881265 299.297040343801 299.979228807666 299.757008495513 299.400749409429 299.968123407749 299.971433983282 299.184136009041 299.658453305834
299.165347817552 298.977509022893 299.158061303575 300.028055676897 299.622553921033 299.289670416557 299.954548826455 299.85398145198 299.227852525619 299.541537038326
299.514236309601 299.235342055435 299.435462637086 300.24449962982 299.925366230322 299.699916761902 300.289049709878 300.217841909537 299.533640837961 299.895077185208
299.932172958268 299.688214060034 299.846689530534 300.6204500765 300.33635024691 300.10979691451 300.763105383659 300.552074693159 299.78607482137 300.312946412472
300.057371171501 299.83047813892 299.945497872671 300.608703377815 300.47285396045 300.294063223416 301.021430579239 300.607452704515 300.114145063268 300.450090564893
299.957528789694 299.686962776804 299.717364191196 300.417630872312 300.046350574098 300.280332155282 300.711549773072 300.448795067444 299.841612758581 300.08283398469
299.450779808059 299.249173685746 299.358006893063 299.797772489068 299.447527501324 299.945629904234 300.174911772869 299.99067854753 299.339225952544 299.60116797141
299.130972940178 298.995739892746 299.144808447133 299.415640587835 299.063583571714 299.722447584521 299.885466378677 299.605946964884 299.171267308267 299.193107034405
299.410393076188 299.240267146608 299.238364494015 299.445558642198 299.178062239545 299.820460155031 299.997640510254 299.677175684304 299.356254179444 299.321107047198
299.796451062796 299.585964184797 299.512602843729 299.734401302732 299.449543967347 300.107987540333 300.379909659856 299.833515531135 299.679969144687 299.457277187406
299.994288673567 299.787590149682 299.714420786382 299.824304774606 299.482193414115 300.362303763548 300.510400862612 299.953911267775 299.885403651025 299.603286233976
299.840497416597 299.579725555745 299.643907048676 299.559668241181 299.225689891034 300.294626983184 300.391235219034 299.801493410961 299.74736058249 299.485556681178
299.517469621938 299.357203386028 299.177192058628 299.142852278876 298.923767569317 299.913944445632 300.002997933269 299.50177230876 299.528083305207 299.105621404201
299.427806642645 299.290528805519 299.124636941914 298.875000175403 298.909597276828 299.72737238072 299.676024752778 299.510663356763 299.515429095871 298.851174341203
299.711934512755 299.567375187407 299.444690535746 299.328608747822 299.504031177146 299.958634209023 299.856116104939 299.789034175024 299.769014456007 299.07644333383
300.31030313857 300.047546092067 299.985060711546 300.008801869566 299.988024059251 300.617549599855 300.389068217141 300.199708491381 300.219959092183 299.845297805767
300.473725237645 300.069760172531 300.165457659617 300.269742711291 300.194827240515 300.869614765357 300.511500115812 300.422940428326 300.452359270227 299.990968147298
300.232403800756 299.861623448373 299.952773693798 299.972319419298 300.11644743949 300.583528189606 300.284667444184 300.283927974167 300.221966534622 299.837384318745
299.769536884356 299.427763416969 299.556483889735 299.563060974955 299.692933832716 300.032270236773 299.792914365946 299.90060857556 299.722818386051 299.3492947427
299.484150994302 299.142863237342 299.418998083455 299.317185047672 299.572406466944 299.609337467603 299.428492290553 299.674986835777 299.438344170941 298.976028994262
299.718732538956 299.470199954178 299.445320806407 299.313547731579 299.850052434878 299.570793439554 299.61028606445 299.835186658353 299.516352249189 299.108139343515
300.082554344316 299.731608309222 299.857276995639 299.80316985733 300.050373922261 299.871665060779 299.780095835963 300.175321216624 299.841661503047 299.43053647447
300.273289102917 300.040737109419 300.074100659983 299.967036668976 300.435109380821 300.06960347614 299.799599309977 300.404688580956 300.030168781173 299.524700760653
300.230349481228 299.965433928937 299.921522092923 299.875017167796 300.312210240347 299.856466062028 299.663034372937 300.241263138789 300.005226075846 299.351885093632
299.875754097258 299.55703162552 299.63129142694 299.576566548464 300.032122658016 299.465336394207 299.242763276447 299.736932788901 299.618885993987 298.988843625105
299.6685376161 299.470711632379 299.48453083156 299.488072169413 299.996012355275 299.478187874669 299.084556120404 299.651583853195 299.307295702343 298.908481998411
299.952030344096 299.900208983406 299.762326047304 299.809566389374 300.481961878247 299.744662229029 299.416122081709 299.981580064505 299.708694135222 299.261717600803
300.249122042369 300.429609334054 300.251401336859 300.220532484029 301.014594273534 300.2855727252 299.763253412447 300.532140522219 300.1631219947 299.752381597816
300.490757865131 300.44852360207 300.430948197519 300.443046218092 301.235757919362 300.448189366143 299.889542667621 300.587154855676 300.28470389617 299.927192119586
300.233248703459 300.113999755444 300.317106194241 300.308883579112 300.927098158208 300.352581771826 299.567950375451 300.353930805377 300.086271707956 299.740694432568
299.862311875166 299.817293164157 299.93978566241 299.903735854579 300.352718263377 299.780965451075 299.179914668412 299.857713246086 299.564183531173 299.518200707165
299.573098963251 299.581618981613 299.679734510898 299.56850777026 299.856565669238 299.523169289862 298.85952576293 299.497568791811 299.091629579314 299.298433882057
299.6418785071 299.751751977508 299.732513009198 299.759734476206 299.871495566662 299.658268500266 299.176003996945 299.596023846146 299.261153550549 299.593822573038
299.786124361677 300.07607645306 300.072658582233 300.232696641863 300.111174556604 300.007317948649 299.363567603917 299.836578237138 299.531313459366 299.843044321636
300.010911692763 300.272388027466 300.154642420598 300.623444877797 300.204929885868 300.295513416961 299.552147673605 299.863915503106 299.586843521603 300.027638488927
299.822379448873 300.255687584423 299.981365274822 300.62814746456 300.010286037888 300.246479809227 299.467967432815 299.725792793885 299.465468798164 299.94220933491
299.676764564838 299.80065871736 299.656177069011 300.343845401845 299.545114352498 299.852297018992 299.206966067756 299.212573254076 299.202784298168 299.690080198642
299.488624176498 299.828936874292 299.741867735692 300.270717123054 299.24425519872 299.848625404664 299.201670582165 299.132519002712 299.113760716528 299.663000706979
299.860355021466 300.149437945873 300.045388559966 300.511893116124 299.61800048472 300.207924437417 299.598567139407 299.366716769647 299.388232557453 300.061869918387
300.240174697423 300.619117515293 300.252132159268 300.790139966449 300.011431530525 300.844160667469 300.206028590327 299.833738392379 299.941255153219 300.624821624959
300.287565835461 300.845183476513 300.398959549373 300.948389599535 300.244230394997 300.888800071432 300.445583260218 299.998948370413 300.177485045813 300.773207571291
300.09948262424 300.489027916469 300.257714059471 300.714504711842 300.074211685049 300.659380752746 300.362969732682 299.784349151421 300.063374984271 300.666166119319
299.659907555068 299.933777204913 299.829913937456 300.164357797029 299.704243024822 300.211939447909 299.895221776305 299.330233497506 299.727893837701 300.211375524888
299.370594041578 299.61461722218 299.541929082545 299.67466911626 299.339868328878 299.846939193658 299.701905012052 299.080385440495 299.351805417131 299.745039629411
299.433770534572 299.72103795312 299.706157662629 299.519249088563 299.327177149278 299.820568332766 299.937238392314 299.189597392178 299.593137734513 299.685823236447
299.696513298906 299.982408237636 299.901738144414 299.688218679161 299.690402346014 299.887218888845 300.384831034716 299.521397172997 299.793803971613 299.897615449669
299.814238520921 300.005896488367 300.214464685924 299.681040929082 299.868311015457 300.097389225057 300.473896270775 299.743343929495 299.873503800711 300.060023823329
299.536840815061 299.651709788251 300.004165579098 299.378305721686 299.677387411958 299.871119574167 300.381190148766 299.532078370347 299.603264655852 299.775974631147
299.16572178486 299.248011218011 299.639788818014 299.206234954684 299.427742586719 299.318301681978 300.134014806159 299.320804292653 299.28984139472 299.299696769474
298.900699063131 299.066015698579 299.508572453592 298.9919485737 299.487404722271 299.13975588505 299.922902708344 299.370944963212 299.022819006094 299.203172489736
299.409343783346 299.331762569121 300.090881344781 299.47968780312 299.772466637413 299.345775251063 300.266099375355 299.718984687314 299.386274896928 299.487761807451
299.831149625404 299.797223710394 300.466666458795 299.885873304821 300.240998626806 299.81253597464 300.691122899546 300.12523280819 299.933881944134 299.804889338162
300.124411820403 299.987942463967 300.744568519507 300.015996891339 300.611233142611 300.008613464561 300.84667839962 300.421339063955 300.09642648157 300.011704450649
299.868010035698 299.733864954509 300.593221570749 300.019091876305 300.399970475502 299.730474505585 300.564075030581 300.204763331284 299.939346060563 299.787022040602
299.506655502189 299.408957553361 300.158411125434 299.643180861891 299.895500834298 299.325107332856 300.124086555932 299.871435269712 299.52637211246 299.333655831687
299.270598340098 299.034750549006 299.931786805959 299.316814576145 299.68321438323 299.033837778002 299.547303030281 299.504236710814 299.292199562212 299.031479889198
299.37469680766 299.074571477923 300.060215369638 299.498841400341 299.845266644879 299.152624480412 299.532176039449 299.717220786716 299.403291087257 299.067138752323
299.747083608367 299.498358383757 300.430985661629 299.841336004093 300.311839793215 299.40686762672 299.802105782256 300.169571255092 299.688282016815 299.386164372702
299.978171210382 299.708577577843 300.571353743464 300.08367068239 300.638556742352 299.54719984404 299.977042383478 300.41350533485 299.808114951424 299.539506863252
299.819397310505 299.492209863215 300.4943510563 299.971375399907 300.442589745932 299.442371900641 299.788103439051 300.315015668899 299.581909741935 299.310461894888
299.48731850938 299.17055289797 300.24204248885 299.566269660521 300.051042143655 298.943343190424 299.439409176584 299.980499023792 299.199253476945 299.163714539919
299.491312201515 299.334983347623 300.049607545832 299.494131265798 299.856779636846 298.965969306507 299.264807741777 299.873413436004 299.16418648775 299.122747494018
299.841624923465 299.784636738095 300.03230514408 299.894567782201 300.350307836637 299.358347335801 299.568591878219 300.092195832719 299.346772098089 299.575134436529
300.325712141987 300.14373169015 300.394942294057 300.374956829718 300.736047862871 299.890757399475 299.985262525243 300.52840848265 299.792397861153 300.06598574612
300.35315086028 300.514364870817 300.556317178143 300.677899195172 300.879180739656 299.981088365849 299.992366368173 300.733774951513 300.096601139373 300.283839457072
300.267701756877 300.147546294003 300.244924578215 300.422640875168 300.747925963727 299.64862316473 299.872861706944 300.441600119309 299.751199907686 300.01604795292
299.684793571432 299.654575782933 299.639958925624 299.892066097413 300.298424738481 299.162177819961 299.589901332698 299.964898879707 299.373470022008 299.708631302261
299.307934911104 299.329999631865 299.241463072847 299.49337171437 299.902692174497 298.984913068471 299.364275738929 299.679339161746 299.212544971832 299.379826926226
299.552100386198 299.433910361883 299.429834771744 299.600212760884 299.981312054595 299.148334058405 299.438212161577 299.732224746746 299.436360214196 299.542331880389
299.919337990589 299.673758955265 299.765179595873 299.823256118791 300.101060400043 299.466441436026 299.747750781516 300.025560798466 299.836290513196 299.801223988513
300.114492022989 299.890219688338 299.925587004065 300.062670254241 300.281907244255 299.653849828819 300.14081213492 300.128051530309 300.127093896457 300.156438161062
299.89443882926 299.701268400681 299.853753395549 299.87902946258 299.979189224367 299.515976877131 299.98535371799 299.761413948282 300.024587635186 300.05954394045
299.601520298866 299.21347282391 299.555797985385 299.526552585271 299.727762719029 299.283226908362 299.623611387489 299.422588712666 299.638485174326 299.827682383812
299.419436726017 299.269536935164 299.456911396752 299.451659067534 299.494290878769 299.193720722567 299.629984052713 299.299860985516 299.559183231133 299.7933479821
299.751132144137 299.675663185783 299.748075233426 299.8668238814 299.761501621674 299.407830767268 300.090950405724 299.562026839277 299.970711264599 299.965754213821
300.305320815637 300.183309340181 300.294930676619 300.295947452541 300.343756083255 299.842419441885 300.438397760247 299.837548216805 300.520999148798 300.305360356228
300.498298129366 300.326269039002 300.452100665998 300.627008179365 300.647417599377 300.079943625125 300.496148362441 299.967961025385 300.672163695315 300.41249321069
300.020681772066 300.030213428071 300.138372972385 300.364893964786 300.552546378474 299.991160605981 300.24599932058 299.719816899974 300.373249713731 300.131785052445
299.557774196381 299.671588005479 299.75497540875 299.948153199097 300.087402306864 299.769541084122 299.869515142397 299.378081758947 300.140266848738 299.633828061673
299.392773601567 299.381328774806 299.508419629515 299.708695329921 299.820376063883 299.691845205957 299.621297720016 299.171421176847 299.780532343057 299.436469939512
299.48327658676 299.469097316996 299.626581043641 299.80449209112 300.025523635863 299.936416957618 299.924006103679 299.41282121626 299.872046601303 299.509531188081
299.904535895525 299.848768916311 299.973157892718 300.23177890106 300.503329081611 300.266957326361 300.372886635762 299.74279145719 300.178359505057 299.656647076425
300.149474338594 299.953627545788 300.249076009767 300.259845404259 300.692549718765 300.505816253068 300.624275590925 300.011766154302 300.374571721372 299.983747122548
300.135622593022 299.871158353114 300.141244520272 300.039814436866 300.423332621653 300.42657307666 300.492203381911 299.805660695165 300.195110528015 299.824742955747
299.712323486928 299.51164785638 299.669911796654 299.707343669459 300.257604689427 300.035975756249 299.979204496079 299.608617605151 299.775268868419 299.356697115238
299.481424543304 299.514431656161 299.378334490676 299.56569484761 300.136694362329 299.915521400771 299.920714057399 299.458775089971 299.57706782087 299.275464951022
299.921033142053 299.900814646046 299.735156727184 299.727458130015 300.372493209787 300.087648209979 300.234955560414 299.999064708517 299.793768421762 299.656919359119
300.387799266067 300.38236572901 300.416466339248 300.202392009184 300.939343971758 300.378764759831 300.749410541681 300.39808713376 300.223749155586 299.938464719515
300.439381109464 300.5207166134 300.578228525666 300.393063801116 300.955311488461 300.59659917614 300.848689583354 300.596840014956 300.449074556611 300.203686547695
300.048347101727 300.265488800049 300.462624793407 300.131098582745 300.68659162541 300.122461031043 300.515262436839 300.40367867239 300.122709510678 299.916500109723
299.780025747603 299.825641381738 299.979419516571 299.483243610238 299.940445337751 299.618751581465 299.98427784092 300.108360446158 299.773691366724 299.59848452053
299.53267498063 299.498900784021 299.484411591047 298.928985811895 299.399116545604 299.182330021695 299.55374201359 299.974283642956 299.445167845452 299.177680325369
299.674434565265 299.787204159831 299.574460096489 299.003592293617 299.278932807649 299.356425352921 299.700888926506 300.14356079844 299.573342398476 299.243351035158
300.14477165273 300.140420012755 299.847551454444 299.299934356758 299.498697556801 299.596695651502 299.955631789067 300.479891105588 299.843097819471 299.399710108393
300.457881572752 300.361246276372 299.914324801838 299.441252257212 299.577313619126 299.69583608044 300.079727748846 300.834981587501 300.034411456945 299.598362621272
300.402447236647 300.206785194415 299.74558621175 299.24770284634 299.134063046884 299.48731449145 299.821103150094 300.534856076459 299.812708334873 299.396149510192
300.146983377534 299.839434490866 299.290337588169 298.962010948415 298.936190801452 299.065673729637 299.397614327158 300.147533299222 299.410063491924 298.990343742161
