298.942315413912 298.592418858838 299.025091574195 298.924010287431 298.865914625591 299.254711409897 299.159899850126 298.990922291585 299.433919951344 298.966666006388
299.274133626402 298.973578756202 299.379466841762 299.22741791147 299.122753779019 299.762647140339 299.33762448281 299.425774500853 299.788449357426 299.338236524495
299.708277374482 299.498854865232 299.787144652026 299.630023765222 299.601456222025 300.100666705694 299.757552240684 299.975373850689 300.20990492826 299.916769021742
299.852951452326 299.676029425066 299.790963637715 299.791249904593 299.901735377289 300.369410587611 299.961702475466 300.091567015106 300.345478270963 300.045538417855
299.685638222553 299.518126432822 299.589095553186 299.565113326619 299.690489189229 300.075457843432 299.768174990097 299.945296521412 300.070219180345 299.65695017772
299.207325260825 299.134483131822 299.064864756378 299.059966144999 299.296409070246 299.629413448063 299.318187246249 299.429750889356 299.669138436457 299.304651002719
298.7798096532 298.961805313754 298.815005573586 298.846403409847 298.992721227372 299.343177482952 298.978001222145 299.178495060522 299.380422122058 299.090982499547
298.863716674648 299.040483012623 298.969635310423 298.960324051767 299.19654209219 299.380121660128 299.04710956458 299.404244623251 299.538592092835 299.295753278981
299.182081088099 299.497326720466 299.234806231013 299.157684471175 299.444321814575 299.612441184554 299.259925622672 299.685771119615 299.79602180247 299.60176040123
299.420177116043 299.709242216245 299.465163974538 299.283269393742 299.678174937293 299.714020263221 299.375061599626 300.165638781674 300.035144245225 299.846995332657
299.248616161978 299.638952060296 299.325358891285 299.099204475607 299.564106109708 299.402687414937 299.178224043681 300.009078921662 299.870042631897 299.800037993342
298.877145374691 299.440049265587 299.091977878981 298.64779413691 299.259610986568 299.050591715629 298.807047021388 299.793520503036 299.320585466703 299.487558614893
298.802231481909 299.346239124438 299.00819390778 298.532338462956 299.103057394131 299.018259446493 298.483193864676 299.621533509958 299.071722205008 299.400278540806
299.115477502347 299.603061023254 299.276622412369 298.955025754202 299.457459524795 299.166666072044 299.028066061294 299.856599927672 299.354620279328 299.690873063095
299.536325116026 300.251409408796 299.714525638936 299.442104140932 299.973031594521 299.627438118295 299.429050925633 300.260245013439 299.91869946221 300.18155267416
299.663198804262 300.437568744107 299.815173080271 299.681673454302 300.148189981177 299.782737232833 299.633326422365 300.614809473059 300.078353898251 300.318327844542
299.376452581496 300.130972119559 299.586662073142 299.303760820577 299.986192199427 299.471783916884 299.35847415757 300.318830617586 299.723641320195 299.930361154229
298.813325735608 299.624518620161 299.064411352748 298.852160546152 299.488173540354 298.931050354666 298.998959450935 299.75389738713 299.434306080615 299.504922944997
298.462628755515 299.239604895561 298.752308841238 298.581264241227 299.164434796623 298.734477888698 298.788202867231 299.418809327273 299.123488384385 299.157098751504
298.495101968272 299.115039166922 298.935308675599 298.664726255089 299.210237596736 298.856513915362 298.887923012185 299.457429332136 299.231308868225 299.136161052817
298.845187556113 299.278404460501 299.194013642322 298.944239003344 299.465327048228 299.067456822758 299.152564560072 299.775668568283 299.57138670025 299.36309941575
298.913809943667 299.456430799587 299.373764960842 299.007584283599 299.717047648528 299.201472227718 299.362192057931 299.983420212234 299.667381485142 299.551427938682
298.714663392688 299.217353559341 299.198020566658 298.749914949614 299.482819623866 299.003260762454 299.231585236789 299.71360305021 299.712266269182 299.262387663853
298.424121914995 298.819054001776 298.732185878702 298.414912454129 299.226351148222 298.589573528071 298.839385060691 299.422320618921 299.343344624402 298.839870439855
298.423449586164 298.67535358804 298.588450469883 298.320844525494 299.008132921288 298.519782788779 298.750560177891 299.236089464143 299.333976462091 298.677973793892
298.818595762879 299.057028213108 298.946722855316 298.660760735479 299.278661645142 299.016954465869 299.291705395727 299.370266373016 299.522009371677 298.951428890019
299.374247776385 299.525523656806 299.463617124095 299.193605443369 299.750960599605 299.502091522959 299.727672207722 299.828989260752 299.972467844344 299.402167262775
299.615112284191 299.750417079155 299.725424550333 299.349533083867 299.865036052912 299.678195316651 299.890240317205 299.980259928721 300.179916387958 299.728025558918
299.389686453056 299.601580435648 299.517257483503 299.149557603181 299.681186480434 299.454788660907 299.596822457958 299.806700029841 300.016971982254 299.526301224527
298.94242721596 299.14347440779 299.104383926278 298.68627478209 299.08427572995 299.043969071666 299.175238928168 299.3345389077 299.512855971975 299.160643013863
298.814431461443 298.935032881061 298.851630248551 298.520234007829 298.86432206131 298.936804596582 298.844408755582 299.01149463203 299.209612500386 298.99613263825
298.917313836955 299.043901980325 298.99846196363 298.791746108397 298.941554388741 299.20664672485 298.949887149716 299.198906705995 299.263196084649 298.953996371211
299.174581343776 299.408682253505 299.292430657236 299.13773207916 299.386614214762 299.511491953846 299.283549075692 299.405413362718 299.374563430851 299.245876137531
299.297888572535 299.555923236684 299.422398935334 299.414302884735 299.562429385587 299.755585480511 299.51605243826 299.746194542994 299.502401497527 299.405324202802
299.244672446613 299.52476561078 299.21158246771 299.428416831225 299.473924135718 299.591447077662 299.184344789361 299.685496597729 299.268319467829 299.175757392076
298.789000125115 299.253142504771 298.809654637864 299.095950129561 299.042471490113 299.216953855963 298.637841831523 299.144835132127 298.913288578366 298.822893000007
298.678680865387 299.003244156325 298.672289121142 299.074903815964 299.085925552321 299.092201780583 298.542533487503 299.001278543811 298.613137573886 298.882673734183
299.106613146521 299.238722969947 299.041912120341 299.523794435197 299.541416265049 299.415977470204 298.963952217166 299.533626882751 299.013981982899 299.292726209957
299.627478402382 299.894799555213 299.40381053886 299.98266210933 299.979885471169 299.914759027192 299.249297748775 299.89785445654 299.485291836531 299.834296920935
299.755022371033 300.0827730908 299.493381030096 300.08243397852 300.19162109474 299.855217948874 299.475518622819 300.095183484168 299.685242911658 300.006664667137
299.440926687349 299.814210810451 299.243817295396 299.766846288753 299.984620191205 299.674286084716 299.220637784403 299.865594909985 299.513493430289 299.824999430691
298.836491510971 299.193091172038 298.781318907268 299.31228915569 299.500035709415 299.186083172958 298.880410110595 299.335739555653 299.00994623021 299.390713704145
298.643792358012 299.025420165705 298.60229060306 299.040115073801 299.224147166229 298.78962775685 298.674296912025 299.062295263891 298.709505505526 298.910607384578
298.818554438177 299.200247974196 298.755914774635 299.102572171325 299.341980917321 298.824493417616 298.890942506869 299.156205610241 298.845804147045 298.838559563778
299.12253849417 299.491471437633 299.062276806174 299.258888735764 299.62196718958 299.091737630093 299.2164858704 299.40491391875 299.050538154594 299.206008801096
299.10631656137 299.62259221148 299.207082955118 299.576235131037 299.630857759849 299.10852990581 299.360094138232 299.614244532235 299.194924814691 299.333532182876
299.005591930837 299.433919290235 299.143691591536 299.402799445183 299.478998306475 298.949429385121 299.238512849471 299.436610601868 299.136817330165 298.984137714983
