298.798578635454 298.954351844232 298.967292380734 298.979640974114 299.112296190922 298.6842156861 298.872590524626 299.047936845284 298.855935464199 298.666299740239
298.636439917649 298.875911981019 299.039884067285 298.977312241506 298.929193170857 298.789387823169 298.745144073336 299.01151173542 298.762039119632 298.512658985189
299.013578183305 299.06700869235 299.398824657311 299.331389325489 299.192084744083 299.123952775602 299.203014140092 299.379933346342 299.12613607951 298.895923676893
299.3392115536 299.651108171989 299.816355979098 299.773206386842 299.573799236073 299.470847739895 299.653644747827 299.767190345946 299.557974253527 299.341711861299
299.501553846997 299.819935028971 299.904182352898 300.004216337514 299.834366223458 299.701923908743 299.681057394257 299.88817125858 299.809678408826 299.505054275228
299.253354471353 299.656068845513 299.729316095116 299.575509293925 299.519104553927 299.630587436948 299.546355662892 299.80559353382 299.681578618994 299.340013151334
298.840088714461 299.363197573196 299.284249415354 299.112776373724 299.173399956292 299.175542535592 299.124006395357 299.266712997851 299.368437473334 298.8718359426
298.473517696415 299.050201231295 298.978941181318 298.708696782049 298.778775032546 298.92318012981 298.924471460345 299.039353575431 299.101786601911 298.668804219243
298.564321540645 299.193085104092 299.044412580939 298.848825419719 298.87586544097 299.050717270783 299.075937284448 299.160796819741 299.099691143955 298.769388913216
298.780224570741 299.585784207453 299.362487337531 299.113229972736 299.113792526465 299.349911208779 299.433307500536 299.495854731418 299.470045405611 299.115279991402
298.84888246982 299.841345328331 299.540471164277 299.264733387848 299.279153109446 299.603522897898 299.761523408502 299.670348986746 299.576119012905 299.202641892904
298.702314919686 299.663086235564 299.43299036317 299.165000307692 299.035604433509 299.504914929189 299.470394544906 299.528184113856 299.401394210214 299.160368640584
298.316329904081 299.377713119383 299.125339324973 298.635837047734 298.685283932012 299.294305630502 299.272871217265 299.30240762317 299.043983969218 298.686941591268
298.211621529776 299.353018620127 298.84038538246 298.555429845046 298.452626285836 299.189433108949 299.167330903766 299.189585560386 299.019395105947 298.593992284747
298.64237157798 299.758588095644 299.409088934826 298.938506072988 298.886604261129 299.633563786223 299.417246725877 299.441030359613 299.311802183067 298.886256493381
299.107488099248 300.292267265282 299.827026412157 299.409050857614 299.263756800279 300.017404567974 300.023809921654 299.947121565906 299.574993256308 299.271965485291
299.273074740332 300.411734063361 299.915019281519 299.504067042887 299.484800254936 300.236815877026 300.068704506572 300.19521961257 299.72495551938 299.254083695579
299.019976096068 300.362420553891 299.641187049534 299.316060535127 299.155400786899 300.095700407542 299.940590389243 300.03471852598 299.58071078775 299.010247877829
298.666852495386 299.868734015131 299.213045058174 298.99592965938 298.877659610536 299.528574900204 299.552253824167 299.556516730706 299.184469418695 298.610561978552
298.373900610958 299.658812975272 298.951418905453 298.763758736137 298.74168052651 299.214030886171 299.253438159729 299.407068772503 298.98373462619 298.33871681623
298.501874785176 299.725675311261 299.056200166769 298.938411372203 298.937599404553 299.258269092794 299.286644867131 299.511256107715 299.112214569621 298.626943136191
298.903418195264 299.983711640531 299.319786535485 299.160159610428 299.311994678757 299.584511831406 299.553604405389 299.840765056178 299.369348377559 298.892051207368
299.021394178696 300.06483620478 299.527405087407 299.375437772054 299.329411935118 299.711985880588 299.517037587086 299.954100090976 299.57127821221 299.13540624856
298.973055213996 299.759776591806 299.264076128733 299.283235850606 299.339242327693 299.611404470944 299.461705907788 299.881241617361 299.445580027994 298.983877449774
298.626352560065 299.33731612703 299.083240292208 299.103639660358 299.047267916801 299.284890586478 298.992559864973 299.309105534155 299.038273876884 298.762064437233
298.582161430765 299.232233784136 298.80626515891 298.990713451856 298.766164121028 299.004408387664 298.964015263098 299.109424473522 298.880182527353 298.851945021269
298.915332323953 299.587519612219 299.275941891245 299.252228034366 299.116485807956 299.121408935542 299.154202257376 299.437611782667 299.124671159522 299.162698255079
299.35022848453 299.972626997169 299.763528991809 299.857981914602 299.703449962814 299.566891372778 299.589795292504 299.776436869398 299.562818530134 299.639688199683
299.643034736688 300.161711097968 299.919653737456 300.228630273743 299.849018110842 299.674440848205 299.744168666628 299.980456899423 299.7077643065 299.750953849483
299.390550956789 299.972006341761 299.707112579299 299.942040581829 299.561344988468 299.464668543753 299.364615604346 299.794023341815 299.378727699235 299.429324414917
298.999961432714 299.550742983744 299.129063869591 299.461214830488 299.192914365279 299.023834725712 298.85340370736 299.163421013812 299.017771557301 298.990372380841
298.855110761851 299.122785763638 298.921027240425 299.169673958878 298.854760029271 298.754904906191 298.612600822829 298.728819758059 298.672523921117 298.766448695219
298.991773939339 299.135446115211 299.11914931021 299.186572187655 298.975799599556 299.001277458249 298.839463831362 298.811124373487 298.885075770716 299.008962474994
299.255104255991 299.444142744174 299.438505812949 299.428899719831 299.303411438209 299.252237914017 299.04876583137 299.014387457717 299.268914101226 299.376284620568
299.447388972429 299.581364885763 299.53826932845 299.543999415243 299.463741103318 299.554467579347 299.247428835353 299.049822446339 299.472470835409 299.594086158827
299.412983609949 299.481476315492 299.361382858013 299.34766388677 299.229455438595 299.371385328891 298.970276846396 298.931228398916 299.272498821841 299.403575889906
299.206834228645 299.229760649684 299.135117616045 298.869641082705 298.835492183815 299.055796764568 298.80336291519 298.734109797706 298.876838947102 299.115425161172
299.114056379355 299.107222781841 298.950318267571 298.779520195567 298.600089890375 299.188387130926 298.826966546589 298.699237968888 298.949062576496 299.028968689451
299.469148279889 299.409979375665 299.411012400428 299.172023940404 298.957087628105 299.515355553628 299.01403580338 298.999202445053 299.269649443714 299.432135592822
299.93047126635 299.959987158309 299.803576066144 299.687026108744 299.411209565082 300.073758994281 299.369481914313 299.458209038546 299.723690892535 299.891197582082
300.184975929303 300.102439838173 299.980375182424 299.962322868745 299.606574713393 300.120697624228 299.601580178594 299.65275926412 299.808834194191 300.054900285144
300.074632925118 299.812986848738 299.860433493044 299.76100140442 299.179546891339 299.826901260883 299.28413190485 299.415634560739 299.634728257677 299.784176806792
299.79795688252 299.467080763861 299.283929105017 299.368856398842 298.926113110832 299.379977225968 298.884502761269 298.908825611646 299.197400241322 299.113811815766
299.465498551579 299.071621835937 299.065515118697 298.986792059569 298.68378306319 299.202273863493 298.680961942221 298.827313233906 298.79834388574 298.875065563389
299.491606091137 299.138599396098 299.083361048327 299.06258338317 298.864896300362 299.317674483593 298.904474087661 298.918047705679 298.891122105141 299.145895098637
299.733193223091 299.375235277241 299.241213191284 299.346851134059 299.159012857727 299.63403231972 299.21282180891 299.296506521481 299.227723878201 299.358110962203
299.985177165735 299.585663758281 299.606031005745 299.67219191806 299.321770137676 299.70942122851 299.395853648541 299.498074978912 299.372046873479 299.453775671938
299.846674567249 299.288021934141 299.498442584368 299.53905006881 299.381815060136 299.517249771692 299.231657143283 299.350193667183 299.116988400138 299.231845948452
299.513668051286 298.763979603469 299.15870488999 299.27703827411 298.965854785805 299.164224119565 298.874994188681 299.112329602588 298.695645789801 298.818995542869
299.372519997402 298.697916583494 298.935075904548 299.305560848516 298.928035471959 298.997102780165 298.727777669189 299.153583551161 298.618292559577 298.735516107587
299.764396640198 299.196258742093 299.267981046273 299.70961673628 299.32347832145 299.467120217944 299.095123371971 299.445269905446 299.087093926206 299.013457150978
300.184693434341 299.597940408084 299.756102243397 300.181383900936 299.712641043722 299.864502594998 299.658067776967 299.885396204352 299.557902152737 299.388091977601
300.314531377709 299.690745513365 299.918634573819 300.314712491431 299.936757255863 300.069196935691 299.773088970351 299.988196507737 299.688789584435 299.562700987449
300.166919605365 299.443829346486 299.627243420447 300.176488829977 299.752977957406 299.770473275968 299.514726551821 299.694582263198 299.480328958821 299.391661352428
299.570019044795 298.971045337489 299.088918740268 299.797630027627 299.536256757727 299.270047374638 299.221647744296 299.382837591569 299.031643463769 299.021875216635
298.913182227224 298.708450056389 298.785383797875 299.63096429411 299.320032121831 298.984258605834 299.037223016519 299.058460350986 298.854451056651 298.708600996572
298.986289461462 298.914132571792 298.926240719643 299.618624169964 299.479327752791 299.263612966138 299.151874257401 299.493312320464 299.047930011891 298.856854365242
299.220587685379 299.142175952086 299.311132367512 300.035662541232 299.825451617269 299.420843914005 299.437741774627 299.724691312917 299.272473123984 299.22832100723
299.28998914 299.41477668218 299.399502006525 300.080437653376 299.9408579694 299.567479006001 299.487444196761 299.8587894511 299.503474788947 299.271938790553
299.043455588473 299.367490161543 299.227233101285 299.92766503546 299.849579417008 299.342466024205 299.435441423587 299.903342468666 299.401523512649 299.144232695439
298.673599337754 299.092098877751 298.929240342427 299.422065106118 299.513894617248 299.12014596478 299.029024301505 299.603260966736 299.144063137066 298.754648066908
298.514343982753 299.05907434474 298.842149902254 299.130007660115 299.456971634089 299.080960561449 298.940657516768 299.51217240446 299.040462137975 298.558855337012
298.926971712781 299.411656212352 299.182496890806 299.439952291747 299.743645909933 299.479203173853 299.364343100102 299.785063492315 299.491796418244 298.780194083831
299.373557048276 300.003137331233 299.684151176128 299.876962463221 300.179740648917 299.807446998701 299.784473987829 300.096948687109 299.923442412792 299.299961821546
299.550192024659 300.138419707037 299.900032835772 300.135613486098 300.261810435759 300.092561107794 299.960630334194 300.292833827766 300.044593895758 299.609826004073
299.50463397861 299.95457140379 299.647017534672 299.759439147092 299.984726606719 300.064459744894 299.680790352847 299.806350103056 299.916895719608 299.366089971165
299.207463227811 299.527884941093 299.477860889615 299.396233103878 299.492673416193 299.688877972107 299.219917860829 299.381082230734 299.476806149053 298.965065524158
298.926388170308 299.176065566266 299.253475728192 299.158164028185 299.270560532128 299.402503008585 298.955070396928 299.024942965174 299.227914129283 298.670780160431
299.00495176739 299.416737849475 299.416154246181 299.297173692645 299.183251454249 299.667677971558 298.980553415293 299.028570945284 299.199387617727 298.8928607422
299.256213843859 299.710207452896 299.77402253029 299.684076890923 299.424611361584 300.081363337493 299.302238238422 299.390346428838 299.563100679993 299.13099750037
299.511330495384 299.898719848509 299.844923266363 299.998400069675 299.558657137434 300.232730235081 299.346841775991 299.56224288601 299.848883433012 299.335175209331
299.486762788917 299.770299772766 299.62330013199 299.850310856512 299.421274121538 300.000127879572 299.198267063604 299.391070043955 299.723888402059 299.26199092275
299.180518892433 299.336364067079 299.441201102514 299.529735695814 299.090701328676 299.551578176217 299.026238245315 299.160574851509 299.374541832966 298.891747426882
299.085656212382 299.328546158347 299.325455890601 299.43174765033 299.007886272479 299.328286550324 298.87546714122 299.027534153646 299.308780257563 298.733332346038
299.487696765898 299.602800080569 299.572221502716 299.558495779012 299.349053039043 299.640434914944 299.234349450414 299.241323956205 299.664886800802 299.156018315682
299.992180572915 299.99364538317 300.165475298657 300.039408519671 300.024863900866 300.223556695874 299.70896541984 299.929583300198 299.963465359746 299.627416491868
300.121172188895 300.169838804661 300.295759091145 300.048471269873 300.209758166975 300.301221740549 299.874626533575 300.113315899639 300.227961840241 299.821702776364
299.853061942971 299.983683838952 300.062169347181 299.673560020064 300.107472770863 300.056681697472 299.82003107379 299.881997281904 300.029993001122 299.757687998421
299.438555854063 299.576578114307 299.64504859523 299.277301582677 299.684800770994 299.657032499328 299.412341090027 299.498612538978 299.638919895467 299.438583901864
299.151506049077 299.322795313416 299.216710953201 299.045651168587 299.425436019217 299.311790417867 299.225089851548 299.212802464089 299.381781680114 299.188955976045
299.275858910655 299.284492955558 299.219492564808 299.166799587828 299.420588541285 299.277945265798 299.265833092188 299.389512756008 299.315387769578 299.356540762549
299.651867921824 299.539284045519 299.406731278347 299.295718587007 299.563604305959 299.566084688219 299.702469688336 299.834869169237 299.62149903969 299.623806196016
299.68758551122 299.641250529347 299.506733141244 299.480824862442 299.683278886229 299.63116080408 299.89607758497 300.081138323472 299.838471477318 299.839505210448
299.354796250763 299.364770242413 299.235099808511 299.247881125146 299.402666026626 299.391620726066 299.60318153636 299.847374348841 299.630476629847 299.595383128294
298.855988468073 298.934647486206 298.777179789999 298.787962911563 299.061273772526 299.011021453406 299.27442756669 299.521655566094 299.295038374048 299.302435854183
298.852015004074 298.994785730671 298.675997795478 298.646635060197 298.821540730476 298.774248983625 299.202989375667 299.345630689265 299.173743219649 299.242549266461
299.058509212848 299.283712110498 299.090549170154 298.955473667126 299.030291079683 299.176347479795 299.508087343721 299.696792645185 299.510230024415 299.524247616113
299.590112395313 299.527290064299 299.525082345493 299.357045659946 299.494329106382 299.623589229099 299.967621550353 300.06377395957 299.918035687564 299.988295152218
299.853232625879 299.822548351882 299.807340886487 299.356204810938 299.645206929875 299.850776018557 300.11174085057 300.243516945538 299.981156160383 299.999738075191
299.668961212082 299.623644858185 299.584089552915 299.128466978672 299.337502869309 299.782348156054 299.745977337868 299.935400328358 299.783520556352 299.767777263799
299.090308083688 299.292480457633 299.059045004925 298.765626136449 298.918496215654 299.364434334867 299.205579284408 299.543999375113 299.196208802827 299.465484325791
298.940382540047 298.934688086852 298.794612987176 298.52592799501 298.667134579484 299.158408926039 298.946062125428 299.228527204027 298.86983293029 299.022294932933
299.081418210131 299.001703695493 298.972651814888 298.770510046968 298.774675050728 299.276324685138 299.140017425085 299.307347620104 298.923889100438 299.145032965587
299.376687225843 299.120603408036 299.228146589713 298.972596863097 299.046359927647 299.667709744947 299.497334153262 299.498352790204 299.145434191663 299.39135514479
299.528376726458 299.173489553847 299.467675468897 299.096656108624 299.201881305147 299.976210241429 299.745052335349 299.762790580472 299.143810857048 299.45661508447
299.558558272603 298.909467402101 299.278535264331 298.999530261414 299.027542964334 300.045688657585 299.488438901365 299.544209807791 298.987128746568 299.254402355858
299.236835715841 298.582696687667 299.058048470043 298.728500612826 298.811637265818 299.88403402192 299.23296829678 299.235449979412 298.594822653704 298.85423071073
299.033059178384 298.500925836827 298.927843350443 298.658648611249 298.682375742161 299.875288133078 299.109448651068 299.096011906024 298.435930101318 298.748470733561
299.28137611856 298.932800441937 299.314675633674 299.062488858244 299.01883061972 300.215028186649 299.250845375149 299.392839824206 298.762454507194 299.112156972441
299.830846611561 299.28645459707 299.785299873807 299.474026982172 299.49672697696 300.541943791111 299.817200189482 299.748059230773 299.268782801952 299.694128763863
300.005196087223 299.364910091367 300.041263670124 299.642388848034 299.669975671123 300.664823326289 299.891677145953 300.012663692171 299.401762654632 299.744877885864
299.820566597675 299.150032825053 299.98767904863 299.582377395079 299.360937108242 300.499211069593 299.695681036049 299.625429249232 299.118522726424 299.442664535896
299.228217598396 298.770174635445 299.569217021693 299.19367034172 299.172959773716 299.922032308467 299.241660201026 299.227725082594 298.740643054857 299.18849068568
298.827135915215 298.504554962713 299.42483914233 299.035007259111 298.896527485455 299.608435859389 298.852183550061 298.948223972801 298.520719842985 298.870913360006
298.865783043008 298.645865669261 299.600215889723 299.352109902602 299.066148054456 299.617082627891 298.921266141883 299.010379807391 298.662276743123 298.942561894599
299.158824773084 298.912994256884 299.747614741137 299.723031233604 299.493093773149 299.782416670471 299.153398449283 299.33765603305 299.00142955391 299.175533719135
299.354575104405 299.078838909848 299.833690881196 299.940803548354 299.583418011425 299.868823013229 299.277949911471 299.566663953357 299.123517121556 299.184157904196
299.2624954537 298.933047512285 299.68322174254 299.979972130554 299.489061606202 299.654444829758 299.212750770324 299.417787430075 298.884433578391 299.06395601741
298.867460733564 298.783487016022 299.38764138396 299.615777639937 299.157922283816 299.207169470397 298.734401859062 299.150249810007 298.509607219524 298.653572520689
298.851250522953 298.591010067689 299.093311044935 299.344207146323 298.982424016113 299.033199311875 298.656747413857 299.050458043379 298.605604349594 298.537465625477
299.183999789101 298.893543444332 299.510421806206 299.74935614892 299.503765664777 299.238774088556 298.783036651054 299.347471085433 298.991999987622 298.94797445425
299.591506971047 299.340569491745 299.880874917768 300.411536607593 299.92675408722 299.657414094331 299.363833149083 299.865565128168 299.476174250967 299.453520591375
299.776806931527 299.481315957393 300.168261734487 300.528592772119 300.149023900874 299.76244979659 299.456904236156 300.048755663623 299.628526797681 299.620357141314
299.483909348595 299.408463288754 300.069527110548 300.212324968789 299.805239421687 299.511776345201 299.438013112619 299.794098769896 299.457524504091 299.372145880474
299.025600429438 298.951613186181 299.605758471702 299.680358121704 299.412529407703 299.009208326112 298.892195934931 299.427244185723 299.109093345709 298.975087672802
298.717086698461 298.689997254747 299.20958102885 299.30298701276 299.05736302286 298.704175267368 298.586881177536 299.074678335913 298.981124060971 298.771182355856
298.799231839455 298.910510723781 299.125094360509 299.295455105639 299.177508157186 298.79989552961 298.768447960176 299.246216576722 299.089675339891 298.963299183594
299.219883600348 299.18948283054 299.384636832328 299.549880452469 299.368075919271 299.04725405281 298.904341591682 299.521280389572 299.596903289154 299.351838189424
299.473380287863 299.450555191124 299.393986100865 299.788619531492 299.560398857555 299.04461177129 299.038290836942 299.648620297419 299.752260307731 299.653906820423
299.240263480866 299.288250966754 299.105961184925 299.45321854696 299.366064747664 298.921972106874 298.727709695586 299.503944306027 299.67734791632 299.659978018027
298.966025797119 298.828863740037 298.795591128315 299.074325071653 299.189748441913 298.543922803389 298.628873797823 299.112913819502 299.560403984049 299.276363760293
298.926785436935 298.692726807739 298.736996991013 298.915528949602 299.184348928053 298.559828213049 298.497951771966 299.076344109958 299.379212001216 299.066419060784
299.249712480036 299.065471312042 298.985150856724 299.174790829545 299.412352051307 299.158427302799 298.817909416817 299.485045282693 299.514354703406 299.343337350592
299.801068906759 299.579246039839 299.439379261545 299.775349762274 299.804917344499 299.514305967323 299.318075721041 299.933317318207 299.876572319111 299.845010636862
300.069885052256 299.736386045467 299.600359700032 299.932811446472 299.831592930376 299.716650123838 299.642229418141 300.288205813517 300.019001052673 300.211629016975
299.855829037116 299.486413880202 299.443102071973 299.713740794379 299.718589046765 299.482751206679 299.50694822978 300.128550257067 299.674337695757 300.060176769797
299.461521362446 298.989188223558 299.091828578341 299.484819428711 299.393410686763 299.039323923152 299.066332755919 299.640277111742 299.186283137912 299.721565573029
299.150978664707 298.690627021392 298.841795510739 299.133559310252 299.056697448826 298.893096521871 298.713393068015 299.316233561134 298.949447396757 299.237936818975
299.188404213702 298.740389410044 298.99645039819 299.265254732742 299.293306132462 299.098656255382 298.853009986228 299.481014085383 299.031507543973 299.402510752093
299.591099374467 299.025542318083 299.362704340806 299.637621378156 299.611783444328 299.447720631375 299.192571035871 299.747248557893 299.289599650653 299.658951925901
299.763697698214 299.239582527313 299.604439651055 299.895859181287 299.727445140524 299.563910619704 299.538125149269 299.905388360392 299.39426872806 299.711890273682
299.527187783466 299.097537982538 299.523704747553 299.72199895958 299.538097827809 299.371918682222 299.254074313162 299.70458160076 299.324513581429 299.582230046439
299.135396924952 298.741276783295 299.196384182518 299.377641865146 299.152563821318 299.068414562855 298.876019733792 299.249064330897 299.029376967235 299.261276721471
298.972565148905 298.721813312595 299.230902348201 299.34508567228 299.077861983624 299.062532052179 298.776810537187 299.283384401761 298.930943044216 298.912842114571
299.283718525697 299.114293070054 299.552301575531 299.689001973243 299.345912611824 299.360523153417 299.110320654767 299.585965089747 299.279793582693 299.281949533334
299.67222780024 299.549887056195 299.999412655928 300.243966500192 299.727908530625 299.726997040763 299.701491627547 300.190114443627 299.82973506095 299.52988163869
299.873213716784 299.815594848309 300.129544172821 300.40063810679 299.951792135162 299.905375623758 299.833579111004 300.510259634074 300.020540608323 299.744556162329
299.637097734006 299.626171708133 299.776112359652 300.175134243191 299.58389162345 299.780634425621 299.674510403712 300.229682039806 299.719520711034 299.635402831705
299.197033305621 299.241960479687 299.297910989217 299.687177397743 299.257736661831 299.349444493526 299.320044298816 299.779068151282 299.317942390125 299.159955221912
298.869655097704 298.903839058691 298.893318338961 299.403485202462 298.864842235384 298.983069208987 298.977019338145 299.629006745925 298.987547719589 298.910151973921
298.952141650341 299.121832429009 298.994753837414 299.479875236086 299.062231111821 299.251251816492 299.232422580334 299.668572507637 299.091215512335 299.115549474228
299.210253072002 299.550416128504 299.34032031136 299.807490487568 299.467140961179 299.607689603089 299.5734514227 299.969924333787 299.465535209057 299.408574484642
299.370829952291 299.841494085309 299.457687822473 299.91861140194 299.542287773659 299.995422473609 299.895058079917 300.01459152684 299.539197158632 299.624309901497
299.11840441653 299.779296067399 299.377553073868 299.775649441129 299.411284571371 299.857037450071 299.791139917778 299.730897303372 299.346812278814 299.50813943546
298.722719473779 299.426087423368 298.92045855219 299.334482878678 299.135672658918 299.629583324592 299.486093489504 299.643106708917 298.980216065371 299.234403022329
298.580708318442 299.33156210372 298.917479233464 299.323796768303 299.04149824094 299.375091549768 299.306698772334 299.606932807034 298.76681584929 299.147009905589
299.004706400025 299.714547484753 299.082902008008 299.444890282046 299.514296587449 299.807367896748 299.692182899686 299.6623144935 299.179649456645 299.551870368925
299.530248444395 300.255096603611 299.640403660065 299.887040629586 300.181788190363 300.228083552912 300.091899535654 300.202543621059 299.684873771108 299.97389035058
299.66791312969 300.523449354411 299.907593119513 300.005973009081 300.492565404671 300.417932353613 300.187465716109 300.380712599654 300.031597751835 300.080112381884
299.463016224192 300.254918343368 299.644182767728 299.834702965573 300.226488690579 300.282165423914 299.981004300848 300.18249992065 299.756107513846 299.869465513802
298.989201037215 299.910468444961 299.401677784252 299.440102389969 299.737118681388 299.797978559343 299.566513183463 299.51366569993 299.306209690559 299.312271515592
298.731186402902 299.66516285847 299.174452097357 299.262715932482 299.342339473338 299.332857669864 299.09466514391 299.034370329982 299.036516210356 299.009751716691
298.864820803081 299.579049802146 299.44883980652 299.497497796404 299.497336730297 299.569493515176 299.237303849684 299.081180678974 299.082428188832 299.262564316243
299.198381424849 299.928044911398 299.910282696808 299.902643276331 299.833753825834 299.805201365877 299.49199396391 299.216505229085 299.413590452903 299.607182341269
299.404034155395 299.917555079581 300.19984824992 300.211918710286 299.941443620973 299.910749293351 299.714622932099 299.269867801851 299.622351045074 299.748326674602
299.191310892806 299.635241890424 300.197933199043 300.111579880175 299.74425931811 299.703421458062 299.45331401559 299.120147800605 299.454665671406 299.468194376798
298.830256168033 299.008960630544 299.927946718279 299.78246201826 299.369162069682 299.383277106184 299.144336673424 298.710488719588 299.235523220911 299.358761946493
298.875478285677 298.969125580128 299.905968551031 299.807648399113 299.151321242795 299.437011367505 299.158181433609 298.723080173591 299.130027584612 299.169461956617
299.277916259592 299.45293530532 300.088309446544 299.846684053048 299.580232253375 299.73363832513 299.231235357955 298.898529764234 299.454715479246 299.544212272405
299.744200225441 299.791493752917 300.536783009657 300.2834257062 299.951865671958 300.23516726679 299.7337380074 299.433272630664 300.140232292014 299.947609091832
300.025129393278 300.043864758514 300.590239695252 300.444515547818 300.029981062722 300.444116467196 299.908483492007 299.740881661907 300.430686789099 300.318795830469
299.81859883735 299.762083036655 300.212321502716 300.278283827975 299.99976955999 300.302847079327 299.727012258701 299.455649580908 300.23915413866 300.165401097758
299.400737178471 299.410474091325 299.737362665776 299.831404592839 299.576539396324 299.896179609479 299.286840451914 299.08641742658 299.747315488732 299.831002007758
299.20859335462 299.100870175257 299.253007466602 299.326208369963 299.191387665779 299.698964432248 299.14034969612 298.88095600586 299.436329454792 299.458802125357
299.389675851759 299.170480522341 299.424482417636 299.446534639154 299.354544679215 299.873612319225 299.443384775737 299.03841485242 299.469721795582 299.546854626248
299.746513414386 299.469918898291 299.643432852249 299.704496651388 299.770916295513 300.144176416212 299.83842071587 299.274740751341 299.517838397277 299.722482350995
300.009335065392 299.615222719318 299.735530003708 299.752671904525 299.88793205371 300.205693438711 300.094668648943 299.448725658076 299.522387219941 299.944102716139
299.829092244626 299.451295053046 299.602816940735 299.519009724076 299.721198399484 300.080536499701 300.047250123912 299.23065372451 299.368875878628 299.738805045258
299.655340698804 299.088153177509 299.402935789612 299.166515299797 299.491548919688 299.623115001482 299.730868792593 298.95257717061 298.958652343619 299.486291917498
299.420236304451 298.936688142685 299.094566858318 298.971119239863 299.349879917198 299.577856533137 299.672687142396 298.834056505778 298.668112540838 299.295423652595
299.676162115563 299.407928304217 299.291569816916 299.209061781009 299.641033455602 299.965337765001 300.184591197702 299.185894522201 298.993469937254 299.591112114458
300.048219228812 299.780858840945 299.779021990841 299.644027921363 300.106653103643 300.477744478302 300.479582605375 299.687387509781 299.643904759793 300.086930954965
300.155853313285 299.976176629337 300.042883752887 299.789782953606 300.463736699106 300.615047287122 300.676184250198 299.876451488703 299.935130198645 300.272092505465
299.862640497021 299.738744953127 299.810336407592 299.58334263418 300.205781620764 300.428167165632 300.303098239241 299.649862899275 299.565237534337 300.071624907616
299.38711168174 299.373263237943 299.333195882416 299.258488808742 299.92304216599 300.100758644917 299.737112704656 299.294115925836 299.153330798404 299.548731654904
299.098684534847 299.095787829753 299.152038625509 298.997950784647 299.659691518564 299.751140453389 299.477171425943 298.92578714019 299.012449964974 299.173092185209
299.217544554476 299.249107812299 299.419526842813 299.125729345515 299.855088031788 299.755103948058 299.686439563294 299.015939042521 298.96724805819 299.2346268233
299.485281153336 299.532329419228 299.744859714734 299.46121901266 300.186249644551 299.895615028868 299.928722571364 299.319582873048 299.355512105452 299.639521501566
299.684816824372 299.794866409549 299.925247822361 299.588273611458 300.443601427639 299.982607263784 299.971947915464 299.465452988301 299.531233425222 299.673349532577
299.401225039401 299.625080026598 299.779066258203 299.419007130774 300.382582047184 299.783248149787 299.711222201129 299.192640382316 299.438691345461 299.461149123931
299.309693176665 299.29182207696 299.335861430215 299.072018328533 300.112652170668 299.504307234959 299.35445697304 298.944717133038 299.16801997183 299.139932926018
299.321605616754 299.221395829872 299.199142956497 298.995645403874 299.966113988765 299.351431384456 299.327526335897 298.859588002167 299.100343234383 298.858109133143
299.471204635837 299.598148774996 299.60835379741 299.310482284702 300.194584614347 299.67485075516 299.594290482051 299.202199678943 299.631623575523 299.363337985171
299.864873519154 300.134988726867 299.97431273086 299.914580419715 300.765526229218 300.033314496414 300.018241924009 299.612924987545 300.094314357192 299.928904232825
300.036916256366 300.30614450311 300.040672840136 300.067461017772 300.907420170554 300.152334712824 300.196248999377 299.77200390925 300.264762798955 300.208059798406
299.739976690363 299.984360741752 299.807651011478 299.958009740704 300.638854180874 299.774281442964 299.961824170409 299.518612016049 300.08979502433 299.917356442164
299.277756931423 299.584292431714 299.438102560614 299.462217584321 299.955241550733 299.421204602257 299.608246001877 298.971234981113 299.705722659503 299.431945949295
299.23315319589 299.312336351183 299.324917948139 299.302300182659 299.681266471449 298.957147130411 299.27926596704 298.655253265052 299.475517070669 298.998283500727
299.416962976196 299.319071921777 299.462730040974 299.341035909313 299.798072248044 299.040936048708 299.464074395485 298.934130536861 299.581265156656 299.139395032866
299.818954929826 299.778337250198 299.778655703433 299.747743130551 299.932714452804 299.296627777795 299.831187688847 299.252016844183 299.811207162879 299.444306859976
300.081136180596 299.993565461924 300.019047740105 300.024188878594 300.140528627918 299.364208502284 300.058191200293 299.398926900733 300.024692932889 299.649731855794
300.056041527619 299.933176305762 299.834466378103 299.796619246304 299.800186158945 299.12422210096 299.828034023737 299.175202290005 299.907794072094 299.371712133278
299.689362051048 299.373075745079 299.633726596964 299.542856346219 299.34228902125 298.776031495292 299.563839014086 299.013941347084 299.560190462179 299.104886875057
299.778040440739 299.489823528661 299.413606451077 299.331124011912 299.375494876218 298.82236760997 299.461889349245 299.085739445453 299.527406668957 299.117983489115
299.957282752 299.725511029076 299.629010199903 299.822001877444 299.618512132683 299.189657926045 299.648704424397 299.294165993916 299.765791822245 299.320654568899
300.409223908151 300.28865248689 299.995130970634 300.115096734601 300.096940577975 299.749125719426 300.06155878488 299.74800429455 300.036914681893 299.882629036552
300.625830938803 300.437049280598 300.205865398329 300.201758052367 300.343238788193 299.861120481581 300.227278675164 299.928463357473 300.325168283826 300.027503326792
300.311801784764 300.168843459768 300.105422878571 299.982396847256 300.092607568206 299.721337103918 299.980997708463 299.616276587922 300.198923418846 299.917756412031
299.763338728056 299.680427520496 299.686209707212 299.612583984848 299.531826049206 299.24502393725 299.619021854414 299.16166358974 299.745483594056 299.326082571764
299.459628263256 299.196859572191 299.360784602383 299.31438385408 299.271476809715 299.032467533209 299.293608767309 298.931861102354 299.486773620269 299.004553359048
299.532498407122 299.30053525604 299.426798433347 299.467018034901 299.468114863701 299.259361689453 299.460385564032 299.217854569966 299.747569176069 299.366571613018
299.743601555101 299.612617255735 299.749885153068 299.85988469709 299.776845119652 299.521953341257 299.692750536647 299.588830948595 300.0747020004 299.612709640681
299.836918631135 299.704850847125 299.842416040504 299.988558970179 300.053970493095 299.792440250073 299.741716018515 299.775088493909 300.396157802261 299.954807275892
299.667881089074 299.576713961298 299.712230696765 299.834875563035 299.921482452097 299.738761948948 299.554882814216 299.788915280692 300.462294466124 299.849245838696
299.354516856328 299.344405435357 299.424601593534 299.512628925818 299.624619808433 299.510103228983 299.259793155621 299.4198762528 300.078925129701 299.488870946874
299.125735666402 299.169658281165 299.416597824848 299.329443120318 299.620560504996 299.432820328346 299.137304534115 299.399656183974 299.887949198949 299.398623735463
299.48181518501 299.52580900195 299.687213988944 299.692352157336 299.755910967825 299.739976914357 299.346361071464 299.839290892265 300.131400986881 299.813074314705
299.825878330253 299.959315966989 300.066249257255 300.139869800566 300.376906125345 300.187276138293 299.795511225323 300.146448168809 300.617476302997 300.170712405197
300.01953230011 300.193741312091 300.168477820688 300.293917560172 300.599613623108 300.35705745019 299.926314046326 300.392715892144 300.663262339158 300.415463356036
299.763387446557 299.860866804578 300.041540022431 299.943800742459 300.438315237689 300.125309421506 299.806167880588 300.157222929038 300.571688231928 300.134013373332
299.274915656155 299.501751825821 299.770482850225 299.518614448928 300.040862472441 299.608226141779 299.297005982028 299.741871831526 300.041025397074 299.77176960107
299.007506033313 299.218086080203 299.558091310163 299.192372353448 299.681631509894 299.352498022868 299.022741008291 299.420157512725 299.717181100442 299.678396714549
299.233613366004 299.33866722459 299.652632514599 299.378493842968 299.84910846137 299.444724531407 299.262203341498 299.426355422119 299.631193452129 299.795260238096
299.544917949049 299.709763931598 299.915693043399 299.709466665915 300.370747971695 299.753647657012 299.54266128724 299.747321571243 299.861900912601 300.117546544577
299.780060963742 299.846907144508 300.090903564251 299.765614755125 300.626282096593 299.906388744611 299.56549817781 299.837689477815 299.881909013821 300.524406859241
299.59604542651 299.711222843581 300.05232902766 299.623210558822 300.611506605361 299.63375732587 299.412532861001 299.689343401704 299.8053187316 300.342813695208
299.297435212095 299.38544192536 299.669019819947 299.251343909395 300.345749121606 299.299763303362 299.076600568466 299.310189559981 299.471893940543 300.075475345599
299.204244297962 299.301405234999 299.549919129675 299.277576148518 300.377862919916 299.151380238833 299.098916700612 299.136726957783 299.393421912884 299.912705075164
299.557068979591 299.544847999573 299.874132506425 299.514482944106 300.581152002327 299.338878020125 299.429435724005 299.370157435087 299.8595222537 300.183161745914
299.90045946555 300.039021706789 300.197970538203 300.00047708775 300.948138453512 299.816355996024 299.937381242891 299.921156829023 300.239670469456 300.437903479294
300.157762872498 300.212728444894 300.457171666929 300.098295990345 301.063188912973 300.022579336107 300.208559466666 299.995844489281 300.493162252451 300.566018721264
299.947314687072 300.077668971859 300.302954553219 299.759762406452 300.996116654619 299.918659316854 299.818615741265 299.618269789757 300.395931410136 300.324747847791
299.469591683369 299.624963890483 299.841891802494 299.294460439522 300.35321036906 299.494341910589 299.513155441181 299.289289073114 300.030293979073 300.014900034696
299.225162349195 299.192801402333 299.575982059701 299.025488230325 299.904597802113 299.17352020652 299.210924177495 299.190738934151 299.802591753803 299.808616416881
299.396532099671 299.36008717389 299.841814465304 299.231397996131 299.824942479977 299.230360032296 299.322597099076 299.305419554498 299.842650534938 299.883907976212
299.661901440989 299.704407124525 300.089626850576 299.469659425316 300.051387605201 299.484114836727 299.560486716985 299.646689768643 300.150570110092 300.206233597705
299.857801022792 299.910551835231 300.366832770824 299.678630779149 300.126233539378 299.757380243803 299.858110500797 299.802632659868 300.205682782739 300.299777170853
299.78376098213 299.757772667308 300.103990718735 299.528519221697 300.02475946231 299.619191864266 299.508218413787 299.795842001748 299.910615006344 300.124482349847
299.50201307318 299.555442269847 299.787845965089 299.285718120798 299.519161196989 299.177339889497 299.148036512575 299.507838808049 299.683053682634 299.73846973108
299.336336639292 299.467027372442 299.464846068686 299.042208205683 299.412003693697 299.109059420528 299.066478446478 299.55812694569 299.432291044308 299.712193083946
299.793083315635 299.992661190084 299.625592526546 299.42487973305 299.780549904934 299.487321005725 299.336434257459 299.951212381867 299.891450925929 299.954778507325
300.228383097601 300.478816814651 300.19148600068 299.933712590279 300.227545834531 299.979976315381 299.751770648014 300.391489831773 300.446946934912 300.415149042886
300.245893830616 300.700172408285 300.403740881636 300.14634564069 300.427388029264 300.06803750755 299.943963120409 300.492703392689 300.631950832242 300.582476965599
300.09578687087 300.429876339979 300.143905124381 299.948192641199 300.134406697807 299.887617291035 299.810879787427 300.166574980714 300.527279364614 300.312140486387
299.705795634972 300.102282559959 299.711792150882 299.464313559768 299.671772223181 299.555344684559 299.479527609413 299.762557111609 300.045619462136 299.826560111854
299.457989936878 299.631902921062 299.423974692269 299.119744020849 299.400762040803 299.329292352437 299.219358308391 299.427368277482 299.825909889516 299.637486607346
299.631217380522 299.718596870451 299.500375966892 299.377494828669 299.466765612958 299.431319025369 299.26600301777 299.548599462924 299.743363471475 299.711096016941
299.987702389445 299.988073835651 299.765100737219 299.713626643754 299.769459085026 299.864366750151 299.680934249809 299.810201499004 300.064360017561 299.985004318968
300.096883313633 300.162032170628 299.955687069828 299.884980524948 299.963235878283 300.134729744383 299.873631268524 299.936979626837 300.300904788599 300.10829996922
299.931521334585 299.78208596137 299.859848896716 299.698880334027 299.861067351538 299.950263882114 299.698295552532 299.734955610944 300.120220038056 299.947380095412
299.375419997445 299.586712843423 299.359971046614 299.394102042992 299.43406046431 299.620626956645 299.408611120517 299.349697965265 299.856848362397 299.452185895522
299.451565452245 299.392226699631 299.247818131937 299.23377741941 299.375827386554 299.567204449643 299.201539272564 299.262014783586 299.584783558193 299.336869215354
299.64932804231 299.597155852075 299.578308157572 299.560703979966 299.737903639251 299.952194906651 299.587192620733 299.567574515438 300.019036700421 299.637337054741
300.157877505353 300.04822505897 300.020939918685 300.103557994006 300.241354525348 300.359155760388 300.140954628193 300.174287644705 300.444667653269 300.162258559156
300.323566008846 300.177741937166 300.232872199334 300.354319478101 300.499972566047 300.437401521733 300.218934725569 300.336770674512 300.670200639543 300.257938833842
300.018320760001 300.007040010069 299.956871375004 300.088783440571 300.371369446414 300.256424972937 299.905489424623 300.170647264284 300.532695915252 299.951158244292
299.410748383835 299.427637129576 299.391757088839 299.803151954194 299.908336571671 299.766908532988 299.424416634853 299.752773157015 300.11953082016 299.626223654795
299.058766350142 299.113229271547 299.01707302471 299.608181694521 299.686552320707 299.492249835676 299.15362172552 299.438425716644 299.597251094242 299.478985879283
299.277013457175 299.311968662144 299.081579602181 299.743403948607 299.902210984462 299.481391231526 299.212548543642 299.607137294212 299.614827521415 299.583973634083
299.66630492061 299.605119291016 299.494522271099 300.118577582282 300.298658532488 299.749726868658 299.518051961467 300.05622742178 299.728498633737 299.859325365654
299.909166971166 299.703911670315 299.633514728074 300.207076224437 300.546859406776 299.746932362746 299.709293298716 300.350582116336 299.928066433659 300.026057747258
299.718460494823 299.509559412303 299.394318164177 299.919341832287 300.349053902977 299.496886841209 299.59294404508 300.049495386808 299.62904003481 299.86978275637
299.446579277602 299.16374168494 299.288723436612 299.481117871422 299.957830760875 299.189387504707 299.20853519844 299.489223910012 299.115917490862 299.514687817905
