299.01173640782 299.179052372781 299.288546336681 298.810042935869 299.130195207791 299.081652110729 298.759140727794 298.871017374477 298.892388545231 299.241240668223
299.37622600483 299.613300713406 299.597369296623 299.038445874812 299.344103264594 299.411843657127 299.11604141905 299.199348206122 299.196984510481 299.617945169566
299.942752695759 300.109609808349 300.079078827448 299.60510530968 299.869559909146 299.836340526256 299.687599409581 299.712001535697 299.665731821652 300.141373761017
300.235311078037 300.410854239827 300.379737934323 299.847367576035 300.077972541272 300.176832161015 299.953974342898 300.061914504288 299.895085369387 300.392662563271
300.072347781125 300.210155164489 300.207835707032 299.59463126992 299.901087495249 299.917031403937 299.860209790329 299.96456461796 299.822917837168 300.090169147186
299.709556270726 299.817261000064 299.651052230119 299.28049677386 299.510702268479 299.503316297054 299.439666891215 299.629342078712 299.568811797983 299.54214731941
299.295385536456 299.558606745751 299.242303876209 298.954244945972 299.192296935085 299.129000800214 299.106729572447 299.307570243761 299.301609179775 299.108704742724
299.343528872613 299.641128564546 299.220958317451 298.928924129605 299.116197607582 299.166623532402 299.131465626099 299.419437456301 299.39552695796 299.221678491967
299.664636695716 299.859708819213 299.419174232432 299.222629586734 299.37672527904 299.457708537426 299.460133320056 299.739717364025 299.807310783376 299.48833025794
299.81876612056 300.048043648425 299.568382620477 299.498412414827 299.444538900236 299.544831095524 299.568328402649 300.088228168677 300.057097979248 299.751788407699
299.695061993992 299.942643798138 299.310400367418 299.270215847132 299.228629646775 299.176296711605 299.265258190543 299.952216779313 300.027379144771 299.548318046988
299.400468242562 299.658106086949 298.882039260176 298.910588842222 298.847810770469 298.842012492081 298.883934861391 299.743597394093 299.735399524854 299.179021093397
299.28152330871 299.46624889672 298.766626772103 298.811108894287 298.660345501707 298.768332852378 298.784989354194 299.754712153551 299.696527562675 298.909656182044
299.605735076127 299.899841361777 299.034493520835 299.069065111425 298.959796892987 299.093032283624 299.089328242551 300.078642515909 299.943992688077 299.184987446177
300.253283398442 300.356526360404 299.422319896724 299.543141568495 299.329863628765 299.649418003198 299.739026483328 300.441187734348 300.468546365644 299.517421487046
300.512214097349 300.637476380366 299.773602588548 299.856164467235 299.656119517533 299.898094831956 299.954644157452 300.702030478425 300.679098443779 299.822200477355
300.282480666453 300.444274170507 299.595539059097 299.888590056377 299.500217692427 299.827319219074 299.858188652122 300.41389797007 300.418098318785 299.657922546753
299.94718016324 299.947116646693 299.265660287646 299.573949656458 299.174714389814 299.365517038578 299.510407884599 299.87494683444 299.810524227974 299.310467023736
299.668640556044 299.446642332974 298.934518922891 299.219415386149 298.979099890197 299.076132166797 299.212441177048 299.37075731876 299.349293242608 298.876801630461
299.741654991431 299.447956247293 298.973278951648 299.316883004253 298.920004952418 299.080108555743 299.313834765141 299.23884080972 299.275878995824 298.947619892373
300.03451862864 299.735544582424 299.208711950823 299.527156837521 299.360358479876 299.462195171665 299.562768903737 299.474203504045 299.509309651296 299.338292451522
300.168174536695 299.902982173798 299.388469064884 299.676639440439 299.597899041621 299.661141592866 299.749457272105 299.547807421716 299.572048903719 299.413665868133
300.064306903507 299.621889444115 299.156474903639 299.53445533276 299.386388180458 299.566442045556 299.48692623162 299.188352926829 299.319243952054 299.294931819598
299.724346010438 299.199514154794 298.888512009763 299.15244092596 299.012638083985 299.138131448542 299.060843353727 298.735466573381 298.948592146207 299.060194080077
299.745624129051 299.153219858861 298.868570433381 299.116611619066 298.842842181101 299.019677832555 299.034719395023 298.565025689645 298.837312963546 298.960085922277
299.954226389885 299.447356859848 299.185088321783 299.431586045594 299.193417364228 299.239299819785 299.3963056446 298.910832085756 299.176662503467 299.263694146309
300.399553321677 299.935177489258 299.762281323763 299.983316317712 299.771878892017 299.684342058309 299.805439198343 299.466348319738 299.588145341233 299.764118444876
300.572776057481 300.259839395089 300.031945120937 300.299726290808 300.03859940301 299.92154370044 300.12433360928 299.807180890974 299.903140053371 300.070607351924
300.248669100793 300.038230344062 299.854200388331 300.15176140654 299.919737703046 299.710138574904 299.876802093779 299.740280979396 299.773329121592 299.950941065844
299.648802461149 299.680258226228 299.482563915805 299.683761579354 299.514679460868 299.390998867114 299.509211325814 299.310230890119 299.478665503014 299.609808951878
299.151740494854 299.399672775707 299.218880395668 299.325320808879 299.205837418539 299.034702175837 299.203430418669 299.047324259621 299.226741218334 299.29010813087
299.095974379958 299.437893870901 299.33748920545 299.362274908011 299.328473478473 299.164092531413 299.224570622278 299.207844427343 299.261331963507 299.395725144328
299.273998839454 299.724476554307 299.681620273327 299.74477785922 299.673191918127 299.536275289577 299.565635119025 299.523458658588 299.611068629136 299.851648795795
299.37958762192 299.779677528397 299.861716072151 299.988507392949 299.836376786633 299.670083118814 299.763586701385 299.792565976281 299.808363439676 299.902624206807
299.19441727348 299.567354860986 299.840849253999 299.811697537908 299.664468602037 299.555190014573 299.556636153782 299.616687063581 299.584640244959 299.811316680014
298.811368587131 299.293077280511 299.477603867709 299.521763713704 299.395005231469 299.196723606715 299.079085433713 299.312609989147 299.285052792734 299.66129963557
298.568475170335 299.131053008485 299.529804328089 299.55000180102 299.163500779228 299.044068032735 298.916174566538 299.301374956357 299.170764692158 299.63274096559
298.840608051093 299.409359003169 299.833916832029 299.748307769791 299.518829779189 299.449133991118 299.319969157372 299.744809098944 299.434866962417 300.066228658692
299.38037293713 299.845308938521 300.265984265957 300.215508421694 300.020186735827 299.907740216485 299.70149238571 300.239197215848 299.982091691217 300.576289803464
299.566104873658 300.154951418355 300.479107514374 300.408820286853 300.224929706008 300.11711490578 299.977909733348 300.571166994383 300.303565236952 300.724417751433
299.530939244083 300.112942062189 300.17563335221 300.195220180091 300.068438805969 299.940438668754 299.818248573353 300.332503597499 300.088349459231 300.658238753118
299.221289228676 299.747929825643 299.790277430634 299.696132799825 299.508061585195 299.601844109463 299.285853285265 299.88675397542 299.618895861294 300.239543594441
298.926627126947 299.43062077624 299.365689112412 299.293965148288 299.147748272796 299.220829021212 299.056296981804 299.35652885972 299.210641905596 299.798907376704
299.130760772926 299.550545591325 299.291751732196 299.196256520716 299.110148629493 299.249851497934 299.111966003627 299.321290493636 299.211838640354 299.79642469688
299.509346286003 299.911022029089 299.69445635434 299.56446108464 299.321152087348 299.563261171495 299.50361958451 299.608559740635 299.592602086938 300.067409510184
299.591434049181 300.127101632899 299.849449753132 299.632364682749 299.403979186424 299.723357041154 299.698474970443 299.77592881752 299.617058486138 300.302015991517
299.37698838464 300.042906142378 299.547874671658 299.422145539245 299.21108025439 299.660544462976 299.533050490796 299.566034048511 299.374375841622 300.169359671116
299.02906124602 299.699088256559 299.101240870979 299.092368096111 298.814477611627 299.253004413006 299.343659798649 298.978100251893 299.109415089826 299.912862426093
299.032033521875 299.723697870896 298.844047317761 298.967121678929 298.683201939291 299.156246129965 299.227924240929 298.876703706424 299.016486544889 299.965249679558
299.429128928373 300.219124345327 299.139102629025 299.244382146231 298.97589791127 299.718776661116 299.509486120505 299.145255641598 299.335763218909 300.316219970343
299.928628878484 300.705451772323 299.677803163395 299.690573066158 299.485417243105 300.137785080949 299.851248526563 299.63582340426 299.844567549817 300.663796703679
300.26095134608 300.80416009238 299.935186873344 300.033203741684 299.816186965207 300.456749824867 300.122542907804 299.889467375257 300.095488219014 300.954969813369
300.163352222691 300.597130865592 299.743532697359 299.878610335998 299.644583012651 300.331681327653 299.856059448072 299.720607826475 299.946469720085 300.729407915745
299.804348891777 300.057222881658 299.330083536555 299.534829861435 299.234335636274 299.840606102702 299.436561419626 299.402486766031 299.593149572808 300.211132360914
299.481084308551 299.647614088085 298.90411264055 299.284545470363 298.908394874544 299.474099707291 299.052644927361 299.174002109646 299.281072040779 299.642850768464
299.469072233436 299.525846074928 298.990315242902 299.334935120854 299.019151580848 299.469464364533 299.05528004684 299.21600037926 299.319736622076 299.512405692181
299.800130043747 299.816765399566 299.314468629493 299.578174392588 299.425454716161 299.803981872142 299.268789821001 299.525273510812 299.591193269041 299.706519047556
299.8664493338 299.986783781201 299.506364787301 299.795222783371 299.638011601301 299.932569373349 299.431507262679 299.724492161329 299.789228330925 299.803668404632
299.623106609145 299.643972690024 299.324188805368 299.637962504782 299.495558797172 299.673858953376 299.249258635399 299.542066460758 299.611856636972 299.503527159609
299.12523990156 299.311125933146 298.871820348658 299.43998365689 299.359141490023 299.318966399169 298.913112192625 299.216467562598 299.205252113254 299.095815509043
299.061257006298 299.174571882383 298.652885281928 299.494231670676 299.284951569877 299.114884559533 298.815899318504 299.012636047017 299.052606395995 299.038073729252
299.293759278211 299.395747536218 298.917872671757 299.789787742478 299.667995245863 299.425641311729 299.166761299735 299.337505061524 299.48190371092 299.367851887772
299.682473965953 299.797655783243 299.369610134333 300.314935551405 300.110100940755 299.894327589606 299.69333296306 299.895316859731 299.960412494479 299.78269140053
299.96877771755 300.019263395394 299.691207958732 300.535947328044 300.425469828519 300.272596536526 299.979443358746 300.193108450224 300.138111607737 300.041885071599
299.778382776478 299.977356932031 299.572992292888 300.417239754862 300.237419876708 300.122185536401 299.912601176723 300.103679206085 299.970803174628 299.88222071588
299.323690171076 299.570581249084 299.311160547396 299.939862183295 299.741921079494 299.606822927646 299.535510633359 299.559390717572 299.600299095681 299.469228352151
298.975471630734 299.233832760155 298.9898092178 299.398939680709 299.353424995382 299.225467083638 299.10754583836 299.195362368447 299.158084673569 299.102112640328
299.036216720659 299.298537627483 299.147258943026 299.351109951151 299.371381384602 299.155354107604 299.168486752332 299.238757112686 299.096422327239 299.167929465875
299.362397581888 299.549909077001 299.556794825612 299.582872699855 299.77691092818 299.419468873784 299.538052699535 299.479571381991 299.398472775073 299.484330462501
299.498186330421 299.714453637787 299.752364747438 299.724552328429 299.943743143737 299.573910270811 299.6789060384 299.588609456256 299.554131054235 299.635599764066
299.248593080185 299.661032879175 299.58673310605 299.643149637976 299.695088283001 299.278477983193 299.525609920351 299.356238174188 299.261231387691 299.379755329897
298.848066501598 299.284890331247 299.373079232657 299.248989421567 299.339848605671 298.902874962057 299.237360363674 299.141323661324 298.802849001332 299.029154468317
298.695561250706 299.20976822378 299.415000009141 299.211397187686 299.299234848986 298.819221550418 299.16992794528 298.952828631877 298.656720386428 298.869753082408
298.977487821936 299.588836598972 299.830220398234 299.440518784251 299.553292290129 299.037996724989 299.427828697934 299.242569639677 298.99037954666 299.176102638011
299.466045047902 300.123939137619 300.342587559908 299.930806429239 300.015933349465 299.562346956778 299.876184870892 299.743856046854 299.456654923627 299.649296377694
299.934305770205 300.267915973114 300.629841785859 300.201066425324 300.462292288409 299.802914368079 300.136875639063 299.98893551386 299.830216206142 299.864598082876
299.825603344142 300.251158830647 300.363415206083 300.029842075755 300.218052543023 299.592773989768 299.836122575464 299.914043403739 299.730245471873 299.676091187624
299.534878139555 299.814323643482 299.893893857127 299.580935752999 299.755774067435 299.145590939264 299.342751984367 299.648868673017 299.37386494028 299.245345146297
299.322142085618 299.459950028219 299.506435443667 299.413639317031 299.272564498541 298.817106725101 298.94808187481 299.212780695897 299.120897092586 299.006376032179
299.317708651223 299.523699254226 299.477438582683 299.366935149116 299.259245082297 298.821604930446 299.033040655104 299.208803404864 299.261902020986 298.995531634528
299.680716863724 299.782977992998 299.778427509261 299.547311459194 299.492519191647 298.97110138397 299.319939415505 299.384930274013 299.599037217956 299.324138773207
299.898923531285 299.921218750918 299.861549459414 299.72817965136 299.650113078297 298.994642122371 299.367748370741 299.542877527756 299.871299586905 299.521262188488
299.70090749802 299.838735051236 299.627522863148 299.464447815533 299.386416359646 298.762356181771 299.11443098468 299.229303696576 299.734779683347 299.226209100988
299.33961913691 299.487232708702 299.200862694495 299.146132456257 299.001779552306 298.255921604818 298.668417350428 298.756135759642 299.489272241775 298.82725027245
299.380196061645 299.355073597043 299.156315814895 298.862983153996 298.806357028887 298.131787791299 298.502817256702 298.71322464758 299.494777681842 298.559879675535
299.774087888387 299.619356261558 299.432033138721 299.106772006971 299.174421981019 298.457329881985 298.749561679481 299.002675997923 299.873155678071 298.853903451229
300.224055229314 300.021827013739 299.994915377493 299.569082741407 299.728590280605 299.046642623839 299.326108840616 299.525632036906 300.403388672873 299.336685400275
300.404308720712 300.180104978148 300.21051650497 299.943631559813 300.041746181921 299.319300794195 299.62025890191 299.777098994936 300.594664669599 299.665362881936
300.178572241405 299.951204358962 300.06317885039 299.844983140084 299.877019693631 299.224187396558 299.472763184042 299.739690971488 300.396870225482 299.504771626683
299.693087619461 299.438180179254 299.562053217471 299.516271753623 299.542537816402 298.914393335961 299.090267647546 299.43880247779 299.780898544346 299.113228256997
299.211918376818 299.096139896197 299.224419011517 299.221630277134 299.199807646096 298.692729665562 298.819468334099 299.124889312019 299.433102905193 298.861589464332
299.19579371205 299.085976992332 299.282751338355 299.247052615344 299.295218763235 298.763862262144 298.881998168382 299.253776386187 299.392473683693 298.991966789113
299.553632528258 299.376663237099 299.690540330315 299.511266189102 299.579933585629 299.041114898386 299.201618572643 299.547915405594 299.566545294501 299.316003846525
299.725436319804 299.327955280725 299.792268983945 299.786589688481 299.68748265208 299.270978791995 299.426416850422 299.643973969104 299.820101373316 299.600951826434
299.463302692202 299.08201502364 299.603183896701 299.534568190523 299.433269804028 298.992003338458 299.236257284319 299.350513248722 299.555620908152 299.44003381191
299.124094389196 298.745840659616 299.287115320543 299.122309733304 299.121833156493 298.578542366595 299.004317490759 298.995388935141 299.178843804567 299.106256011707
299.007137227068 298.472558681316 299.137483996114 298.95174179434 298.963597539389 298.361923166887 298.929001966279 298.783848260096 299.048490134807 299.102710257706
299.146209096603 298.848448361339 299.446634788551 299.207545601275 299.227355967403 298.683412356462 299.370906035154 299.088281142301 299.403233535788 299.4957489976
299.706895254881 299.357794422471 299.97556341471 299.828555292375 299.802100486943 299.247176551694 299.878340915999 299.551698763394 299.975464098447 299.963699885417
299.939164382189 299.724508585638 300.238266392676 300.171920724808 300.127998178733 299.613854812231 300.210253691329 299.828902015698 300.302927730267 300.280133699288
299.830821971087 299.62888383851 300.159089831676 300.035074626813 299.921712715076 299.490481628528 300.191360619467 299.704068512169 300.176049602012 300.20787738097
299.407891451243 299.167958671206 299.794392270241 299.629692611326 299.512791732551 299.236218090998 299.719112621736 299.32553431838 299.716102704952 299.641666719579
299.098077500781 298.935706978125 299.464594812074 299.225938092196 299.103761166182 299.031764671259 299.356473629985 299.135679509188 299.438532684867 299.173233383955
299.080620857836 299.020657623319 299.491031428673 299.315868716011 299.181628910889 299.22150972426 299.3229757143 299.137343892996 299.506515017584 299.180935099545
299.503143015039 299.414631967578 299.69288487547 299.687950311381 299.46360897419 299.666031508363 299.629808766632 299.545064540302 299.865765223209 299.590382966744
299.650559849601 299.636637197854 299.922559644383 299.877646326786 299.662647268024 299.958275013731 299.7049160133 299.814950991767 300.044482878709 299.713335224409
299.351141144614 299.503938910902 299.743997527594 299.588579542211 299.508921068357 299.763697179953 299.493252315182 299.56850241919 299.905925846487 299.512782702487
299.053359138555 299.167857136095 299.470590926858 299.309109771518 299.128213444996 299.486071258644 299.113458764394 299.248904985707 299.477331209599 299.109260076076
299.105605375209 299.037072244144 299.670120128408 299.192917004591 299.086873159296 299.385315083806 298.955662928695 299.154415689429 299.475938824017 299.075450276157
299.381893392571 299.368225082005 299.852133720243 299.428018356461 299.422954155956 299.743700046065 299.190219741175 299.446355939625 299.85347007988 299.509935889807
299.929831074714 299.953409871787 300.38087715123 300.083125650307 299.798265062397 300.171021955359 299.727479697305 299.955811359602 300.269272644135 299.983727704885
300.230713026813 300.221669346057 300.67095583328 300.315665869202 300.157096461673 300.561739731814 299.916197393007 300.366801489783 300.578241671639 300.202128072954
300.027034011396 300.049616698394 300.447487694228 300.198188507396 299.996615981851 300.323168235447 299.788611135687 300.221279860121 300.435473012344 300.029133269851
299.571849289815 299.607453272942 299.950918994876 299.671036251217 299.538589541966 299.872320154022 299.479888752045 299.753892492356 299.915842022016 299.548411813888
299.211198004328 299.292840993306 299.533792011711 299.27428620031 299.191498735359 299.496245597237 299.166037848536 299.384033870398 299.534894532171 299.128377055433
299.187278591019 299.351496145345 299.452643270607 299.22342949911 299.278068191088 299.466527305773 299.244717588333 299.483083341616 299.391193874474 299.19242949361
299.467134455906 299.605962455209 299.681053133025 299.592039955615 299.552456386214 299.68831144517 299.560452253282 299.757681647327 299.76441118617 299.490729542022
299.606791234363 299.714961856062 299.768109695884 299.838760732732 299.727479674348 299.850112328661 299.784877184138 299.979702983225 299.84906886656 299.537743212746
299.331194446196 299.434100528985 299.458357238471 299.566695178625 299.482559155327 299.691107660945 299.599705544603 299.759327597547 299.6527627513 299.320326241796
299.042515535188 299.123837125845 298.974345234162 299.080454023821 299.100955148289 299.307881375435 299.193785215653 299.403144001603 299.32640507142 298.993068387246
298.850807319106 299.027318230656 298.867369738267 298.960156204045 299.033889495366 299.124041023081 299.208372883883 299.369625206813 299.04954115584 298.919092623568
299.173981441642 299.27744837272 299.152672002074 299.24704549492 299.320214930238 299.414101428292 299.548399865587 299.670219376227 299.184369644489 299.397478296834
299.715072240152 299.681305879291 299.712476528016 299.728814515918 299.924122686194 299.883214393234 300.083819198295 300.176510571255 299.587466507842 299.936193940294
300.079774594999 299.977556062851 299.884658586176 299.952523988168 300.286478911553 300.185432461366 300.366966181208 300.454651700338 299.97620587423 300.050692923883
299.929305547356 299.807486677073 299.841196309782 299.871814402277 300.09617516643 300.045563941346 300.219726955445 300.376371676313 299.871447039799 299.978291699138
299.576456204032 299.427663722507 299.370936321066 299.500874957009 299.634294709219 299.540586454304 299.764085032888 299.921701682556 299.489570179826 299.551793369498
299.171474479636 299.161839409742 299.10266669819 299.22975667854 299.319864629673 299.149079021642 299.383799086974 299.56405905764 299.177644004844 299.219935799013
299.355269055885 299.17915324499 299.171421438012 299.258550249221 299.395775978814 299.120343270016 299.406053634834 299.71730564075 299.221632894869 299.295395991508
299.629403613593 299.571484995511 299.373190114788 299.541546932566 299.734541493559 299.456455767625 299.703174673171 300.017041155373 299.498805414831 299.625069259785
299.782031465716 299.759303635466 299.552576848662 299.797539716657 299.93839921171 299.564657022183 299.867388669306 300.176127829651 299.540480556276 299.83075016205
299.662277840376 299.526550171445 299.380673511918 299.663660157694 299.759598159417 299.397399922601 299.682207666263 299.877142077843 299.405831872156 299.728566122157
299.285069025421 299.211884781976 299.139332686695 299.325938284465 299.434014118263 299.084869965833 299.358330552943 299.513091401001 299.096318723367 299.436070791182
299.200719796721 299.08269317649 299.014474551633 299.185111857656 299.41429703879 298.882203859354 299.261535047476 299.545273218372 298.876475165842 299.457421998934
299.496590353633 299.52754076824 299.289801871754 299.655607707457 299.593579353008 299.210744139157 299.496489002004 299.901659672516 299.310161369544 299.721479359701
299.933675460507 300.147698085148 299.928134042751 300.081238019494 300.063349221376 299.798517181702 299.868235218503 300.342718911499 299.754742944051 300.172737336244
300.082207689794 300.369125431352 300.26576624341 300.282943828033 300.198541762522 300.102677550228 300.180420512696 300.62696680242 300.086698114612 300.521829817959
299.872133201278 300.235695962953 300.100890690868 300.151453247344 299.985886755947 299.937341627024 299.968033272316 300.499293697922 300.033668296049 300.29361799618
299.365355063269 299.786281306447 299.721502647834 299.561410569376 299.563753269298 299.5482346368 299.519507249146 300.090941567112 299.518375699076 299.774735258505
298.992466595595 299.465610398761 299.44537096527 299.193210245728 299.17322663724 299.195130818518 299.195650637345 299.748824296081 299.045298192446 299.361287340076
298.945962326259 299.459127586772 299.46813515122 299.150148846932 299.044501441312 299.218911379418 298.992368335832 299.704542871162 299.177482076657 299.242373293065
299.207821347264 299.805198662556 299.934181848893 299.456389775714 299.21528687335 299.547111807904 299.250683679371 300.043952340909 299.535635916894 299.526669651251
299.359358360956 299.909621215927 300.046147192826 299.629132221788 299.357700088385 299.722944874711 299.411797774623 300.307337490731 299.676752790784 299.782070127069
299.065523447961 299.810795159786 299.897126926069 299.272935557491 299.18612339407 299.499008012465 299.073851526092 300.024687554247 299.531240248266 299.638421391772
298.672898978106 299.456516748193 299.562837619435 298.986246301205 298.790085083851 299.072998818221 298.684770141016 299.652659656545 299.123203172203 299.168492551831
298.560176553034 299.319670623883 299.447994679741 298.877633849059 298.639448922054 298.901014951507 298.47102244713 299.614645513378 299.021546024794 299.022019359557
298.880537049935 299.658667133301 299.724035931277 299.242193616996 298.887174330696 299.239887998672 298.797827509601 299.979583902021 299.281921150134 299.291320820687
299.291666021244 299.969053575191 300.216755726628 299.808347346576 299.407041380396 299.707002773316 299.2792958055 300.589542303432 299.674600786562 299.785410943251
299.649147741519 300.246536753741 300.493043005513 299.983010115323 299.699633359103 299.969969040081 299.547706730525 300.808585832132 300.136189405279 300.039525073994
299.599061650838 300.032810872982 300.392465895796 299.903942615284 299.609329812822 299.815639631418 299.385514991459 300.640822005156 299.901185126759 299.854453367522
299.27540816194 299.604156597804 299.872592051423 299.507142562836 299.302061164774 299.386743840571 298.96964189621 300.170758083605 299.499742925367 299.421342771025
299.036236787868 299.393957415159 299.555420832154 299.099116504783 299.004569110912 299.046149179482 298.747703774766 299.795312155783 299.231754242531 299.167917133544
299.081831947473 299.404473790218 299.520594060993 299.155500919034 299.001954283502 299.054683517218 298.897984367628 299.664544326648 299.410706361538 299.097848151027
299.404350236554 299.74571878327 299.765825125491 299.479378534144 299.362768533932 299.381516571544 299.124627779964 299.980555341544 299.690085219258 299.378757351641
299.687507940281 300.031638962619 299.892237180363 299.665798782773 299.603361754479 299.486543490958 299.282111008916 300.206794924134 299.828981477343 299.476214391802
299.658918431013 299.894672000506 299.465716691172 299.584882573008 299.280876834614 299.309811543797 299.086509578307 299.966722610075 299.616411073215 299.236688596317
299.302970992613 299.588254674946 299.118245097602 299.168430539989 298.926063964954 298.879057622633 298.82717858119 299.519811875091 299.237362564419 298.789047660849
299.290951132149 299.566110174159 298.905491756747 299.078336889794 298.690672218037 298.738105091697 298.807505159672 299.311069135717 298.977482559747 298.648204670918
299.77077616205 299.874276904222 299.207458263315 299.451381401184 299.110544813818 298.883076111714 299.024496480101 299.610807146565 299.331069080636 298.952531089777
300.290704929402 300.23475436772 299.621718018175 299.88250702743 299.631064349031 299.40783522379 299.66973428982 300.093148449521 299.831101813928 299.373374723941
300.497680686418 300.482324603069 299.823402840262 299.997946822762 299.804675403707 299.721867923758 299.90404995306 300.427016647389 300.061175963524 299.704090284104
300.491816802039 300.143433171126 299.666000369327 299.811152346224 299.657509893707 299.502182591991 299.846753778927 300.33433706631 299.877369830427 299.618763814285
299.976686722036 299.583189235582 299.367937842117 299.392720405642 299.364396675934 299.13816718157 299.467179066698 299.80079204152 299.365380540824 299.182564534817
299.609242089215 299.15520793976 299.048226161729 299.080248282281 299.079189136173 298.956026412237 299.050040557111 299.373508188517 298.866602944086 298.844012557971
299.682399649604 299.054240585242 299.08723032462 299.048526640947 299.128396189261 299.017512399169 299.11940453844 299.351731570521 298.812697136966 298.892367668569
299.974186136595 299.237704405298 299.445046479989 299.339050770493 299.430140964386 299.330911510103 299.475311769724 299.62571282016 299.10130316289 299.279341307737
300.137668842374 299.331304247687 299.65817898474 299.445822424909 299.639319893151 299.533382336393 299.665565251793 299.739002058676 299.222969966433 299.443310132896
299.89066683495 299.019013866995 299.577044524168 299.212835503308 299.417333187134 299.429585858862 299.448673551846 299.401160886722 298.866948237193 299.206382790008
299.626369601468 298.534697374593 299.245563257934 298.914128969644 299.044416692689 299.192266491912 299.026331082754 299.00745219567 298.474132935702 298.884206364912
299.346029423437 298.350520465657 299.153328184533 298.78058194711 298.970998893012 298.970260301629 298.826634003496 298.766763928904 298.308133274306 298.67432457083
299.669068518175 298.698875578515 299.500575601794 299.130482149356 299.353031780537 299.316675194816 299.228342942338 298.965207154641 298.566567660429 299.05059238698
300.054165767384 299.231214878789 299.976482761959 299.574698334991 299.933018418178 299.78214058668 299.717188906901 299.413802333477 299.123865265707 299.631424170587
300.235161885607 299.535242543634 300.199427068483 299.940040420854 300.138879328421 300.087920779658 300.098741111812 299.723994023818 299.482680028929 299.930745944289
299.966142146763 299.363941006252 300.161388830245 299.808006742663 299.989044187525 300.002715452145 300.022719708821 299.558755013387 299.30334716491 299.798545850862
299.449366663756 299.003948527071 299.681904410978 299.414795755227 299.62802601756 299.55119819727 299.663893254211 299.112359995928 299.074233992486 299.414882275092
299.075859758678 298.794301554589 299.349061434386 299.11077024723 299.334848215115 299.168218206959 299.398109561511 298.886223293962 298.817448103597 299.07202207797
298.97155976092 298.947634285006 299.431862464186 299.243800741251 299.382073260481 299.156716432607 299.504157372785 299.03104391683 298.922113314735 299.207615069767
299.199007417782 299.292528494182 299.686013658663 299.558298253906 299.706776743211 299.472648761657 299.904817594503 299.259486236737 299.208202415774 299.642136883261
299.344645088958 299.411525640947 299.776302301247 299.830382385924 299.914654336007 299.656918349271 300.155655620469 299.510270841416 299.387183037654 299.737578418215
299.093258701263 299.164798156273 299.605876368375 299.62834806582 299.805588467812 299.448556129261 299.960957339265 299.318555077929 299.218506088021 299.329893803811
298.70123749467 298.790957455756 299.207815474196 299.295439643054 299.528245090444 299.186787342606 299.70468949881 299.089722959411 298.813322759501 298.956380627524
298.541206495656 298.621700416732 299.130230626038 299.317347076115 299.415555037684 299.103579939533 299.758436612835 298.990528622221 298.672178734187 298.912336008489
298.777359083065 298.987029842322 299.29325259484 299.485504467062 299.799246264953 299.315778634482 300.069698043516 299.352139940972 299.044675717874 299.204870619063
299.358719776597 299.621601260148 299.776189501336 299.968933047526 300.267526603705 299.912973481382 300.334206242586 299.793700440178 299.568591608946 299.805472500938
299.741783775601 299.970224488493 300.029874168274 300.210992133552 300.465443819402 300.224022709326 300.642444167094 300.097028601169 299.954126440529 300.123266748955
299.523256300101 299.77343907512 299.879884798636 300.017491732887 300.36132023994 299.942796702565 300.467228322293 299.953358902845 299.762803742833 300.016748491825
299.212491813148 299.44486703985 299.453065942987 299.573600434953 299.857645665318 299.556148471041 299.900370971497 299.500034407075 299.463769587339 299.573958450543
298.952535148337 299.078863186895 299.142517930745 299.185766879002 299.463685359105 299.219702861715 299.476816428541 299.129609572194 299.20066947517 299.179144927109
299.071023705212 299.207226990016 299.189097592092 299.049095872446 299.505938306671 299.281914321335 299.377315237766 299.278135798567 299.290062107307 299.185364284915
299.48431481719 299.485603622469 299.478753402326 299.37921590283 299.834829365313 299.720883741912 299.674939140166 299.570268050806 299.653646529873 299.470828344904
299.701042537547 299.645289519227 299.702532672303 299.52806186432 300.004671448438 299.960661955753 299.741313081196 299.747777105815 299.910803179832 299.642541350921
299.590903645242 299.528694084482 299.528079828577 299.259988139619 299.763127784867 299.680022015585 299.581111016225 299.61441913056 299.729355238055 299.307766900868
299.219223732205 299.215399019581 299.218495998822 298.780815761608 299.340129039732 299.339418807979 299.091071766948 299.344496991607 299.405245225545 298.93058439
299.294628919304 299.179289423945 299.262948526966 298.614803281938 299.249520753639 299.125254775556 298.877248239852 299.277514537996 299.375147874295 298.772227766217
299.685656113627 299.6090251512 299.703266181695 298.845155679031 299.403143089446 299.400706276266 299.130836276452 299.571983501281 299.75876878649 299.00319753924
300.178739760048 300.080257193505 300.244750836791 299.466805336811 299.876080492435 300.030311086777 299.514850461905 300.122989275593 300.189596725335 299.550490973469
300.335354811513 300.288936401977 300.589089316016 299.784089736529 300.117988336691 300.298793743849 299.75033253424 300.32946726082 300.521835707352 299.934213068079
300.187795672041 300.043081389017 300.367819268287 299.705855568191 299.936422045495 300.16568460001 299.673582258204 300.212792741727 300.355580771354 299.889330391403
299.691144463742 299.565345938515 299.917893295164 299.37476060892 299.511983494742 299.745716019703 299.250883855817 299.865951873506 299.925935461637 299.501322787909
299.295081087983 299.212912687349 299.586581278038 299.132842697778 299.2058360526 299.399460389252 298.969189851621 299.528351516367 299.450093052045 299.256294389772
299.258225000597 299.299544019122 299.529572616681 299.119500428257 299.265779745046 299.335165161684 299.140334000788 299.570631879034 299.458965773641 299.345641726034
299.693355505522 299.653489304024 299.765808125133 299.426483969188 299.57000642736 299.755194482439 299.403499050994 299.784893830668 299.736490637174 299.688668522983
299.81138921209 299.770325212119 299.802663543887 299.598292734177 299.684204368854 299.82079535154 299.675014272467 299.965524274757 299.932401633477 299.958391771467
299.732542506229 299.516676098248 299.675606549166 299.424516185408 299.601614701248 299.621900389844 299.476657776131 299.745975330111 299.73476966927 300.000003128718
299.21319345562 299.066617078717 299.235589011389 298.989618089818 299.22625315152 299.270247347212 299.125596571384 299.388176489675 299.332232546001 299.712129534237
299.120680436548 298.824302582962 299.136915715641 298.897159888814 299.136600522066 299.198675594778 299.05205221042 299.262184419693 299.142402214602 299.734357892748
299.396809701488 299.157558515096 299.414602411466 299.178466057007 299.312306982668 299.546030291236 299.458140477449 299.489734883417 299.344737193955 299.999004520748
299.94788091286 299.613739370329 299.93583923381 299.584670501071 299.88893218338 299.929047604914 299.939015294998 300.036409303129 299.933025108703 300.652241206669
300.160318259218 299.820190757493 300.149048445695 299.944296907812 300.185796255871 300.16677998384 300.180635080544 300.203300484919 300.108438874021 300.962472162499
299.94247496175 299.661956377729 300.042703476909 299.74802636642 300.023206213106 300.022989686647 300.100189951425 300.065893360932 299.907786426707 300.830211417128
299.51508519031 299.250780206383 299.604947272506 299.458141790362 299.568632218259 299.520008628689 299.719878989907 299.685579609377 299.429645517857 300.340092215383
299.140600024788 298.951333332804 299.230695130748 299.073456048169 299.292349953558 299.249950241777 299.430676449882 299.36687301523 299.089393546649 299.835226955746
299.178525945583 299.052457722462 299.138960894917 299.095366970167 299.364474785474 299.195767842403 299.355050553221 299.466411839953 298.942619667248 299.702941362139
299.461014805717 299.292472626526 299.312628582345 299.409039735179 299.711335693503 299.464511500631 299.656582048183 299.92344270328 299.195537249142 299.852236534989
299.66702856803 299.420956060531 299.342554073742 299.678286644793 299.953955859882 299.61493948378 299.916651691572 300.090728881887 299.367431156842 299.88681026968
299.492788766458 299.248896671657 299.088306599727 299.412542098215 299.743849700959 299.495831848316 299.704458833206 300.036596866482 299.206310214441 299.514919278257
299.046586279497 298.858302176321 298.578388134861 299.007104572867 299.478909326355 299.144369386482 299.363879015375 299.778148319424 298.745728659195 299.123102824831
298.910964896933 298.668158539918 298.575954520137 298.904294880022 299.515970991917 298.985538115759 299.347888560355 299.779349289389 298.597704441565 298.932415591118
299.170613583436 299.058910720691 298.871143843561 299.21430004137 299.728726743166 299.330704303483 299.685302640172 300.123360700925 298.799041247895 299.144538502754
299.730289997709 299.552603107216 299.357366479714 299.716237478148 300.186604942476 299.898543052171 300.250673460012 300.593709463985 299.312548719157 299.634119217811
300.029845061189 299.909534812351 299.615083846743 300.10028266495 300.47534033862 300.110901318833 300.316709969724 300.748679854259 299.617435105459 299.92261116637
299.991143159442 299.855388038226 299.486060351771 299.849580885969 300.217278889867 300.075489538232 300.194406220226 300.444879910204 299.491404205217 299.776013885852
299.606538784744 299.456523501119 299.250362378566 299.462945251547 299.829991805818 299.691843940489 299.68989738983 299.91628782578 299.120539073822 299.395141371795
299.305248676055 299.26469142246 298.952075147302 299.12704315541 299.375718608195 299.311542478197 299.218709668335 299.345743768225 298.912316654244 298.98667265172
299.334801042911 299.293145571383 299.007910732624 299.173507952618 299.242240727536 299.360412872106 299.307451263944 299.308570791592 299.026400848608 299.05405202839
299.727942130705 299.618373131138 299.338311262378 299.521215240052 299.526251394635 299.677021483737 299.578025170532 299.482609929937 299.409675516979 299.372084200771
299.867565290616 299.800372971543 299.556001938428 299.64309793851 299.637458955051 299.798836324114 299.81426736579 299.616416267504 299.630861553563 299.555983718533
299.686643445566 299.575146091423 299.355751262014 299.396393072459 299.333837778201 299.559451672559 299.590245713179 299.325020370832 299.419583011013 299.381409009369
299.449358122058 299.249030607731 298.916543683336 299.016094207645 298.958291222628 299.249747631826 299.243939906586 298.912935364846 299.236684363065 298.956493941828
299.432276427588 299.282400718482 298.817002529848 298.942934245754 298.748569741271 299.122076006771 299.133522824358 298.69472398758 299.26929407341 298.909258149209
299.789398905658 299.498254481481 299.147707274399 299.331019812764 299.051340426658 299.483014471042 299.415618568309 299.035956765224 299.469811821671 299.370150237679
300.182225226437 300.067979463241 299.670130661424 299.766319145698 299.512321775796 300.008995392197 299.86333625405 299.454645482758 300.050861132604 299.882312012431
300.449015489011 300.404419931323 299.991432787646 300.057665559755 299.848404375641 300.315219410692 299.986242050857 299.67413386745 300.30047913185 300.199153125664
300.283945446245 300.279083284758 299.817476562429 299.957149589255 299.708151652273 300.17658964051 299.785501954955 299.560883816573 300.061697522546 300.153474931643
299.845351399793 299.906120334779 299.421703049592 299.661775791586 299.280522953429 299.79651677275 299.342088220623 299.210131412925 299.655292641521 299.75783734078
299.404250730459 299.558062300434 299.114132347281 299.422621275871 299.016269128243 299.31713759861 298.97083013632 298.924021550718 299.128313268023 299.34065891525
299.41237982181 299.5616573618 299.098053250204 299.545648144003 299.167992882391 299.362280547498 298.922411998202 298.90841560336 299.121520432678 299.429096353631
299.679870222628 299.862075286625 299.375219263533 299.950280842772 299.465267670513 299.621576774142 299.190193931831 299.263748540446 299.400779971798 299.793891836219
299.860212884638 299.986348502094 299.668421824084 300.224335654296 299.661063342797 299.708549862188 299.397944479273 299.496403444409 299.53371807216 299.987021840687
299.482219977089 299.956359816804 299.369878737306 300.105821160298 299.52565149294 299.394792205882 299.136688689904 299.310808353571 299.216806997453 299.898270322295
299.179280860782 299.552118709445 299.003947884286 299.925644449668 299.301108628097 298.948483776567 298.69599933697 298.951740967913 298.787690678152 299.569674985594
299.122237061455 299.426339983284 298.878869785787 299.917724367671 299.343169816334 298.790543905642 298.514694522601 298.769336470412 298.728582668629 299.541048732691
299.409943346164 299.880409676325 299.098318835453 300.335903200133 299.751276630489 299.016930737371 298.772945900311 299.177592919164 299.084492405617 299.884436160962
299.905172868628 300.283710818115 299.468246079454 300.829634840959 300.263495528673 299.548592042846 299.271245554884 299.632443337924 299.513342265923 300.153727260698
300.163020695013 300.4389558962 299.660253045329 301.091312559916 300.563603034658 299.802878524754 299.543602641422 299.97558353613 299.84254243818 300.411824441904
299.90634384067 300.169502823218 299.546000890125 300.820708955766 300.400077628693 299.768952953385 299.416641742256 299.791799901085 299.744723339003 299.99255056273
299.536737871041 299.597027760629 299.079642988004 300.276292301915 299.862880252926 299.435169184159 299.089507912326 299.426338167541 299.34257971414 299.372672203688
299.211953473421 299.076540647078 298.785794592619 299.782702097082 299.397054755977 299.163518639654 298.876517942197 299.042680141374 299.056491546616 298.896461413578
299.19364073179 298.988831450229 298.870084846575 299.571485207738 299.402573002445 299.281480754531 299.013380318577 299.157740896134 299.111897611703 298.828628150139
299.485824806619 299.241366088727 299.187821572191 299.766655763122 299.630487824516 299.581642134677 299.317747291558 299.364322225643 299.480866633642 299.034964252999
299.523141473531 299.388006639949 299.259835419637 299.83005344854 299.763050854297 299.798090680635 299.538305905385 299.570509867551 299.709404462902 299.170490945435
299.26292253815 299.183832933316 298.97025236897 299.393009109876 299.447786499226 299.674410923817 299.410055188172 299.232861135315 299.54921829093 299.030268535778
298.880064577279 298.651291484299 298.625217236401 299.087748772774 299.039940487824 299.544986140079 299.016876487207 298.789597925193 299.306689897593 298.618330684672
298.792661803386 298.499408669527 298.465930906551 298.900037373001 298.857135867459 299.64776747976 299.040283365492 298.641930749394 299.195226565058 298.406559597694
299.143285684681 298.839889442641 298.713083881449 299.150100355708 299.099372487096 300.015312686586 299.398048355256 298.972685719123 299.503883970533 298.718603565686
299.512617331255 299.406848115134 299.272734600523 299.628086404072 299.67274105829 300.610051329018 299.782216014987 299.439618254753 300.090724731226 299.259350604546
299.858955982569 299.660446913189 299.702823359458 299.936855672448 299.985607554745 300.846202219438 300.1262680802 299.596086288565 300.418951173346 299.565482546786
299.765490913887 299.565099119921 299.528669056674 299.656195726076 299.823327052186 300.609575397676 299.921451007056 299.4266913753 300.279632252655 299.46581264157
299.376201005773 299.152893713188 299.258161490325 299.179017022393 299.398748588027 300.094544852026 299.476184674068 298.978972482464 299.802822209518 299.069918695235
299.067486929838 298.897467936134 298.986218697406 298.943518725617 299.093546268509 299.736167464393 299.066608498358 298.580371090209 299.468060287552 298.812591937431
299.149390134378 298.991055836603 299.097506370391 298.991807129844 299.144329509749 299.653361543981 299.090220895591 298.54293144984 299.473753255225 298.877851964546
299.467731179266 299.348824711057 299.442397574919 299.28719106577 299.359432988292 299.800010114764 299.328604072772 298.781497342589 299.809718545657 299.210432515774
299.645984472777 299.639661289167 299.628298278812 299.462307814333 299.472028729892 299.969339929452 299.603677191806 298.959090508548 299.944462974826 299.367965923469
299.423446343204 299.594053995407 299.500638048367 299.119147297743 299.202526805971 299.629963240618 299.465613008397 298.648223192346 299.758096140766 299.18394419231
299.102984562418 299.253281509676 299.249320170513 298.914308651016 298.942927036289 299.221667420256 298.931968139801 298.278850010178 299.358937001871 298.905274412523
298.89844507323 299.205092231947 299.194472069389 298.897006520067 298.683159083674 298.945046744546 298.808478801361 298.209803836428 299.29788091809 298.862539456941
299.185298932342 299.588345015065 299.555198458652 299.212265062747 299.143666762793 299.148452850551 299.073805729798 298.640000200069 299.694221267353 299.30636694099
299.694086681121 300.039139019572 300.1462765465 299.861748306514 299.69027263988 299.734857426436 299.551072552252 299.08875690432 300.184154675643 299.857885672147
299.984836813382 300.325707681543 300.380037819169 300.165394500145 300.062200073932 300.080502289197 299.874825478566 299.434525103617 300.440886070995 300.286062888699
299.898911651649 300.048311137249 300.220196638113 300.108687302729 299.966548533017 299.941438434237 299.745895709478 299.317963081004 300.340014406531 299.985152713725
299.531615807913 299.557803366458 299.692651557577 299.649609113813 299.588836188186 299.54632640366 299.437609221222 298.944757289726 299.876971397776 299.48054221198
299.274523707163 299.002515773174 299.313458220317 299.440423512563 299.2925625544 299.29414991848 299.120466997447 298.708898066544 299.505874371597 299.166516749606
299.466915281251 299.025723740034 299.305616508156 299.497351284647 299.343201516735 299.239387451005 299.113067300978 298.830788574771 299.406197033506 299.168672568863
299.774648047721 299.259432248127 299.638976180637 299.822309045942 299.789791473495 299.510358149194 299.470087420517 299.337756348174 299.556997863246 299.471887771773
299.972351424057 299.427433668564 299.75674016179 300.056475386908 299.978370066012 299.709545693932 299.658520162734 299.6531008062 299.636884512124 299.588324233968
299.729787850017 299.170121339334 299.513914339008 299.913716581546 299.695696965499 299.413827024581 299.478319901313 299.491754367128 299.448342995659 299.381608812008
299.492924737495 298.725279983443 299.12806724906 299.444488432973 299.379011698676 299.183785755713 299.188309673345 299.249534976756 299.024944027958 299.139709803628
299.485000477097 298.490005604615 298.994560097257 299.347613749837 299.221807544312 299.150991798235 299.140585129549 299.306088540593 298.918922024393 298.997172843565
299.862552729252 298.9434146009 299.35900265419 299.675628103983 299.493098753423 299.401026276186 299.555576332814 299.601779471227 299.102054851883 299.356844613301
300.281234758259 299.406238705273 300.035307059913 300.27169801035 300.067443663214 299.767855207756 300.110157341393 300.015754249583 299.646152917743 299.82331715691
300.5888389073 299.763067192082 300.18050941655 300.593208571943 300.334679523506 300.010443083346 300.444702473805 300.279502830115 299.968406502614 300.149881364278
300.427368063575 299.655433290609 300.115898316844 300.410770631923 300.082571775116 299.921787665859 300.209556973906 300.068301874556 299.841689368216 300.123229530991
299.873119501669 299.247218057606 299.743365062266 300.013216056152 299.586218155451 299.407362439608 299.717520781231 299.511748186366 299.439754433182 299.796483119576
299.441865684759 298.982272777963 299.501723722645 299.647226108174 299.299041878733 299.045309080808 299.345837110862 299.185051830282 299.121672641974 299.43591532595
299.426793584767 298.955694139456 299.504504211739 299.549821020229 299.378455294945 298.99170588892 299.418527033018 299.17056843751 299.160223569485 299.443208168422
299.663597499606 299.337386531103 299.860983334961 299.782388249429 299.649447524314 299.349254123561 299.769907102314 299.542904696575 299.409308642991 299.871048563064
299.765253562962 299.556384439724 300.134930743257 299.927830012463 299.851648575421 299.409940432732 299.872109871594 299.664796297422 299.513875380011 299.934933864412
299.473568603648 299.278876105001 299.906101833773 299.618818770911 299.682885045537 299.177045224692 299.622920562482 299.571458519517 299.517264176933 299.710853182003
299.042031826768 298.90120885221 299.614144065215 299.311455598538 299.276007018738 298.862773574569 299.160037817853 299.238748984225 299.112606601666 299.426846210358
298.907696220372 298.707347665131 299.717065797272 299.148446534251 299.238534244016 298.843638896162 299.056288520465 299.074581938603 298.927432962493 299.29728511847
299.225625834077 299.010268952927 299.978682557193 299.451795953585 299.57936393661 299.151938309423 299.306111787074 299.35213832185 299.119223520823 299.484172736457
299.685678998948 299.520881624213 300.477156990805 300.020910142948 300.116342845288 299.663436525464 299.935361626131 299.849481415251 299.639647736581 299.974562257911
299.950007648446 299.860308298815 300.682958612577 300.215935049358 300.326067772284 299.927962376987 300.192168573673 300.061960762599 299.94636507389 300.22548861179
299.824554370516 299.756866385139 300.445920556307 300.047666919104 300.228180565368 299.799997245468 299.914882948791 299.979187533951 299.811698625677 300.117093707772
299.333921210771 299.405704570889 299.806752864504 299.682566978222 299.819767911688 299.446789964589 299.490266930845 299.619424994128 299.438020021974 299.610888942741
298.936707953793 299.150563149764 299.367037744108 299.347494516196 299.440193618702 299.105776659431 299.186112291614 299.325828660375 299.197174300006 299.247124734805
298.823296426433 299.301128182801 299.287061696563 299.298837815482 299.426975081138 299.201172611954 299.163148820393 299.344962476883 299.289364115389 299.211317623548
299.064963187437 299.644851826733 299.584093440402 299.721970515295 299.83345657661 299.520473765486 299.547446389508 299.682928433982 299.606501429028 299.498347861391
299.193524685258 299.981529175372 299.575381390661 299.852173318508 299.911799510846 299.698405838758 299.706622304013 299.838255160453 299.73520679348 299.738459317368
298.871409768119 299.867611045937 299.427079122383 299.716595983246 299.697200120776 299.653646195371 299.498255039943 299.768239351222 299.560980865452 299.5657303732
298.473667540417 299.744207468622 299.118216663196 299.237599454039 299.236582723715 299.337037210886 299.071975577333 299.469366147264 299.128947577088 299.224114541963
298.312982103243 299.746745092152 298.846984552144 299.049121299304 299.284025963471 299.200928390959 298.984619057821 299.380565536915 298.984180399153 299.104936843889
298.517445763346 300.05285105623 299.13471306831 299.426769082998 299.646903611728 299.543224076021 299.237021775555 299.683216076815 299.356044635136 299.378294226895
299.044955380117 300.595500224057 299.702055875661 299.917692737406 300.078480541092 300.001934728478 299.707124198899 300.162991114868 299.843403868175 299.920137321469
299.388634150562 300.762929321996 299.963170205611 300.208228362452 300.322181328922 300.263615938286 299.966462199063 300.480760263158 300.134604526355 300.105869758577
299.243588289334 300.481042162756 299.844786810431 300.035227837655 300.189243830875 300.062700576097 299.789529322871 300.436088795271 300.009246447635 299.897420007816
298.875574552387 299.918113703416 299.48798147044 299.620440348932 299.686022177053 299.580295401542 299.345996359898 299.974678186105 299.66158723021 299.541087642194
298.587687833807 299.39815079876 299.167472459251 299.285700976851 299.316366604632 299.235955252802 299.085929050296 299.644852793651 299.438312871278 299.074476928867
298.572855679698 299.307225561763 299.186754012047 299.300300588123 299.319051440398 299.222633981463 299.062480568808 299.647763189798 299.40093508092 299.170062048875
298.974913349585 299.567560549604 299.623301860925 299.513932359961 299.640351375514 299.530820827398 299.404074828113 299.8236052521 299.652568454257 299.359590420004
299.185658182498 299.65610394502 299.759661798109 299.575677705714 299.797883105198 299.663245874507 299.579108668406 300.049902710802 299.85532838185 299.562788798953
298.982404136874 299.412679384399 299.520846784246 299.353138761447 299.551008588064 299.401984775151 299.371172688508 299.902365252227 299.592752085171 299.228821919102
298.63541659776 298.969757584517 299.189279615417 299.032486930376 299.102187250244 299.055417575809 299.066320688703 299.503934153925 299.144218529289 298.855694734835
298.615351049366 298.801134072749 298.962613738147 298.822185577703 298.953247508162 298.932197260466 298.962019656295 299.35974429405 299.067787240972 298.639442230393
299.076107710208 299.066866377226 299.302029211915 299.040066823845 299.153580035397 299.288161522885 299.296599844674 299.641675962632 299.414436463708 298.999765293149
299.514043869093 299.563038658472 299.768694955235 299.559977845363 299.620782749382 299.799979701177 299.847234094648 300.087586487506 299.763145538382 299.579497647233
299.886146027665 299.757845812538 300.02566180803 299.876132042705 299.858084308216 300.195240100764 300.037210556489 300.362786808294 300.094558560403 299.843923481852
299.712759868981 299.703220010378 299.852592695702 299.737566638636 299.690575929705 300.029718233304 299.940897729939 300.187360276749 299.866735730833 299.757339895455
299.347636226614 299.383472808651 299.462032300001 299.333960641667 299.103987321763 299.661568448416 299.511372898652 299.741779591786 299.512325060047 299.322306557558
299.026602567502 299.123134357515 299.133052478882 298.996042859128 298.826161257065 299.406731877771 299.090248184083 299.345336524615 299.1508482777 299.000589376566
299.112736967766 299.127555212215 299.243264330715 299.096878247734 298.865654881903 299.523837688056 299.087814739198 299.297996612076 299.206433557602 299.060241510535
299.563563964005 299.503912413519 299.617963196758 299.440459183528 299.22494815917 299.796926247609 299.389872165522 299.52075524486 299.470059132577 299.341926261031
299.650548584719 299.652976841386 299.703043578462 299.611285383394 299.524211225684 299.971272657992 299.523674532498 299.669996320528 299.672356374948 299.491325325235
299.388292281568 299.4603794027 299.520496916475 299.332086006836 299.250313996752 299.852417774599 299.231779398221 299.401806815316 299.519021316623 299.358925477808
299.043735680317 299.182102976782 299.19735108482 298.93523328913 298.953899237327 299.625493836735 298.827035660348 299.104203501949 299.10282210148 299.007830912995
298.901788906293 299.125085446234 299.157169161832 298.879998492687 298.856149599622 299.648481516406 298.653833170488 299.044886105426 298.965069315028 298.907825366417
299.275867513402 299.468492547723 299.479122870091 299.265782151624 299.353645157639 300.021058277237 299.027174176406 299.306964030994 299.35486662133 299.177096089301
299.784132223962 299.891641241475 300.029654312954 299.727957801223 299.834412260964 300.568486986848 299.519156760831 299.731751796751 299.849482149278 299.747122881717
300.118050359734 300.133629454891 300.318472995189 300.08992296041 300.080381582452 300.770610430673 299.752960088792 300.100698007573 300.09764441395 299.980273733846
299.925848863384 299.921346042829 300.06485071256 299.986217796571 299.95104714951 300.606669790342 299.595058430694 300.105493314645 299.918624814356 299.846500429651
299.637978029403 299.612871449926 299.708659962753 299.609708370591 299.544811528069 300.074746884135 299.242370712441 299.830296547826 299.529046799308 299.441492089684
299.333828276186 299.313309204467 299.272263580788 299.246002799464 299.316774139673 299.627060442896 298.972918808838 299.491681719046 299.156398585438 299.13082940494
299.403973019629 299.352666589839 299.274452684854 299.317445036064 299.443200849495 299.522366762316 299.121754100062 299.46549237262 299.265417794876 299.14647571569
299.821350276286 299.709338260076 299.549056860933 299.62382311793 299.755472221026 299.79362747872 299.341364297398 299.885326627755 299.598722677413 299.473934160751
299.95342257469 299.938529244457 299.580321272079 299.71433419364 299.904112184579 299.960979307039 299.543866581559 300.05455231082 299.799923887257 299.556313616786
299.756987486378 299.840372055077 299.32849830555 299.463331984035 299.749963518601 299.685415923313 299.371480246054 299.732390562458 299.606813301557 299.292592497609
299.475784895299 299.585735501519 298.968527112708 299.236402818137 299.407942180382 299.332659838992 299.039597332999 299.371680498488 299.261614862935 298.874100672576
299.417860258371 299.535823306642 298.796315722609 299.091065189599 299.387073837517 299.290150666234 298.832949743096 299.334465045813 299.243179092701 298.717232486572
299.817412788835 299.956760790091 299.062429067256 299.410760865683 299.690591876406 299.514176874063 299.269155997715 299.65669192552 299.6096187459 298.959019462946
300.33237929789 300.396271020314 299.600141523303 299.9798679572 300.186274868589 299.834678770237 299.874187841698 300.116263454185 300.020809274208 299.331465683209
300.582063373092 300.616380972403 299.927882160858 300.365186511195 300.422104482985 300.082265286101 300.25105373702 300.347103150909 300.247865772305 299.708311163188
300.501705596773 300.400694527927 299.784019231695 300.236867916425 300.113597796521 299.918486532718 300.105347158001 300.110482126758 299.958331944049 299.583682473078
299.912996184811 299.792790685567 299.485446273041 299.799867064462 299.574574960758 299.424648200808 299.791407593567 299.657248351732 299.449507385563 299.198178913251
299.530031416977 299.550215584505 299.246135851017 299.408579714883 299.158278044608 299.06958155455 299.49700453911 299.348731513427 299.157181870413 298.947222282625
299.505023782007 299.513222802865 299.232153529884 299.533906989273 299.123800562673 299.052523225961 299.540313714182 299.406562018403 299.171544594352 298.968404206707
299.716379512622 299.705722237627 299.511641315641 299.858424400966 299.385505965265 299.393518826868 299.768787587514 299.780459822121 299.372469520649 299.238488298442
299.816363670339 299.856780626082 299.81312049035 300.099776971455 299.60755956598 299.4755113 300.012033558782 299.912193913611 299.509971213877 299.374123311741
299.611139702884 299.545607438782 299.61233003904 299.914197270999 299.362006402198 299.26155857965 299.90051516582 299.785645461843 299.178539152726 299.31999735746
299.234618197747 299.236120373487 299.278383756178 299.678188240879 298.940932059194 298.833641410103 299.5932675085 299.340646973668 298.817573014678 298.950597957689
299.067889411287 299.157864462263 299.220991384052 299.641677438935 298.713770582569 298.733421339362 299.521409190425 299.276166630537 298.668826882741 298.938089832911
299.463659469206 299.431783808572 299.654582812217 299.920145310882 298.99058643252 298.940408302361 299.811509879519 299.650214701564 298.970754774398 299.307635737666
299.908048518656 299.821173359137 300.145428386595 300.412996153646 299.454947178994 299.30858949113 300.329999033468 300.21681429396 299.529225925481 299.786612101667
300.188406860948 300.087424678495 300.403153196069 300.630780824271 299.814415102145 299.672785583762 300.584504204174 300.361984934931 299.843762447099 300.084186173381
300.009177919634 299.945776877743 300.324344646459 300.390747608704 299.75323287227 299.57929262321 300.328324267987 300.08961464926 299.659008912794 299.884213142132
299.567556138337 299.534629836943 299.845944065855 299.862043662559 299.427405647673 299.221561091931 299.782820675117 299.656283254069 299.30875370959 299.408645344713
299.239905871333 299.207189596863 299.432842274771 299.531854079426 299.139134026738 298.978779269544 299.302670751511 299.355190630989 299.100943337612 299.024537524977
299.36345948579 299.309222505882 299.36209823978 299.490452189708 299.197694896341 299.058289626043 299.196924887185 299.340396433591 299.104325510327 298.933846969963
299.684549950674 299.586485440825 299.543413851554 299.747030571877 299.548744267372 299.314309536746 299.499773940196 299.527981123608 299.503957984995 299.199327156254
299.804067310996 299.826296277948 299.610383235311 299.798780033813 299.662064461891 299.486030342077 299.642733106444 299.576222164729 299.732841005828 299.461437231815
299.621057364457 299.668839039219 299.438433100157 299.598614785129 299.449156161979 299.18915398381 299.367262563369 299.290072219119 299.580800473109 299.192400182249
299.25873148175 299.377566664576 298.943718964205 299.261813644391 299.189496359444 298.853755045299 298.974963875725 299.037262569924 299.338735092632 298.762529466384
