283.266956118261 283.367656194104 283.343459651326 283.336933026387 283.331828236306 283.26006516197 283.286729885026 283.293813627557 283.246676559896 283.306228877876
280.048701512109 280.333487403721 280.566629754873 280.401662494975 280.353948847061 280.200642249541 280.399765483651 279.932816581201 280.240786179971 279.987274313688
278.771664368805 278.736989112155 278.890508135251 278.873067787683 278.937494311117 278.799942429213 278.775829852683 278.736224395137 278.761455225406 278.550685558068
279.223666497038 279.677909257481 279.733656564018 279.319595678992 279.556997998894 279.136790978985 279.436475146782 279.363590815785 279.620864089771 279.491289337066
281.713719123099 281.764815059888 281.8423982966 281.98720791099 282.00739959223 281.897042322004 281.422163974906 282.153295252934 281.938188283888 281.545976430719
285.457297511426 285.478997064598 285.374682666941 285.249275381514 285.567617419985 285.579885078015 285.15513163096 285.500355787497 285.608044856376 285.44633054915
289.285246927855 289.277347232915 289.312310537276 289.094829194095 289.400193547936 289.205142497051 289.155847053937 288.99679556559 289.184764571505 289.20384175957
291.938987502487 291.607303706349 291.798522256411 291.864041501071 291.845688635073 291.797366962224 291.723261942192 291.594041376102 291.800722616585 291.705790418027
293.084977318599 292.789077913046 293.035031639562 293.213341324397 292.978596625054 293.023668192893 292.948437187429 292.830589358887 293.039021806408 292.932780885363
292.687652445186 292.796306490872 292.669699691455 292.908572157372 292.762272164173 292.721909521886 292.764105647362 292.653013057933 292.700288275373 292.608883248075
290.697821642512 290.931436400777 290.933923975819 290.938188191036 290.849251499468 290.872249606841 290.914036850144 290.836268261959 290.773162583784 290.669151227579
287.611565482438 287.513012928178 287.59458174884 287.971861042722 287.642832662371 287.516081726552 287.659938494612 287.59792349139 287.491831177456 287.283351015136
283.762579057731 283.75145472463 283.854786866352 283.717237941216 283.530692133994 283.48145016331 283.712609225013 283.682283937552 283.431466280718 283.552636379406
280.346223044029 280.413381968813 280.59640000896 280.371205581451 280.331734972325 280.50933483452 280.662204873944 280.144045209327 280.495196272082 280.151096509572
278.579995938986 279.172406929288 279.234434043813 279.372067496093 278.877467652677 278.896485905106 278.825363458626 278.902831848369 279.101186836123 278.705479484225
279.756510464562 279.68661314565 279.354779933802 279.815144150607 279.23494154782 279.381287506599 278.910795648652 279.569645550395 279.552361078867 279.342235597734
281.625849526204 281.949557589332 281.825053384309 281.845040889114 282.212735237243 281.928673850382 281.718184004168 281.428868394674 281.716479181213 281.851979584774
285.299590142049 285.551408380939 285.494381110317 285.63527048255 285.477744661219 285.59162461294 285.289137560615 285.331916655238 285.500265152988 285.524545686124
289.051681091189 289.216193785184 289.160176643802 289.464216828413 289.442666008196 289.115997487817 289.124023124677 289.223850776895 289.218571335878 289.153986155011
291.690703401181 291.793502396021 291.58602401878 291.875207885675 291.952188433607 291.688140141716 291.72851391366 291.861808375216 291.815343940544 291.734204735085
292.966307152861 292.956609209721 292.905064063401 293.01788259874 293.056225732942 292.880137958559 292.765063078858 292.919200778291 292.968912205541 292.872869637314
292.482723518168 292.645874852352 292.618603688805 292.629652815281 292.642346064008 292.43121757421 292.445166715288 292.384144731746 292.670457212287 292.682891264478
290.604728618489 290.5991674192 290.539894081829 290.796596781581 290.728479288042 290.449012185393 290.554784026628 290.584228747465 290.674416268414 290.75165625014
287.185757426996 287.462664698291 287.390439880243 287.685138773168 287.306098961498 287.133983223478 287.137703201048 287.218166374715 287.31169644327 287.2725801875
283.227928770282 283.632664216061 283.582754737589 283.687344504155 283.345835582472 282.842613529867 283.283976337294 283.315313164727 283.620454756177 283.342368708852
280.278249017729 280.223160173066 280.479829020864 280.866901240487 279.933611174715 280.040870550949 280.166158762133 280.034290372032 280.06463503519 280.286014892883
278.605715872861 278.66353420829 278.714995742849 279.155041514283 278.448211333835 278.586851657281 278.567276256945 278.874701828428 278.456940268095 278.697498152131
279.376474196378 279.293935908023 279.64429071564 279.505488478624 279.169863483035 279.15192717737 279.099289267997 279.54411159581 279.096847961734 279.177544568458
281.927468227837 281.54456788425 281.782764145406 281.49259990909 281.728393405285 281.464404439309 281.807799821754 281.708679076136 281.946159536157 281.592293703972
285.224274557163 285.042880050664 285.139594633506 285.099817687625 285.395363611215 285.05768805807 284.998655041806 285.077067631869 285.225929234843 285.211092628575
288.69597885881 288.800743613541 288.98261231363 288.879629571065 289.186537798224 289.020170288995 288.92606676573 289.113316442716 289.081372396683 289.088791506522
291.240480227197 291.434883013326 291.481222801993 291.503876684417 291.522379406562 291.591245461766 291.336086485191 291.597456059593 291.79485298474 291.577185875404
292.408578676829 292.612355280374 292.656498946771 292.677846972296 292.684562690509 292.84549388094 292.557651648411 292.815592724142 292.972988406016 292.819408948681
292.310461808531 292.254671257694 292.268948760633 292.469626868523 292.305263478598 292.512683571672 292.117378555419 292.425762621848 292.628217461481 292.412429725858
290.253408893938 290.283379851677 290.263923685394 290.342096738461 290.424379228167 290.583974810199 290.30833783761 290.56085907522 290.872808424549 290.57223397329
287.02863456523 286.964485339256 287.168778918752 287.314382645939 287.265462972648 287.497255847247 287.208911486934 287.265868292835 287.464834839815 287.407250185014
283.225027065555 283.110425078826 283.15907647185 283.355398566627 283.382176038517 283.390874688261 283.245828973232 283.435427074534 283.617242379013 283.239815071976
280.014242145106 280.021787452534 280.222486639933 280.289688357642 280.135010083382 280.176085558493 279.933949665527 280.192036844482 280.309336534486 279.929969974403
278.803570404641 278.668738296268 278.734693656968 278.59903476364 278.850106113485 278.514115540157 278.550919065189 278.77738746844 278.960168163241 278.651373834845
279.407694550336 279.291738653675 278.89712799828 279.708623059531 279.245396152247 279.201566861811 279.043327719348 279.267856775775 279.417218775943 279.495858130198
281.681115507786 281.580435473617 281.59972002795 281.474952779014 281.485385989068 281.806447654454 281.896488566702 281.627250751 281.77615817006 281.56110172546
285.221188672561 285.275264995678 285.261617171601 285.032308507983 285.182155394266 285.366033064714 285.076512434248 285.434774036663 285.660328500783 285.571703825614
289.080650218608 288.959118579603 289.023519571121 289.009752471979 289.295849946957 289.228349263669 288.833726900201 289.167165864665 289.258891899615 289.189954534323
291.458356991682 291.443874114611 291.528599816008 291.462124202974 291.812140408336 291.766257017291 291.410762678437 291.945114650063 291.741921670654 291.7353165886
292.729165848346 292.739314332346 292.845208837597 292.64026952237 292.933828819631 292.883744632814 292.576582534994 292.798670316594 293.015420148343 292.865561116028
292.468427361308 292.539281223359 292.543312080682 292.473444615066 292.630648697858 292.744958211633 292.243325258083 292.419966678279 292.549129246881 292.659285588343
290.585984487711 290.453597295728 290.713999373255 290.472198283462 290.857986016989 290.770710681944 290.42496805471 290.454437203954 290.602126598701 290.791878552207
287.223895255221 287.207045988363 287.374722090068 287.305378802736 287.633140582938 287.57653433992 287.038943140767 287.435740597601 287.452794875525 287.517656586294
283.242830239504 283.374339754352 283.337844051785 283.377911203072 283.65448441156 283.691131591125 283.152416657915 283.355591074131 283.637145122409 283.63668374663
280.418935131068 280.067548912946 280.510987453073 280.28896686936 280.421893814852 280.57367967234 280.042452970741 280.108319212365 280.117260802166 280.258627901643
278.621462361227 278.654666796846 278.70619162064 279.034684487417 278.7532136495 279.143191272138 278.443562879692 279.090647675569 278.855846569425 279.089145915101
279.209073467631 279.343286608644 279.375887948743 279.646729187625 279.699171879397 279.56164094846 279.238827579684 279.392954650724 279.449009534835 279.505016531594
281.82150343137 281.736041566687 282.249159086441 281.75711910328 282.299501656249 282.0435304617 281.366024570856 281.98198439063 281.663850057818 282.084729083148
285.31737270713 284.954650333796 285.515685464309 285.159214859759 285.982842714116 285.491888816329 285.314715675872 285.423997820582 285.518404532856 285.706821780113
289.158390609841 289.126783746254 289.353958253875 289.195248036802 289.504057011347 289.260997721451 289.027185403233 289.214458209823 289.285127543922 289.299636972575
291.667113784734 291.580970056941 291.752291025975 291.749442942653 292.101891124533 291.689439230135 291.588651308026 291.656004843912 291.551383071875 291.949816323198
292.885832549134 292.852689096323 292.969833559516 292.945120367896 293.253877396157 292.918582648385 292.952012866024 292.73085004445 292.8796093406 293.134636915047
292.697632114269 292.69113806902 292.6607533685 292.698900653806 292.853976820776 292.724545788388 292.562582144876 292.476198115914 292.543567829017 292.676277770018
290.668455975456 290.683552372057 290.700117116638 290.726414924488 290.999710336798 290.997470472226 290.760650281449 290.593048106765 290.745812267674 290.764898623385
287.63699445232 287.679383463983 287.578357305991 287.529471360742 287.590118404778 287.588729351697 287.687657705918 287.441068828742 287.263059273871 287.610816634163
283.38052413504 283.572470152082 283.686773480136 283.619084673698 283.818879597914 283.578205903204 283.603145631515 283.439295650996 283.453800707284 283.813035108473
280.286820516628 280.576732400208 280.411765085001 280.350670403519 280.692260895087 280.45503217128 280.28261838568 280.591955294188 280.154863932124 280.177058579221
279.157752269865 279.194970628639 278.969378811803 278.956158287195 279.044084290949 279.206640024803 278.770521453686 278.796630339138 278.919891694026 278.649259628193
279.71178743964 279.571465921374 279.828697613802 279.612331250377 279.791707966831 279.514132761783 279.495786796441 279.378578534986 279.214200043374 279.543293675849
281.841363239975 282.057451880409 281.986387240782 281.82384596837 281.730232007866 281.755215571121 281.868465743917 281.957659759812 281.967323084993 281.962873374246
285.333564495682 285.291408041277 285.440021052371 285.156222508347 285.359265803221 285.428155485924 285.336571479198 285.546155543521 285.203869933314 285.413455648087
289.069664048067 289.046889230769 289.278951782839 288.979658724384 289.107443904505 289.32366812594 289.479283160934 289.182220057641 289.246008256065 288.968649331004
291.807470021565 291.69028367978 291.877279042952 291.563617238446 291.748524940209 291.875100182041 291.918833696303 291.674671581501 291.620078453967 291.655615345998
292.973391898994 292.91516039463 292.831314865919 292.796817091143 292.890913042533 293.163969972811 293.028213143091 293.013529929915 292.809979968245 292.833841194868
292.465273225411 292.45824890628 292.67695535998 292.555755745122 292.477732314926 292.783410097952 292.78709477291 292.774941107406 292.59791687902 292.516823258832
290.667874087999 290.558809323806 290.796179611807 290.782609962642 290.709144873709 291.011898472723 290.834729011967 290.853784905425 290.639040412391 290.504412893707
287.47523717012 287.09036560009 287.757499160098 287.45270785666 287.516083228917 287.979737641644 287.701238966594 287.617955233231 287.741341054168 287.242437344784
283.548324267278 283.115725624426 283.858413285007 283.625522906825 283.467729298313 283.921586658316 283.79681841187 283.477478323616 283.751678029523 283.157560536507
279.993773153329 279.91848465781 280.576154105119 280.402124590744 280.089607790523 280.430143999235 280.45059048782 280.434817954469 280.185685536788 279.817558603864
278.634235162271 278.719435839625 279.296582392143 279.053502807366 278.924627017873 279.036070188502 278.976104429716 279.01119200539 278.833076139244 278.442372541969
279.200380582838 279.270216790213 279.52000166668 279.8900642377 279.158435034226 279.463634375041 279.555006397577 279.382757684929 279.533016136207 278.83554960679
281.989005618387 281.725630808025 282.078959773888 281.821250581297 281.717163725391 282.413699920109 281.746610818715 281.741990279241 282.085488972871 281.715975174511
285.530351137933 285.33744816509 285.574658510824 285.522596729459 285.308481904575 285.867411287326 285.308100050407 285.615195168584 285.818989113591 285.382844331427
289.134382701742 289.040052989975 289.335331558609 289.275951978605 289.204960190094 289.526439212742 289.252199978684 289.406327861534 289.328944859776 289.012780901261
291.606779576306 291.554448549221 292.071245166287 291.783256096507 291.72161298161 291.986616263686 291.853987022585 291.9341521551 291.774085222002 291.654793430477
292.894744617592 292.611850169398 293.217803630081 293.066904947588 292.842254978135 293.084138707984 293.084910370835 293.025961636523 293.019374441889 292.871150024932
292.765215685339 292.436156201879 292.785926611207 292.85815533762 292.776505590971 292.763011738181 292.794700162947 292.826926261172 292.663476108549 292.577839119408
290.765650415698 290.710491223673 290.928361329194 290.994863367101 290.911819579029 290.825744277951 290.88638774927 290.834143011787 290.901906142351 290.648456810329
287.436335673083 287.542105925844 287.620476582612 287.590119081542 287.702706257835 287.829343584663 287.720645172198 287.755064370996 287.620320927057 287.6031352129
283.800634553427 283.459525040557 283.595340344908 283.868401765899 283.757191406862 283.827824814718 283.749883769318 283.811600623347 283.660168808957 283.545765308431
280.761691721058 280.047914951751 280.819284315216 280.410792618569 280.861823779259 280.660469710975 280.516047338562 280.559720315555 280.544017913686 280.060510015548
279.099970977674 278.522414428794 279.161839514877 279.019520942211 279.119702572607 279.288874257312 279.122474115663 279.003819830874 279.016097949426 279.0297460745
279.577015901409 278.837238604889 279.367226208818 279.676980583067 279.895775390851 279.890370352107 279.562006343056 279.687048349986 279.218159754096 279.639280654904
281.648766754563 281.664510464568 281.968294407707 282.009948845086 282.307927599777 281.972483183499 281.894465020148 282.007467681698 282.051374240204 282.377759734569
285.402430464565 285.460163440763 285.442202798864 285.372327253809 285.655048801436 285.246916977259 285.562756613878 285.595271044962 285.498060168823 285.583946937694
289.111368062247 289.243116407709 289.458925527078 289.159130740013 289.345376151183 289.274867924053 289.371730072424 289.306171008574 289.137021488061 289.232088188463
291.852436398112 291.685956679124 291.998496337388 291.832101245559 291.889787722704 291.875040344557 291.708742860354 291.848712001881 291.836337319048 291.805362902327
292.924921256716 292.982521641142 293.140675473549 292.899825546055 293.013622920674 293.040505112604 293.040018299823 293.019028075902 293.019437265206 292.967502851666
292.676683622646 292.752179838664 292.949706965016 292.740090649573 292.8127272652 292.781446292698 292.676890679024 292.569741406633 292.744408008789 292.671717314106
290.95854243928 290.809999096224 291.095297846565 290.725071426214 290.980407473032 290.834151147376 290.952911589524 290.991959147358 290.872973653689 290.819482762225
287.616521794625 287.53916181809 287.585559525094 287.371121280494 288.003043798788 287.782531655932 287.556570329252 287.925695393489 287.591499971608 287.549300466776
283.567424961287 283.628037068454 283.928861260676 283.680294933041 284.238587797717 283.766710781308 283.647148311792 283.801844170336 283.918212471237 283.902519911916
280.441438662542 280.340343621909 280.549356024222 280.575000529241 280.520939993624 280.562256578642 280.291852839876 280.830632016032 280.598066495598 280.509482117848
278.873541794543 278.636547730716 279.215890831991 278.910087283956 279.076842846254 279.211679670571 278.896698039121 278.921489811332 278.980149553133 279.118805058148
279.528227437844 279.611509219899 279.761940980374 279.313586345222 279.583864655059 279.985381285456 279.799750579246 279.704000874857 279.760945970355 279.574356269105
282.231394787762 282.184891436628 282.203064548494 281.603161867488 282.093963233488 282.102788736267 281.943275469831 282.107933464249 282.009819247358 281.782964669619
285.389098137871 285.751338585391 285.396557091191 285.455357754822 285.486603908107 285.8180192569 285.001650932214 285.506814765587 285.578172900737 285.234280212951
289.260938169004 289.753454897046 289.3579129665 289.174827021251 289.555557282449 289.526987989002 289.072937880808 289.411136221829 289.481453046955 289.206629849354
291.897676426242 292.184291629118 291.923702524455 291.810835282342 292.167326549116 291.98510548445 291.826731980775 292.036892265127 291.909660279175 291.808289180409
293.011209149396 293.259180079306 293.224495213741 293.021237602171 293.322362218271 293.077040304884 292.985458704124 293.233790556606 293.097504058613 293.083944029368
292.673875560192 293.012825676424 292.884443653991 292.736125418787 293.074695107973 292.739499404737 292.904039264137 292.942087631516 292.960561806116 292.825951925953
290.779648173927 290.977766983548 290.96401842106 290.924913487256 291.369694799178 290.923938224637 290.940703140608 291.01735148748 291.094662399434 290.943064890147
287.534140286386 287.888244966323 287.673717726489 287.737343048438 288.019182206886 287.644375537441 287.78318967921 287.890210486769 287.690430379505 287.779036716093
283.398592425115 283.795127284486 283.775452627406 283.58021770642 283.807536876565 283.724613860525 283.17372526245 283.974195254865 283.686720842009 283.599779423138
280.617526906487 281.171983992584 280.212175037434 280.520418827797 280.732736869799 280.392636362909 280.411923265481 280.687833488203 280.67164814539 280.437838524332
278.893761764716 279.151501223686 279.100572180258 278.924840624699 279.475973695646 279.28213021768 279.05256274552 279.26613633472 279.140946469689 278.677161788407
279.324173642269 279.545710803075 279.416763204458 279.314623209953 280.09465758255 279.911886766402 279.190961901083 280.122161633755 279.822398549563 279.257227669273
281.697601782003 282.276693700837 281.858444527256 281.99002911815 282.116591633632 282.147044943525 282.07638232241 282.26520898571 281.977501096501 282.138520097029
285.280536245283 285.744719962421 285.678314265429 285.493135100577 285.59582041374 285.277972110991 285.747384018243 285.689355248413 285.555751595162 285.452959414234
289.175642499079 289.451058871687 289.255862591757 289.221854944041 289.494973338836 289.278359761561 289.43049427609 289.514104259064 289.379061949747 289.12093829707
291.936116056233 292.224485204539 291.711392532191 291.912677557139 292.194400348035 291.849041296394 291.977360833885 292.174854528656 291.924220551156 291.785584175924
292.943518380869 293.38088953786 292.961511065235 293.207430756045 293.490103056184 292.911594504059 293.110405310262 293.081665454236 293.200754076647 292.929494168206
292.632109057941 293.068951569599 292.830349029297 292.875720571666 293.094396222075 292.625174077372 292.787416169174 292.956326403732 292.812292943299 292.662982082943
290.784852448652 291.245763628078 290.987236242516 291.109964788981 291.140628698217 290.717170318165 290.797143824107 290.931611784622 291.022756941042 290.724103915865
287.539541000343 288.168981496082 288.006163844903 288.121536617675 288.004819341045 287.582588652841 287.611186960037 287.834693036391 287.820691778011 287.451336732246
283.68620247848 284.226243875806 283.869688392094 284.164117158237 283.961075866423 283.868813979752 283.698349168351 284.043666947083 283.899718550701 283.345562093162
280.695897244422 280.862404510403 280.761013608326 280.800337648956 280.88002386583 280.518734066502 280.669870197596 280.554008983358 280.95248864384 280.376699889327
279.096077554211 279.452523358896 279.138527033414 279.343832616691 279.228663719342 279.130851598803 279.179389082085 279.316290729333 279.380786177489 278.831805368288
279.319089109506 279.944582311912 279.965509367823 280.179533030619 279.717105580601 279.759448959801 279.682878181939 279.687055912398 279.523964681381 279.427702487992
281.925285448171 282.398681398125 282.369882159286 282.42029498004 281.882618925015 281.896908976663 282.17915148599 282.221688814015 282.142900482676 281.933804052243
285.432117248759 285.727131197548 285.815939977345 285.849552694779 285.580282643524 285.600229041267 285.465226374095 285.68571131253 285.570908881948 285.453679626599
289.400161025764 289.575282949916 289.539089841252 289.646223064794 289.106807268541 289.494936320152 289.300964778488 289.560439942333 289.444468671031 289.127370723687
291.892446438263 292.154006849486 292.250003229663 292.027033326279 291.779505568764 292.031569417847 291.765701758241 291.942862976375 291.875151060861 291.805170998771
293.021652296212 293.526255232282 293.428655535485 293.152268993854 292.941608214421 293.135062517245 293.039755710476 293.085153538305 293.144019795144 293.039686415409
292.777270071948 293.330381744358 292.984822072521 292.80417415161 292.632985676834 292.704822813107 292.621356223415 292.853361693405 292.945804304334 292.607017417916
290.893580210608 291.128981861633 291.188931605418 290.926330783072 290.742936087949 290.973756968473 290.779375662762 290.946341270481 290.967107893627 290.801569177633
287.642714568596 287.736197502937 287.808927336779 287.655039349643 287.62644925408 287.651900728661 287.600507491653 287.793827135984 287.793055852853 287.618332509374
283.382163799284 283.730565838078 283.874234222012 283.687648482658 283.725176522224 283.852119204975 283.485014480392 283.782259265706 283.608505639998 283.711111762078
280.430293124404 280.595395685392 280.42754811614 280.554027527302 280.423413159916 280.489564621831 280.475857474516 280.598970414271 280.539940098148 280.590573423321
279.212991759445 279.482052313076 278.97670876482 279.150928957492 278.756245097078 278.858285833785 279.054806663552 279.121947900148 279.015101984594 278.935453813855
279.522727406846 279.509879121498 279.372711820274 279.565622315047 279.652963774738 279.422661014274 279.306936305936 279.366668860595 279.725549574525 279.506054813542
281.814816082003 282.089871950177 281.944249870257 281.476995125257 281.775688357414 281.823550916405 281.676828336691 282.009553294509 281.661686059364 281.93525283197
285.561446859743 285.492756103312 285.140688419079 284.952427909952 285.276324921505 285.507355692947 285.164713992433 285.60087730248 285.240448713966 285.264699724114
289.157605589408 288.958848672452 288.962230510693 288.987670616499 288.928829151632 288.887978036139 288.957441178063 289.201237150284 288.999048903174 288.99899932814
291.713085948151 291.421602757813 291.597431774469 291.519208439451 291.551014754724 291.485814122773 291.574538081447 291.714350183089 291.572878057891 291.575295733809
292.921591135756 292.710151981831 292.712087339741 292.680688348416 292.82450820757 292.64966840576 292.749349856154 293.004484789331 292.729282618075 292.71492214547
292.616318784461 292.373906329712 292.363727692831 292.366129873059 292.529658691851 292.355383481855 292.387087096612 292.626741666191 292.468971592597 292.320646744525
290.779800109972 290.371980303824 290.574536132252 290.361011609644 290.4351679986 290.363296430106 290.494112608106 290.839567244336 290.452537309617 290.536999356316
287.322329071454 287.1057732319 287.281763273573 286.918561330703 287.180647342667 287.390161642219 287.192346374787 287.568768169547 287.167197947961 287.307603717283
283.421597763041 283.416079425691 283.353262543277 282.72923732188 283.409133309967 283.630410676281 283.281752604376 283.755385992874 283.318389029281 283.444426209831
280.372388036159 280.254566139846 280.186861550471 279.585334897233 280.412840564668 280.399583078099 280.176269028715 280.614390217172 280.229452142339 280.327060316138
278.68611578301 278.757186863557 278.420804182813 278.116573714859 278.984424059955 279.08509164268 278.790267271874 279.431128693783 278.866893704926 278.471689603889
279.319936338288 279.079319938085 279.518753467321 278.938702178689 279.466515879219 279.615526374074 279.08678724423 279.212407644876 279.14458090539 278.768973886198
281.510383851027 281.511835202437 281.639389071108 281.535938491209 281.900421072898 281.584776231391 281.888781484873 282.09321835801 281.823048097926 281.479999585487
284.912742160742 285.143204608539 285.210395094327 285.089292927108 285.314738028796 285.080770354849 285.142128477824 285.570867269739 285.331464351448 285.114603913466
288.919958346241 289.006466267562 288.902252339215 288.963676187923 289.233002278897 289.017159325889 288.920004631124 289.206692316067 289.294328204382 289.03542598431
291.615737924107 291.582984539926 291.6101495205 291.573949295923 291.737430003901 291.685156807797 291.593216294302 291.811596627976 291.621951539044 291.513049013084
292.81129443292 292.670080090345 292.903509859198 292.748800976434 292.836431478846 292.990371907965 292.871680659563 293.02837570296 292.723402992698 292.806385805758
292.710014824128 292.50201452107 292.599560316509 292.406636274028 292.646409740142 292.671210737463 292.437862849217 292.664220774153 292.475016606987 292.379941153272
290.947467824663 290.598486818427 290.689629649198 290.50135442578 290.671651728829 290.81349961615 290.519465779507 290.814877670678 290.600814591785 290.54387788557
287.661431273541 287.318684997651 287.273820556044 287.092718004045 287.487738481056 287.604503881122 287.396934626697 287.559323334428 287.614306022691 287.663901868106
283.466986836065 283.503644518912 283.282259507379 283.184258863282 283.522009551989 283.519591082113 283.303715466011 283.58680101845 283.578165315117 283.692227270897
280.584062338141 280.243845754978 280.248164139276 280.006336413544 280.126786678392 280.47833051492 280.502541739795 280.223181682365 280.323272080939 280.58329930263
278.835144370509 279.165735738506 279.010170424193 278.777767835297 278.913664637528 278.980567349802 278.717108307358 278.882738925308 278.577893936972 279.127523175411
279.329443898395 279.477650138022 279.526152219369 279.579418022584 279.806692072103 279.517546192228 279.019447542274 279.412337050471 279.508092825255 279.264297612819
282.084549572511 281.509592876333 282.062096776183 281.941415062935 281.920906492673 281.785659755427 281.899286866444 282.02345746006 281.92097414585 281.877121364507
285.397688791193 285.087860092589 285.618313213676 285.535947460247 285.39628245506 285.300295845123 285.481445721561 285.387406843913 285.519969932003 285.581328036279
289.238235598824 289.003139208873 289.475028244354 289.157458584017 289.238910900248 289.143740959408 289.145650493759 289.05614316793 289.39055426108 289.414655729072
291.819461030709 291.44021771949 291.927938966878 291.709892989622 291.708831282958 291.759457756099 291.871493736944 291.751975553004 291.968535333266 291.867391121645
292.957003486718 292.781697614046 293.150859484591 292.844479087129 292.708793041199 292.966204459565 293.018813184792 292.963744899297 293.071108112365 292.977387056551
292.591510113552 292.372052984908 292.641021745609 292.767318552645 292.575723369784 292.587665913621 292.746379617216 292.679521817119 292.587899205844 292.657735737126
290.804646671171 290.602248248244 290.805435336614 290.743441643834 290.727149023119 290.712646251735 290.706721784624 290.781842279608 290.69415326341 290.727992647125
287.497757017806 287.508990291763 287.755145146263 287.576837316085 287.750386292568 287.490863618811 287.525365999601 287.457097618255 287.369184255033 287.918200599282
283.523996178425 283.550274010107 283.682609637415 283.842928326294 283.733461834525 283.464520873042 283.550698987891 283.82829023414 283.838505305671 283.918362675378
280.905492345383 280.424730590124 280.287637206106 280.575011277104 280.61608697644 280.323747446206 280.043639718714 280.7055927637 280.550771797117 280.710121796716
279.086393541509 278.581860995676 279.15394226647 279.403987156534 278.8628463806 278.790880355069 278.801928721242 279.09430089477 278.840462791318 279.557576825959
279.532095577905 279.586230450621 279.533018499567 280.114993300879 279.445377545847 279.449791599218 279.482610888373 279.840050288324 279.488556323486 279.793509989017
281.865741899915 281.925809255619 281.975864385347 282.125005452689 281.504828786904 281.808180644426 281.970249787905 281.559479225795 282.003213767274 281.954454234052
285.448626259357 285.047444520654 285.688744252177 285.69947729133 285.356601483606 285.29186774572 285.47776259568 285.593036569754 285.384001187536 285.441166622428
289.363565492153 289.044549497289 289.334528760704 289.370307398891 289.26845389633 289.15709379244 289.331057551055 289.248882080791 289.196267509753 289.1730795887
291.822755232598 291.608096207664 291.888124050412 291.853319379637 291.77061430214 291.706866666915 291.826345864826 291.92268183983 291.827959758423 291.764673879165
293.107850006375 292.814486908447 293.095532797606 293.04282537329 292.827062071849 293.0021227536 293.015831225896 293.051923279291 293.0371777927 293.044836100472
292.975282666722 292.672063102575 292.826511901962 292.744250897586 292.594992083382 292.724739368618 292.804068438118 292.819831350668 292.817617885659 292.799012183335
291.019504337703 290.687252933507 290.986345091838 290.90922739584 290.481469261695 290.714589645593 291.000006419923 290.908340704245 290.867658608675 290.946039254397
287.958668732554 287.474225862465 287.797350099007 287.421617750643 287.443801278927 287.687503750461 287.796631642689 287.622122231439 287.769512764536 287.585621552548
283.916352239013 283.577085354657 283.906031637079 283.968312621085 283.323997147593 283.815390407898 283.76166863715 283.666837511449 283.960656674876 283.672678044357
280.774177156772 280.576216289039 280.620466376417 280.945674751911 280.330114056942 280.78721574849 280.689620470958 280.82421321245 280.43096719757 280.373113866324
278.96940483347 279.021049616193 279.580739739769 278.960454958617 278.887118296067 279.078325442205 279.151520131481 279.420787183006 279.083483828828 278.552402577297
279.929885313581 279.817382150693 280.104857748064 279.631020405596 279.318044266809 279.69380766639 279.758768029107 279.677868361907 279.742855404544 279.494482190039
282.355771830117 282.099493253369 282.537436038327 281.892858736859 281.985070673212 281.976822522646 281.837888698993 282.078028403942 282.360086695046 282.319508239117
285.690166125857 285.640110891521 285.742816085581 285.597383868554 285.261943872864 285.626231711061 285.451855918631 285.534880552227 285.53587217327 285.377005296281
289.387068186728 289.562072532113 289.462670872581 289.246034652471 289.205709372794 289.506810539006 289.540056297446 289.136012805754 289.354565123349 289.28644317655
291.942359102846 291.907111784427 292.071022104454 291.828082334965 291.77185695721 292.01492855907 292.180779853744 291.817153206602 291.898521383634 291.793215391581
293.184815125657 293.053873168359 293.173605163313 292.921030693009 293.073119913287 293.325065306043 293.28739265076 293.083363505102 293.125113670144 293.043388112497
293.058544071318 292.809378683547 292.854398180193 292.743073561381 292.71456649447 293.08456627544 292.99133602231 292.83771791617 292.879471582945 292.833778427234
291.082827561012 291.105357101644 290.964602181057 290.955907279959 290.936993534864 291.171536565229 291.037309303903 290.86615934298 290.848332161413 291.029356609914
287.819617695917 287.894401899552 287.896435132913 287.836728369618 287.718506499041 287.982856034656 288.011897780315 287.542268009176 287.710875496474 287.911250562696
283.881032907413 284.019879156405 283.918535828993 283.934255213892 283.858632829586 283.846203601224 283.913332166995 283.664762023665 283.524087977884 283.747708779309
280.593130629274 280.550417810001 280.954929427345 280.743719267509 280.517883073511 280.812556133578 280.762042850224 280.763005205026 280.430902292829 280.526872911032
279.439392314319 278.855732953225 279.233929669278 279.141478299853 279.246514557292 279.731940442599 279.402650617674 278.888084873824 279.31316487463 279.001514483743
280.040877419618 279.646069141881 279.917834102509 279.916545871895 279.622870391165 279.902119515582 279.992010917982 279.054820263734 279.77064564169 279.180765489811
282.610596506506 282.292184008778 282.162599407636 282.364241876398 282.406516451204 282.199010015957 282.238149952784 281.88415127789 282.287706901514 281.787790510744
285.928767925803 285.438830843455 285.958302307438 285.804849769052 285.58618861882 285.4390315494 285.626628787352 285.220136067316 285.655292665657 285.521087939948
289.64054281649 289.285202630733 289.661461877881 289.465505982617 289.42132860266 289.333925565469 289.399833211791 289.032524893515 289.485642935477 289.29492793611
292.003267257913 291.804393914036 292.049983106885 292.040367887223 291.992526353993 292.015366163018 292.036433134095 291.755699799411 292.059394587758 291.779132668542
293.250339495371 293.059794549378 293.376677365657 293.310794603589 293.206279242087 293.171999412679 293.128789761238 292.931724463926 293.335841767724 293.056511794968
292.985734505602 292.806379289088 293.221163352634 293.053583551357 292.902495243956 292.822139854364 292.856739942784 292.727596985229 292.935905989339 292.816374935542
291.121492128162 290.979869998852 291.227175013773 290.982283388503 290.91199334232 291.001843954572 291.077929685186 290.803770699088 291.122201793378 290.930447496336
288.212052914617 287.900831130226 287.953001708513 287.793841876772 288.125075810816 287.625711446022 288.150825947811 287.610371066323 288.014429985941 287.460833293691
284.326247966946 284.005629219199 284.055580681739 283.765098134007 283.977343220143 283.618165123448 283.942972165612 284.136316801304 283.843777877622 283.541571067107
280.840762687477 280.962782842193 280.999629655362 280.948825887657 280.260927844608 280.648124721528 280.568393595569 280.793045677191 280.595874628849 280.548589682612
279.42888066292 279.35400033859 279.800532601176 279.34106194348 279.300348982963 279.17510867819 279.695584467198 279.177446527646 279.14273780189 279.1728112759
280.143924561039 280.052383612462 279.988119837718 280.072945160247 279.621230523307 279.643111506848 280.081917835335 279.790415731986 279.530924143353 279.436819757755
282.502730298947 282.020552447902 282.256712931556 282.304976511206 282.390133133151 282.209002441312 282.270961893117 282.249226612912 281.739368715398 281.814629013919
285.882547713194 285.448884539615 285.574197602306 285.781603342539 285.941051173366 285.523777727543 285.802606735695 285.534406183793 285.487589664876 285.576081249655
289.61877260146 289.23292904464 289.395511771185 289.161391542324 289.794170767093 289.449360626689 289.635780476231 289.267145012201 289.54823859978 289.438170123694
292.043699022465 291.898127687407 292.002399740822 291.85108173605 292.1743994196 291.912730362128 292.027522724176 291.888791634206 292.217603996754 291.967060111148
293.215664211237 293.137897404534 293.465125844305 293.174424688637 293.414851566649 293.067049268083 293.140875825315 293.184826584909 293.428513449627 293.279593086435
292.987450920638 292.876080935673 293.068988369152 292.94168998288 292.990804621168 292.823504294047 292.893612025424 293.039317946303 293.078757304121 293.008240125412
291.227307134746 290.987256318149 291.098417752524 291.073671222108 291.121856605467 290.834139013762 291.033731405448 291.134761551214 291.118553828289 291.149090003902
288.100900393641 287.745666025085 288.075106818498 287.825021797748 288.05267331713 287.900115284768 288.035727357648 288.061737432876 288.056108119263 287.91333082989
284.294799902132 283.771339627936 284.361243345251 284.086876510951 284.320358286831 283.910627884207 284.098881047845 284.199844748057 283.910809479793 283.935238596945
280.883001176453 280.745545784904 280.766960323012 280.771618915195 281.067727890743 280.681318430518 280.742657339716 280.516668437657 280.805370304889 281.005663160473
279.563332013979 279.190190863006 279.596571683657 279.059989790226 279.249207817496 278.899164392811 279.486391606686 279.191280606617 279.177955105706 279.50169752135
280.216699670009 279.978108818554 280.083030420808 279.889182123913 279.897879895399 279.534633297989 279.884737027306 279.864554483305 279.796056152377 280.200198080265
282.528121135846 282.413750223646 282.545496149793 282.274539323081 282.341047150762 281.816388830048 282.183720485826 282.410299617816 282.388509151909 282.053812017355
285.710456831682 285.893166934567 285.822367299066 285.79805867004 286.173460469993 285.574034966095 285.832208292159 285.940059177486 285.954789612605 285.484690634718
289.658695150261 289.585057291251 289.528347022645 289.515232056038 289.674177377703 289.421602212521 289.407111642903 289.562119264424 289.844106540152 289.589206017063
292.175089717018 292.247602679559 292.192199910924 292.042785607277 292.21565487436 291.827132606003 292.034865843554 292.085324007676 292.158656146904 292.085738570521
293.28519057574 293.311518815498 293.46437028061 293.394296402175 293.400019645735 293.101188673842 293.150130155397 293.370666897719 293.517978743039 293.194318665014
293.08770667239 293.115386231497 293.182770724481 293.06445788955 293.155533279146 292.729287220737 292.876189456408 293.174038785613 293.084598989861 293.011414990787
291.22811558003 291.275064794219 291.441266787541 291.126584287533 291.121049950242 291.036705446264 290.969092466516 291.412436196177 291.14124706574 291.137676150927
288.146107278617 287.979299352994 288.284973510764 287.902761714442 288.170239494892 287.854592778082 287.69469989998 288.124021439546 287.85467327531 287.900201271019
284.8754112361 283.870121662437 284.160738194093 284.132979553314 284.383880862137 283.755412750585 283.760618606208 284.367550962886 284.28262823833 284.087861831947
281.254265264505 280.823909740317 280.975933180732 280.945471650818 281.080230205827 280.960421149224 280.557854623904 281.106652927146 280.997451757817 280.967090380536
279.700265226793 279.670795072514 279.592648250472 279.451530981577 279.71619846458 279.433007167112 278.955007627406 279.449388063927 279.720012232599 279.488026121091
280.283294139738 280.104180284577 280.796255548671 280.124489486062 279.844999729787 279.988344040262 279.710264831943 280.107081192478 280.373233803563 280.037416861694
282.287427105362 282.526214058138 282.695094589583 282.810790267364 282.550948076109 282.249495081916 282.242100423214 282.755063755359 282.56057323081 282.545654987038
285.779067348952 285.850946845694 285.928119605818 286.026009651931 285.733557967413 285.888556421036 285.766635737583 286.128511370419 285.874790920006 285.873825832469
289.422859478802 289.617335379954 289.66237855774 289.793448777862 289.66452073955 289.490659773215 289.400212510006 289.821413697186 289.746368830262 289.699875279059
292.153735335916 292.153881295217 292.156694803768 292.263840232229 292.200457733354 292.246199875763 291.991625110248 292.540520851792 292.171138296325 292.199869233116
293.314179822685 293.358533050313 293.375284166572 293.270450269248 293.336258006923 293.474465957985 292.991822679932 293.692078458654 293.283848162732 293.338029865656
292.911294686004 293.230979799661 293.000226127227 293.143994227338 293.083145084715 293.19962193686 292.758510070679 293.236438332268 293.079911187534 293.123474924431
291.341439401133 291.312936605331 291.226563857 291.185864143528 291.273631974141 291.310669503211 290.914624535595 291.20925568589 291.413604606616 291.361159267668
288.232051971804 288.30613071728 288.041371309933 287.844904989826 287.846438262395 288.303307055394 287.726730577934 287.913357470294 288.295341838003 288.454167662549
284.550499896372 284.593569394936 284.061228329528 283.90394678549 284.323532297161 284.31281250216 283.667871093283 284.32788192905 284.332123736812 284.541977421092
281.221700474279 281.271814204665 280.75550364266 280.596595236169 280.935911198405 281.060872994366 280.850191952299 281.011259982099 281.243371087278 281.156345144084
279.523327828487 279.281218545597 279.558070299993 279.420618720815 279.311800795913 279.595670288015 279.201253783044 279.486362648326 279.741532687354 279.798407736388
280.171743557608 280.249798083995 280.412226156448 279.800440191745 279.858401335461 279.85292705984 279.796305822599 280.003190109725 280.56772872098 279.932668968953
282.490024119404 282.941185711446 282.309202986778 282.098014703898 282.455143659205 282.595810527896 281.905674879667 282.627526373721 282.618708109334 282.411448705807
285.795557068688 286.302166264475 285.918394753962 285.808759883463 285.829320984024 286.140098266481 285.796004762829 285.776875578072 286.146809923691 285.866706881687
289.563639364905 289.724298312302 289.610168938179 289.663626387336 289.665402567557 289.86828482334 289.622765739068 289.449761316637 289.760424533566 289.674764762535
292.160390284555 292.32229188213 292.19547995792 292.148655102672 292.10139399354 292.12853538738 292.1699770398 292.205484200024 292.277082344393 292.094032390915
293.478036187074 293.523023784457 293.481104503622 293.278057076281 293.222371759195 293.392153080354 293.396689238079 293.503922314846 293.403952646623 293.245523990572
293.188237468057 293.173612619691 293.120784036888 292.987034531404 293.059885564116 293.10749925335 293.044470203064 293.026038525203 293.193539230154 293.042692327613
291.44642560282 291.310315509124 291.255713528529 291.243445779419 291.135401147002 291.257339471726 291.160764205792 291.252126571808 291.209861870364 291.204063833476
288.264484591129 288.203324397543 288.113589562211 288.168353064694 288.034898435839 288.077140215301 287.973399179015 288.144473003812 288.293855643953 287.985100843814
284.359553135246 284.376821199737 284.313055104174 284.068212128094 284.227796985166 284.262936259562 284.3498215098 284.209079756482 284.433930627244 284.210563679466
281.381878821043 281.068378091281 281.163485743303 281.214242519135 280.970475719419 280.734944883626 281.117002178557 280.861615633439 281.105523416512 280.96810291456
280.149241962471 279.283360683928 279.797435973602 279.417049681058 279.590533478698 279.418358352215 279.536319150981 279.751854655364 279.374702317772 279.539572514783
280.553233068109 279.939561214297 279.894754568138 280.060106226905 280.065806054727 279.868607607002 280.098938946835 279.966010194487 279.913437425675 280.549311564123
282.598525929145 282.631970903355 282.631035993929 282.645933283217 282.745186677438 282.269959811655 282.584555478673 282.596053555347 282.71607925094 282.493383871278
286.058732384698 286.210466972697 285.975160407204 285.889276784615 286.023351390685 286.089116630237 285.878282874227 286.236140138235 286.293750970899 286.026269230672
289.904854958236 289.77097635631 289.582741302262 289.718958038658 289.848269099164 289.719871093221 289.756401798035 289.61384568496 289.867259023736 289.799600490505
292.412603570639 292.270293100726 292.233019056861 292.361587788489 292.441871449492 292.308019190597 292.259433493612 292.255671462829 292.18506998437 292.203667342709
293.720018652732 293.387711373364 293.317691601278 293.546249518021 293.767081376292 293.381090087857 293.409721645917 293.409639158473 293.412082552208 293.49666962151
293.347759484763 293.049073866259 293.017484198834 293.342534292464 293.343716490681 293.160178060465 293.281386967497 293.346750256078 293.231045768261 293.206688379696
291.430842570479 291.278909912511 291.114845259982 291.494362802647 291.336160943289 291.190270397053 291.483782515392 291.202287414333 291.274358648639 291.359515538895
288.459412982471 288.046591829576 288.13076920147 288.238459724526 288.228776376224 287.85393343132 288.444167545195 288.233447158362 288.138619356521 288.039698221389
284.436272515934 284.14329314413 284.426411586374 284.246308648571 284.369854593287 284.24503186527 284.564304385052 284.532585278501 284.272758138239 283.970565812498
281.55272106806 280.95763018318 281.006066031608 281.077028997136 280.869471160668 281.081898486073 281.268592507241 281.305741961606 281.056941202933 281.243327710277
280.037119085524 279.21614058548 279.540925817506 279.754870691613 279.755377117943 279.240111605661 279.680643117632 279.43239287115 279.496748910064 279.39597383147
280.808640623888 280.002370892426 280.170833631204 280.134093143059 280.222187360847 279.863442290921 280.345816049493 280.222565743156 280.539623909546 280.129882505948
282.695143292517 282.193503555017 282.433450481955 282.672038655355 282.554039782011 282.314186146143 282.899988727438 282.60688130722 282.597532234199 282.251291168209
285.989187122739 285.738713479495 285.705371509728 286.073271667002 286.050496955583 285.917829545009 286.184006078624 285.977031532639 286.048377219059 286.162250000913
289.783586929318 289.504691964285 289.550494794035 289.942237708587 289.717429730972 289.772182150873 289.906540110199 289.817252299785 289.663305802825 289.800685838614
292.178677404604 292.112332565248 291.914851376405 292.290929161986 292.325685690487 292.337447287753 292.52858259486 292.302069299954 292.115148317571 292.203702750308
293.402863057053 293.399099346004 293.240551220181 293.346495823763 293.466507851377 293.514108588634 293.672265102531 293.498843827878 293.459460781672 293.498129264161
293.117980772716 293.067984665116 292.923126410288 293.080691729664 293.313752791276 293.319568859285 293.496838207582 293.125994518702 293.196781182053 293.137055225736
291.463922820135 291.195092230155 291.128873364291 291.262458466908 291.301017262749 291.419767711214 291.670025130025 291.183955394819 291.253439503377 291.203382647662
288.225477000898 288.140234805063 288.074058805181 288.238001018945 287.906185597691 288.251323085371 288.567266894091 288.093426219996 288.068410122938 288.057104130397
284.292230548495 284.115085255563 283.917631030164 284.078665831022 284.248651195324 284.061455133659 284.82444045569 284.356298931842 284.361611797046 284.15894250633
281.186067598935 281.119773109655 280.872143050599 280.59867759158 281.076589854498 281.082174872436 281.531158016278 281.191612545178 281.225381829336 280.970857739986
279.357520707496 279.543430929987 279.664666874469 279.135751436317 279.411770933141 279.605776571427 279.936662520461 279.855841664684 279.37285961467 279.122097198928
280.214983774353 279.70319022386 280.140752607407 279.823146130116 280.044506228123 280.026549444842 280.405259503125 279.900629173474 280.663582885887 279.92607094664
282.554148373989 282.405302091905 282.063074035103 282.454470079495 282.570650008152 282.371161429011 283.024649440115 282.41283398219 282.874059193093 282.383246499728
286.01356422917 285.781159224524 285.563169559297 285.571266924478 285.916513821288 285.672332307735 286.236004334749 286.059589544624 286.070570356919 285.947199244079
289.915319564434 289.541232298363 289.514528512107 289.542038201322 289.599464745348 289.513887113619 289.981094698383 289.883387235668 289.769938455032 289.655592085864
292.40411765828 292.046615053468 292.037648657909 292.145414628929 292.226028494028 292.153506362229 292.430272485739 292.300569833614 292.234402621891 292.131955458051
293.460362084719 293.43990700202 293.423747468425 293.320609039896 293.536344600336 293.503439819272 293.661611844201 293.562889601269 293.317029073406 293.287196624761
293.308511863897 293.167049414476 293.087441799853 293.128663193602 293.399799569347 293.144750477074 293.326887496444 293.326124552825 293.101437460585 292.99265514532
291.561842440719 291.367681530494 291.255449283306 291.303874263986 291.367157916083 291.150732950783 291.391403031077 291.383072844821 291.406158289907 291.218678568471
288.337756470652 288.185406405724 288.059689088923 288.129346202707 288.239560242757 288.093928714991 288.165761876546 288.431980234302 288.25024432328 288.07452800884
284.540761387478 284.373289500545 284.061848484898 284.356954542961 284.518656126387 283.863955295834 284.28128691783 284.454281603101 284.49106670049 284.482708143655
281.338488374957 281.295039610788 280.914873084842 281.043425194515 281.163435966538 280.880981365607 281.177955611924 281.202323880898 281.258691872806 281.160951914061
279.864056326138 279.585051637321 279.124034701853 279.701967087946 279.7738685765 279.829698072154 279.47607625986 279.413340211275 279.739624542474 279.291941419075
280.343092568712 280.587954471501 279.696492171582 280.022603495028 280.106395208402 279.98092913814 280.014823519963 280.225572305595 280.265961411822 279.65567913013
282.931257921671 282.708410071808 282.437787576006 282.47994236498 282.663432778576 282.384636379542 282.3482575183 282.470419706011 282.510659579527 282.283061184598
285.799115391893 286.002537421945 285.796766463012 286.089567334088 286.14362636979 285.925743631202 285.777358720411 285.915167323692 285.873030363383 286.005819354448
289.56772290983 289.769062619381 289.640987198378 289.78918673866 289.866800791005 289.742060904381 289.608167215953 289.616384425096 289.729329331001 289.475635670112
292.217914036975 292.512494410357 292.14707429598 292.287029905946 292.42526655036 292.148277651592 292.124432959945 292.179764590796 292.291965411885 292.133004158567
293.55942940237 293.527278268242 293.394284349639 293.533498760639 293.497203321284 293.39105322777 293.425979012682 293.463163621984 293.442425277919 293.428202800198
293.303312817462 293.418762259543 293.218893405922 293.390058448047 293.25261589023 293.049091596015 293.143955918297 293.117823504059 293.228892518873 293.24652337375
291.389955269523 291.505279187561 291.392011170574 291.395434182769 291.383626541016 291.229623259649 291.13081579862 291.27487969284 291.212220399972 291.127262751099
288.201717481436 288.32478620403 288.162774260317 288.436216783476 288.430701592126 288.13784436295 287.975769426459 288.210534958984 288.062618206403 287.938530104006
284.4040967821 284.54836512571 284.034085515232 284.399621242147 284.419307264207 284.444940744472 284.20071659975 284.38442060374 284.399248782974 284.060923499846
281.123445367103 281.302492731971 281.237386380042 281.349363910321 280.925546219211 280.796545093027 280.878291297568 280.904476994646 281.318385670733 281.090978587616
279.692597423778 279.560284018418 279.839553372983 279.856908563161 279.619718158082 279.390262160232 279.508818677017 279.415352855594 279.250843290048 279.850828856846
280.482701273042 280.295104011247 280.311727165001 280.624734354028 280.135241795152 280.210448877819 279.947650646846 280.405277466165 279.783685902841 280.389492007719
282.741950424693 282.53972072548 282.667478649445 282.567868496829 282.428796878852 282.781067323096 282.713156123323 282.585281548899 282.590980677387 282.53947339112
286.0420920439 285.867162370196 286.034316309593 286.293248345945 285.917114271431 285.904823952788 286.060701651185 285.665951895413 286.086928827602 285.94680580117
289.728710320392 289.828108637863 289.728287043267 289.896077833931 289.842553308364 289.87060441547 290.016241568352 289.432078911788 289.798718250857 289.766330505981
292.36867756569 292.460986299402 292.335804926382 292.650026445147 292.366536872515 292.353000958873 292.40218901158 292.119287239501 292.288987363424 292.441270965313
293.483430734219 293.610486395417 293.519594394854 293.873702176366 293.444564717463 293.62311767526 293.591034121013 293.248742648527 293.452249748005 293.47670196068
293.265828968113 293.30491753558 293.277409507418 293.369126876291 293.154070089558 293.283080458987 293.478934537455 292.955049482878 293.332631041099 293.148767370479
291.357059503471 291.401257382658 291.374162058972 291.36899382546 291.243138511166 291.398456314474 291.592544382258 291.041775755098 291.271073857771 291.298386815133
288.301875293927 288.133746635015 288.359781447436 288.147944417622 288.061648670962 288.352089081179 288.501714624524 288.046245354264 287.935130517676 288.283089099523
284.243086428391 284.108658816123 284.634871311335 284.352484289405 284.377983219339 284.318539318017 284.406254397603 284.161287992143 284.165547263939 284.405125235006
281.051762129589 281.139521685556 281.253037700823 281.255196772269 281.067238023241 281.069652056879 281.310344820041 281.118368193104 281.045798313522 281.428622889337
279.528970106542 279.591625462899 279.73542220454 279.459980626606 279.786385190647 279.727055985275 280.326478606307 279.6016685987 279.61250238065 279.773428779605
280.312891413642 279.964378045656 280.111673087524 280.403410796941 280.11898609276 279.927611795335 280.474492267419 280.394113534195 280.456747224146 279.968404806806
282.596870647837 282.441003499012 282.768245357963 282.587768958212 282.556484243399 282.405531369508 282.590094812687 282.127323601682 282.541784274452 282.710119613443
286.171489988254 285.924942438035 286.57083245592 285.404050021912 286.070891965817 286.118457651162 286.216590234817 285.958270037424 286.223723895847 286.142060395827
289.637802289365 289.723594377263 290.111896399919 289.705975236282 289.730464627398 289.57731508646 289.826606209709 289.660776485955 289.808931475395 289.754937605449
292.221338038039 292.212450248463 292.49138200041 292.387831468431 292.166794358952 292.03762914357 292.520638713139 292.221288477741 292.291011944242 292.207634844127
293.323708342988 293.380604502034 293.734946890992 293.62660438634 293.438303435273 293.426854595058 293.701593510946 293.555452829673 293.397018369624 293.468806403901
293.123595041505 293.194011481224 293.376031358597 293.32419766127 293.155017196268 293.1463404609 293.338037508036 293.430748150041 293.117991975755 293.149924764366
291.288994045522 291.296114284589 291.548431332131 291.399400991748 291.506670381767 291.259858797815 291.52801136283 291.605143611961 291.242853958344 291.269791189875
288.110719765994 288.099192790099 288.318869715637 288.409837599411 288.349540517352 287.838468163893 288.48476084733 288.339963298574 288.239653955194 287.803848055585
284.408273683909 284.211952271185 284.591661952053 284.482946113299 284.493104226287 284.226408694665 284.472762601692 284.536557524372 284.37547489938 284.11005291928
281.203050158201 281.031520430217 281.404499895439 281.363107311038 281.190245558135 280.979375522011 281.602122425531 280.998174048251 281.277102868356 280.992653591659
279.703510966211 279.840990719726 280.193373249266 279.978690658347 279.569319954065 279.30371279559 279.980174005836 279.482498994463 279.768248972461 279.444139383111
280.173135565355 280.062258237346 280.38138886822 280.213599565064 280.226349555679 280.364621050195 280.632945915701 279.66574540933 280.069902087489 279.900686416239
282.693480456037 282.356127431256 282.678459733501 283.000602568019 282.720007988935 282.829108215221 282.903169530479 282.657014590155 282.433057883283 282.405516143369
286.148370572221 286.158155163054 286.215085203352 286.596532357905 285.702896566048 285.890692918856 286.195310084274 286.068265626591 286.286005449964 285.915304765975
289.986005609466 289.634907817331 289.723784049387 290.08189326308 289.812553701977 289.435633673356 289.773639280019 289.912534354479 289.862806414253 289.466707857565
292.310033239688 292.231395476885 292.29636757183 292.571522785206 292.419128090959 292.005169244546 292.192768028446 292.376878977433 292.180809783062 292.137371662243
293.694071737262 293.396073497506 293.550155656651 293.710088018333 293.614963235765 293.267989815643 293.568181630951 293.763910550287 293.404755152508 293.354263686514
293.470814646081 293.204478330859 293.25159181945 293.432879566397 293.350989805224 292.994947770316 293.405331313867 293.401433281492 293.135695931378 293.059962654524
291.464024638781 291.154400511004 291.389046725136 291.458359761096 291.443866862046 291.165533140555 291.387632143588 291.578517298231 291.373090547914 291.105154057708
288.578957203805 287.998230073155 288.251274222341 288.240928694827 288.351035816395 287.86354302169 288.50353273099 288.513102350612 288.387787677476 288.079307022794
284.458228855603 284.127775468216 284.574081930149 284.673827221123 284.409045588374 283.867568171074 284.885577755167 284.203280110313 284.384855473926 284.282007260048
281.26037899963 280.746677705009 281.283320226587 281.526979017042 281.262977636847 280.856745560977 281.395238091537 281.089396299298 280.951473983146 281.099188225372
279.663660824763 279.289613573747 279.900184311641 279.999198562208 279.882997430592 279.473502231841 280.186942739606 279.936917485245 279.75716058949 279.891392269507
280.48595398243 280.083959202426 280.494165875798 280.457688233597 280.270253553622 280.170940484751 280.691297434812 280.189008839029 280.284826304428 280.107570042438
282.500345432858 282.225202620472 282.597570958594 282.713656753292 282.648619868626 282.405107744213 282.981316444877 282.542865563121 282.718955000699 282.278181853727
286.06629500608 286.323054876042 286.158361599406 286.190844301953 286.164364159062 285.839656097517 286.225931058245 285.909933392831 286.38815266515 286.035936032493
289.816090680659 289.861869536195 289.729603177132 289.757812427562 289.822584769541 289.590744224677 289.746839501047 289.822316120586 289.81181440763 289.783933198098
292.33928182189 292.328349667642 292.303183583666 292.410994918848 292.36701639403 292.15924058631 292.415801582415 292.320777032364 292.454227456807 292.155453858312
293.683322288775 293.46328933175 293.621867732731 293.554491957888 293.724879977287 293.461500400367 293.596254811453 293.576157343793 293.706025586207 293.501578999646
293.442761430428 293.208494368811 293.332781642586 293.31333664504 293.46066267044 293.326734649457 293.443430455376 293.330078242109 293.323965854651 293.209656929009
291.578976426534 291.38925209488 291.603317096247 291.551908480493 291.708787533844 291.489784768694 291.564637167833 291.317643266987 291.578190979478 291.176918461903
288.42561282558 288.21930665555 288.452441818092 288.359922168237 288.654180879063 288.312395529979 288.526576729773 288.153646681566 288.384372429062 288.227726666367
284.615467016942 284.381896874742 284.562397243185 284.393370316849 284.604755545017 284.557231010785 284.608034957378 284.436149682494 284.224798128162 284.405463244834
281.525347048162 281.178384904451 281.406337512276 281.291287614786 281.275132867725 281.460417799598 281.374227904852 280.857547926906 281.496875758171 280.949804796279
279.680986392288 279.612876788774 279.994284180747 279.602401070072 280.030254304348 279.888491554992 280.040461244139 279.416182402522 279.971680053599 279.587526049572
280.431203684728 280.324266891636 280.48352601652 280.145308834877 280.491557274442 280.474717779642 280.329813490288 280.478330792517 280.448556614752 280.41324487514
282.810606661454 282.698429421136 283.069232137988 282.730825511216 282.999715583597 282.842990651649 282.891925094487 282.696606469089 282.893518955869 282.53502293643
286.160449720999 286.097043779611 286.044841065377 286.528512719962 286.241680381943 286.129382709333 286.205038620937 286.309194237646 286.220944469671 285.692286879012
289.813741241542 289.950297573495 290.058870772185 290.007563995054 289.925534144341 289.797684241949 290.167168265077 290.043212698785 289.867692536439 289.732212810646
292.422747511363 292.434125221501 292.498577748042 292.351101830253 292.336321773441 292.248093346677 292.495159076978 292.537773586269 292.232363046127 292.312095815022
293.689372617371 293.712732679645 293.65587679209 293.47808496548 293.64029799979 293.462375975953 293.786453996796 293.789740254526 293.467116010901 293.423206166466
293.35314322512 293.380367673924 293.31315016752 293.213779077275 293.206044002842 293.286535633015 293.507402798782 293.593061435601 293.302644303947 293.269653574729
291.672435600588 291.542023089951 291.313142730037 291.311948364001 291.174933345934 291.514793551515 291.392322598251 291.888490319097 291.48110976276 291.250468085586
288.564903669399 288.482910005091 288.316177386248 288.043799113653 288.171867032074 288.136288187375 288.467162013961 288.577187887099 288.266665748906 288.161168555936
284.670139233491 284.81567865482 284.306566616536 284.242567722835 284.523038718113 284.284915509644 284.348701496802 284.455549964088 284.211861065226 284.717545413566
281.327131996708 281.231121191067 281.525853405577 280.926731109938 281.362951808106 280.947871553787 281.116221884438 281.55045849839 281.08282252947 281.129869522705
