285.768590229344 285.840035303716 285.550515093311 285.889631680728 285.685119873286 285.451521120727 285.615366911674 285.591123998401 285.281381287284 285.725807144765
285.923971547241 286.143222881967 285.722522690634 286.032222462357 285.942426464798 285.770055738005 285.66380590611 285.718539524885 285.591135685374 285.945584542307
286.57135104527 286.923999474753 286.475600204909 286.524752152091 286.74150334499 286.564689340115 286.419082054794 286.594289944624 286.33611938799 286.919911653433
287.62027010286 287.737721464751 287.652100067966 287.590219911404 287.686630959482 287.50623995912 287.419896049359 287.493095923151 287.497728315757 287.842877214231
288.571579604901 288.625666780922 288.587298542713 288.671492820544 288.554573871072 288.545676024491 288.36153543022 288.446595045874 288.456795046084 288.883236150899
289.2924316052 289.28536271076 289.304316218251 289.250683546727 289.277960454992 289.309448593485 289.091235836754 289.248693099886 289.089778752822 289.513791065183
289.437972686639 289.574670445928 289.612744590846 289.559045450923 289.671830642437 289.724308064544 289.533471514922 289.569709768537 289.460718321321 289.762797957778
289.419519898348 289.466084246964 289.496558733671 289.350857361722 289.509578364079 289.538615414197 289.449878851997 289.456606685078 289.335374227938 289.721667047173
288.376351616923 288.68408490204 288.578615867458 288.55254518437 288.495136088921 288.796917850731 288.507070372849 288.683723879941 288.59267877653 288.720854813853
287.444951040185 287.595994593601 287.503623303692 287.542253665402 287.43531913202 287.590424460617 287.517802120674 287.68893718207 287.651609872319 287.621400340578
286.313060654636 286.666543055929 286.221404414892 286.415301883184 286.331059263881 286.437713553053 286.543222092039 286.622690222278 286.482344592293 286.545969624751
285.426526302033 285.910073457465 285.221599732788 285.544684096307 285.835277925606 285.596500078748 285.624774695335 285.767732467707 285.947489367655 285.845253951981
285.242217308643 285.589459750693 285.342464529572 285.421850425087 285.358038713848 285.456017137565 285.428019070297 285.615462790895 285.727151379463 285.46281189566
285.788256730298 285.648027145376 285.428787680124 285.573754101366 285.560540240888 285.990106868049 285.730803736721 285.968520564179 285.984809233949 286.102316469475
286.646746295557 286.653038795504 286.369769651768 286.243994624856 286.476691424857 286.768259062695 286.557484435703 286.702637938399 286.763977965016 286.537663228575
287.387203106352 287.651964410745 287.635309980852 287.415516650423 287.452574470671 287.807564248917 287.663964444466 287.698346620061 287.870668578144 287.620631598123
288.285150452021 288.722392895284 288.578564299915 288.491452480586 288.380311519864 288.564160880001 288.594741043179 288.692998662935 288.709293219699 288.631655346542
289.066954979387 289.365742893933 289.221292283237 289.088752649999 289.250608395891 289.50645919826 289.276238934524 289.406965149691 289.482890955301 289.279812052153
289.332899871707 289.625478019795 289.536737523841 289.617035855363 289.581680226756 289.794608958831 289.574053499908 289.727071648955 289.85126646726 289.580833645515
289.176113275179 289.412886888707 289.350210003244 289.230757500151 289.388958251207 289.732569546721 289.480821347086 289.481372198448 289.651540604731 289.56614680202
288.496167075302 288.659086182273 288.528426713898 288.566886693606 288.648006819888 288.881059668185 288.626857198176 288.620470918185 288.790558566538 288.719339288418
287.578697231798 287.751273063748 287.619669629447 287.412109429725 287.593089334177 287.800411542498 287.569459150472 287.734356940556 287.830261432242 287.603319850922
286.376833471421 286.530562297618 286.570116418217 286.287379149834 286.674736746237 286.823499065472 286.546466100429 286.70365798373 287.058531525123 286.593543269923
285.547631234864 285.74596673515 285.755667063363 285.600690251648 285.912828241636 286.395621588745 285.714077492494 285.939656024587 286.162420448513 285.671497436339
285.158053767937 285.49685339525 285.573910123288 285.217444615497 285.484808462532 285.933458324307 285.318969622994 285.724922369919 285.80500334148 285.676777464934
285.780214279693 285.559573666697 285.997976974202 285.569445681615 286.018321944968 286.106637087206 285.698745314258 285.942496878609 286.183649260261 286.100645395905
286.395131927832 286.416590969731 286.918875712888 286.519667813691 286.79888036074 286.942783498368 286.379451412954 286.58498856383 286.8765758532 286.727142886358
287.46561742898 287.499701507721 287.817131193911 287.442538861746 287.646587032307 287.844188798867 287.509812526984 287.714484761204 287.827153848966 287.67196358934
288.561235823611 288.623907028996 288.686806005612 288.565204756461 288.638797850451 288.793456201913 288.43752128241 288.846386122944 288.748185570053 288.527329383101
289.119729592617 289.296044611395 289.401996473717 289.214280070363 289.271931073477 289.400765323125 289.213161938879 289.429478173372 289.367244888293 289.375349148676
289.688038537623 289.716614624962 289.725798817183 289.56459206353 289.577827904759 289.767123268618 289.647764906963 289.839042712281 289.553299927523 289.681435551543
289.441558877794 289.502724235944 289.441727829671 289.273174695087 289.561818711752 289.589427170905 289.410933660243 289.691904954911 289.469956291233 289.506006521385
288.514404853453 288.676360511267 288.742995443755 288.691085723901 288.629129303629 288.69911813985 288.733183518527 288.846546344566 288.595398546982 288.692188479881
287.601969686641 287.686283232341 287.802726397753 287.535226294132 287.695517717779 287.680718340716 287.706730744943 287.722124400706 287.430153837191 287.587833475648
286.483004746423 286.642536628229 286.677055378372 286.570403337744 286.517525582179 286.672227015372 286.793163865649 286.595111846671 286.490250052646 286.498306354383
285.887451903465 285.900084526335 285.928434332497 285.899856372413 285.655575088615 285.645695758149 286.052267145716 285.804911969498 285.651767803325 285.867258677554
285.638088658211 285.659017882703 285.912147826603 285.832053018211 285.698050565652 285.492242065953 285.901635453045 285.48821406224 285.233929547403 285.410189789645
286.043535631209 285.92545945005 285.955136231308 285.71645969407 285.661520374343 285.997292493686 286.059982906547 285.890632845942 285.630430581587 285.788156979845
286.818375415319 286.608575832988 286.752390977929 286.641862948336 286.625634487019 286.438363474529 286.771731395203 286.943430160173 286.535269301035 286.489633743507
287.755290440556 287.609368927491 287.807871529043 287.59394885575 287.673773196061 287.645294427622 287.758987431742 287.895019355587 287.640258033611 287.521750464146
288.64464741765 288.542980505202 288.844223669233 288.698207612181 288.600544725106 288.690735426877 288.721877111698 288.688362684174 288.63789085042 288.401797208979
289.477285580426 289.326162605635 289.430182234296 289.47380266927 289.442049646821 289.34041223036 289.463482797006 289.304489156654 289.317670951186 289.156277761078
289.680702138413 289.676853708816 289.809154460612 289.813819951129 289.565486092112 289.66617162503 289.821089560231 289.85706941244 289.649030716668 289.554323601598
289.487678236448 289.492744494099 289.575499519497 289.655248398091 289.569515464819 289.482652969154 289.662462687696 289.604271226611 289.542790557656 289.547741215844
288.664008618216 288.60062071301 288.70062385354 288.86367594355 288.678827663308 288.673568769345 288.888121803419 288.590060258324 288.726746459298 288.715189276222
287.743415841088 287.642972376631 287.938789801238 288.058530141905 287.792528942753 287.585486279507 287.918095248621 287.633451081621 287.882589408008 287.895320809354
286.662764027379 286.751761361351 287.04422821739 287.065290418153 286.572458977151 286.524961649913 286.907229861553 286.664258595749 286.771315081987 286.705143979332
285.840966534275 286.095585686995 286.1863053033 286.417152954258 285.767258892156 285.684824359022 286.322672941811 285.861685163921 286.008447938663 286.118174716109
285.618007233907 285.68647963265 285.853712637846 285.852603871817 285.427638378591 285.328250276773 285.914618491518 285.565770432459 285.755961300206 285.842290637744
285.911792635215 285.927347503091 286.384410372192 286.286645015672 285.892196425517 285.976002952244 286.289210479138 285.565831174064 286.096726313558 286.079553682788
286.587457893048 286.771828530732 287.024214801381 287.060963307747 286.611820031665 286.661600262664 286.996475533939 286.647276264155 286.657550661319 286.771069752818
287.625852698688 287.754144603346 288.07881669322 288.165947188153 287.656849080781 287.782053783435 288.055910012752 287.739784789642 287.801298962329 287.930122826418
288.676057106327 288.825870716107 288.9617014738 289.152531741065 288.562375313129 288.72516085819 288.886222593519 288.636156782016 288.812164506038 288.845629926658
289.543481459828 289.564331051967 289.760026044888 289.894650818371 289.177088991441 289.5696778614 289.683792136883 289.384734696661 289.528855783702 289.523758725486
289.822524696027 289.818942992211 290.023348418701 290.253647287524 289.590079516705 289.845826611463 290.032386562691 289.81675039328 289.901303225881 289.847577778975
289.636813608339 289.691264389966 289.818633841239 289.82620924245 289.526202244853 289.624565234264 289.769740719379 289.650371873161 289.543722803268 289.49581826253
288.931018138694 288.900997159879 288.885474431926 288.883417737403 288.776670270613 288.853343655639 288.978906237126 288.888067951324 289.024419325869 288.799376865602
287.826219681316 287.893680050077 287.773505752097 287.703231780265 287.638366219905 287.837375378087 287.760805313331 287.814812518959 287.952415993674 287.707792772681
286.717978216925 286.913329195335 286.801661974665 286.69643163725 286.782157707306 286.787432437578 286.861692673068 286.866260737554 286.926754549752 286.65036240931
286.332791920057 286.254440022589 285.966674885267 285.957884682267 286.074854450708 286.351914633532 285.92996109635 286.014700114656 286.212808273334 285.784350437654
286.073817950473 285.916550287405 285.532102585966 285.551431077291 285.667623757113 285.797245094125 286.030145777718 286.092267459435 286.020575634274 285.636164826785
286.566053596764 286.36126930623 285.827136260947 285.935521815891 285.984999109818 286.34844347857 286.002966654449 286.22173488445 286.336897478641 286.062687883452
286.878100497597 286.976192644653 286.528686083221 286.808453708991 286.801270962302 286.83693825305 286.787092671369 286.900938515662 286.928225154686 286.693522943433
288.169919295349 288.145404045658 287.614068781125 287.840047091681 287.858115814421 287.888311374453 287.730519273365 287.739007442366 287.987778103795 287.676018775341
289.109936899421 289.170618037532 288.600726190739 288.832404656147 288.920938963227 289.000832047368 288.676358733887 288.858950816572 288.847750401769 288.627965334732
289.776444438507 289.823474648293 289.271293594572 289.587966322053 289.529127301942 289.57958943817 289.495116331211 289.511828594758 289.486348203135 289.47246747206
290.102452947202 290.062461123205 289.807010058131 290.049728002778 289.790517676335 289.888870541487 289.805867808919 289.703544579815 289.956848025763 289.836804566166
289.923140004001 289.806457018032 289.60373543834 289.750271208848 289.751461094455 289.706669701089 289.750217040028 289.53591660531 289.675614807193 289.746640232985
289.002414306091 289.182960698225 288.714172369571 288.948957150416 288.769093678459 288.879987230496 288.827964753131 288.865673771861 289.004962167422 289.080255780391
287.969664433391 288.043947741145 287.850952322464 287.934167424414 287.801802496745 287.954751359923 287.858491661517 287.655901888592 287.970705529688 288.06293349242
287.026107704425 286.887810681354 286.70124842138 286.687227870967 286.881597512196 286.950603809364 286.972003391558 286.608135659868 286.863238575147 286.985636517672
286.049997903463 285.847869458756 285.902914450843 285.968176741335 286.041884531698 286.098871257333 286.130840796837 285.917355432237 286.11036462446 286.195585025172
285.702117424138 285.762404356078 285.860456246263 285.925497107531 285.834169508565 285.752654651281 286.084285837787 285.554480113151 285.988915800081 286.176685789522
286.105501189979 285.861152345075 286.076113763359 286.211523341107 285.891560786149 285.995561032032 286.263200201607 285.914903986965 286.102984163969 286.698935994701
286.805171803569 286.656983941597 286.807923563202 286.822885567523 286.80902530447 286.833046081644 286.766201664144 286.821632446686 287.018692757471 287.078949136419
288.0219087272 287.793513334312 287.827371110425 287.869464892703 287.819329733859 287.829944298605 287.840260839919 287.750051700584 287.865430164546 287.98075464247
288.736097364482 288.767820878034 288.707253388393 288.912413928766 288.729541138703 288.80490765113 288.824370464022 288.736452667463 288.920153001894 289.115688556083
289.620343357638 289.623327919621 289.586557703673 289.653756600731 289.466430527096 289.503327068187 289.566615351052 289.233760195167 289.687183560314 289.698587160849
289.968499661023 289.905263234038 289.941248362619 289.952348185457 289.851178883616 289.865148594506 289.953959942211 289.663529091603 289.659520117644 289.965911854952
289.701028938555 289.687160992544 289.841329794178 289.851059568627 289.50206202118 289.598970864872 289.712411750631 289.457764249588 289.683948547494 289.823171577175
288.905742282371 288.899659560953 288.862223022326 289.024715014964 288.982100895371 288.670932576992 288.696616836473 288.656175534658 288.832710468141 288.980189264624
287.960002167899 287.692326484936 288.021541884387 287.909305075314 287.988868495765 287.612981526394 287.762752028971 287.770302577315 287.643155250023 288.181414895826
286.917130884198 286.694829204047 287.124942224061 287.183457129324 286.903777116192 286.359338397597 286.892047975848 286.639651566936 286.715015591576 287.170366481392
286.079737200448 286.054817769607 286.246593163114 286.324403962792 286.191290733763 285.733828333758 286.126151559744 285.749727690176 285.794982715904 286.362414131077
285.921562781747 285.579173818897 286.145704049177 285.935157099364 285.975485862044 285.48681796871 285.725674951658 285.598196667874 285.423623995174 286.01935131529
286.295824598106 285.704406839807 286.281529731524 286.35326353034 286.165047513964 285.682137040717 285.841210228623 286.05959068348 286.017605269776 286.427711132671
286.825274354044 286.430548141762 287.135283700155 286.991579469558 286.924396081151 286.318563471657 286.554659672696 286.733180373334 286.67032574241 286.931441608081
287.750238086293 287.530879689204 287.90231450173 287.933314084464 287.994980270921 287.533046488501 287.610488427674 287.74921194317 287.610539066657 288.008931663297
288.81904996083 288.687518332853 288.952093609266 288.785616754069 288.817539553137 288.48237493333 288.8081213753 288.630113593694 288.475137221318 288.990877535874
289.47955317629 289.394434374196 289.696471963952 289.786593142307 289.620723608352 289.271594776315 289.365756062687 289.509422912753 289.293465768984 289.628440053516
289.893187836388 289.86608633978 289.996912997177 289.902981956767 289.860587175628 289.623669125433 289.703753623304 289.90070255418 289.592399170408 289.802057614375
289.671110180231 289.466221829637 289.720965949265 289.632637809359 289.634088280606 289.457171083733 289.642017534572 289.777239915469 289.492642374123 289.795141305608
288.726262895942 288.776791302129 288.809226301147 288.592968558778 288.637223689514 288.743168708112 288.729319238898 288.873521552845 288.672951367126 288.948041037309
287.640536431573 287.662478615705 287.891600305578 287.728129092676 287.672889370791 287.619371720695 287.82600709896 288.056077475248 287.476536103985 287.928373645554
286.618347852089 286.572196019073 286.845535011322 286.618866619752 286.558839887599 286.640891580909 286.925132445771 287.008117044976 286.639803828034 286.973276170542
285.863199027274 285.881221527722 286.166613088582 285.725993104404 285.709984957349 285.918717164118 286.171253719281 286.294174210532 285.904522933855 286.380954435939
285.405095742729 285.501085610292 285.612473505106 285.325419280932 285.312807317083 285.615828522746 286.026341754861 285.891467030777 285.708374696449 286.000558438101
285.877445863831 285.902502740115 286.03000100458 285.546769530197 285.609060435122 286.044840913519 286.173629782981 286.241701228478 286.09712280612 286.224551116917
286.704138097812 286.691331614943 286.765601933556 286.435370536062 286.384313156034 286.712324987838 287.156931454084 286.933295485101 286.829100481011 286.929689431584
287.713395954483 287.681296073624 287.839806359375 287.613917000518 287.543588271218 287.576899052622 288.15925852822 288.11393457253 287.722747018026 287.952910920256
288.717104010483 288.782598069751 288.758598078001 288.512431544552 288.467253346361 288.738390706142 288.983789106656 289.012596089834 288.618135757989 288.997557783424
289.256000438471 289.503026205127 289.54698318525 289.370704418345 289.21930846773 289.562315511392 289.787626086865 289.74676356901 289.494131297744 289.722286014401
289.651114646957 289.953960008253 289.950532549524 289.705554631537 289.737427772341 289.796977534031 290.071393162862 290.105826841428 289.88312874103 290.015998747979
289.5766703861 289.840499906737 289.676799084721 289.56730822527 289.503804263643 289.6609439729 289.773249704951 289.938851146967 289.760172470211 289.879486145776
288.729007590178 289.017033972761 288.9378287747 288.663022789882 288.714675212014 288.964291970639 288.950962649999 289.05258886932 288.826619225284 289.05199167523
287.647285280313 288.190800581617 287.96326062561 287.622709035024 287.798011626926 288.011111881003 287.961909108562 288.189208205221 287.918157141199 287.952033774847
286.803043242338 287.082746137295 286.774151136376 286.596137284879 286.749470044939 287.032792777959 286.974742160501 287.321096605617 286.868558692176 287.19944538636
285.890491529867 286.270379260115 285.96092123144 286.052327347795 286.03613421873 285.946234653681 286.221792671111 286.56245645162 286.254099127742 286.398288183165
285.571115703815 286.219370936549 285.749867519864 285.788094314467 285.955815890375 285.798320240932 285.970586290674 286.167169700995 285.998998674287 286.21297791891
285.591570982566 286.456575312022 285.989594246036 286.354262631487 286.027625354358 286.409462341728 286.220261583981 286.322373868167 286.275563540985 286.449164246492
286.619963350813 287.182059403719 286.939797225998 286.778518828169 286.772187123582 287.032300894467 287.062145760851 287.007877389142 287.086680849325 287.183615574794
287.609345217703 288.346904479901 287.769997348705 287.774465585662 287.948327541076 287.951561086061 287.830856423021 288.048510324397 288.200201461717 288.064519034878
288.625775017338 289.152796177969 288.749058109549 288.774110563477 288.848807890237 289.05197885284 288.744002044229 288.874903553691 289.125463314099 288.980831158899
289.337176439611 289.917188416818 289.562890563625 289.590961219076 289.450259492175 289.820134153942 289.605321114954 289.775064123521 289.831620461169 289.610228066222
289.717134133759 290.169743535159 289.789036738804 290.094735688821 289.791959159337 290.138919866237 289.901786626158 289.871106790085 290.063991848633 289.879175182213
289.734675675689 290.072590756071 289.763387015037 289.799331203097 289.691263096123 289.940975652796 289.690998921403 289.740133578226 289.904012262222 289.919092776679
288.947503292634 289.264293773444 288.886746751517 288.906358892101 288.859461355738 288.963742702821 288.733202320466 288.776110312618 289.090934846345 288.965574754436
287.919644993757 288.120110661578 288.149500926915 287.908871434716 288.006584575768 287.970336344297 287.790936231347 287.778118225967 288.059729865671 287.987442547077
287.036802304477 287.132313006609 286.956431119955 286.842902267985 287.041023145665 286.823531693035 286.728177655518 286.565160925277 287.107988222113 286.797103763975
286.40927924977 286.380640465047 286.113051203659 286.056357041633 286.133709079785 285.971480586824 286.023778823199 285.785384613471 286.066816363247 286.026109187215
286.182989024539 286.006481999222 286.123825379321 285.695340732465 285.985189374029 286.086311328534 285.534749151019 285.510180976906 285.973501280645 285.874356501469
286.416189141173 286.269000929926 286.264987499436 286.180395207213 286.249720948204 285.953078421998 285.765047833052 285.84774785351 286.257473463407 286.263497362293
287.006216400486 286.899953808999 286.987198750938 286.770705647127 286.909718361399 286.827399681129 286.664322052357 286.659247370311 286.914675767903 286.783386962234
288.187138799108 287.915663400712 287.980412171489 287.795791073615 287.890737017245 287.617801610939 287.845808156944 287.660689126279 287.890762041464 287.962042142837
289.01020027269 288.958523168582 288.836339724877 288.701705189121 288.903711358147 288.671953921922 288.740224669639 288.497986867978 288.809369593215 288.859112922031
289.766424893386 289.578175004351 289.47485111565 289.464518786406 289.609974963031 289.348534713382 289.573980117438 289.406058037713 289.526216013356 289.712317316002
290.07648810235 289.974574841347 289.97046855549 289.939584147061 289.917424550498 289.807032443787 289.840669505988 289.737326268146 289.845662913477 290.04422577045
289.938533939169 289.694585421956 289.803677336498 289.693268917594 289.871675282861 289.690225455359 289.607910082814 289.569527232421 289.653124162084 289.851112185532
288.95125509238 288.705497508987 288.915741435075 288.953102671527 288.932619349456 288.758656281223 288.867202670087 288.782370603432 289.004976087514 289.172466327486
288.047136867551 287.70529303986 288.064779908543 287.924717366336 287.935042424062 287.743394223321 287.993788627316 287.804355762826 287.967854334764 288.169018084224
287.047906074952 286.659803295041 287.275761909131 286.89803980144 286.826190625785 286.859255670819 286.734822346517 286.948301084591 287.033627327167 286.942538105046
286.387780859192 285.961883040538 286.554597905498 286.060412257218 286.165316184689 286.161968239142 285.861024710549 286.100147477594 286.220524745091 286.021422808635
286.140945849679 285.603710409458 286.278489804296 286.100435316901 286.099213357634 285.883051105233 285.670231241721 286.152661129519 285.993777831896 285.653478497327
286.592508602562 286.124760889721 286.325839567648 286.10642602608 286.233397690219 286.007213826867 285.850200452362 286.059135891073 286.121615229536 285.883636785317
286.891670493213 286.703474573165 287.368908492697 286.876312102315 286.958156733845 286.781619504775 286.602290571327 286.812764224914 286.794570617693 286.80477232928
287.909862815679 287.750039282852 288.232037411103 287.774012513596 287.936724203137 287.858704382934 287.722095382618 287.84214512654 287.897124647941 287.897149504902
288.843055720994 288.578827432409 288.988061317774 288.853149057503 288.992943345267 288.765528651235 288.740868242477 288.786454594822 288.832177041625 288.834970989123
289.591538757978 289.552875484305 289.775612076837 289.671061751095 289.681024892051 289.662797444316 289.348405067028 289.478998074654 289.533044713477 289.482172024613
289.975444921874 289.748783813242 290.10682084747 289.935297562528 289.859818026601 289.87885786508 289.9050497203 289.994340128678 289.87701917971 289.919246177082
289.589913463603 289.821015031263 289.964743480351 289.701632053041 289.708958817677 289.638238902969 289.836715288422 289.680110771469 289.565527793866 289.651671565768
288.923786372342 289.089128269634 289.037780666652 288.874625892137 288.901888768736 288.794071395836 289.026555990886 288.840811595773 288.761130315605 288.827201987486
287.969979062345 287.957994399088 288.092898400148 287.918593144786 287.874260638782 287.89349479018 287.835599125927 287.810372429105 287.765278647568 287.747981220024
286.955321530951 287.01307302661 287.101717146623 286.812994712947 286.83461360098 287.075896780716 286.90811873593 286.899813199498 286.595177203043 286.796499312811
286.066436778792 286.142173753836 286.271874155107 285.925268325928 286.088596166338 286.380673653083 286.041078854028 286.051303338296 285.702623943706 285.833693847021
285.586586799303 286.176021513289 285.737185540043 285.670301353346 285.897097145665 285.969902259621 286.025348974639 285.768902182591 285.676375727212 285.645299143878
286.055119028171 286.361999347659 286.038454104259 286.195662628536 286.264502439669 286.379214515997 286.371605642532 286.160890340407 285.881751367866 285.917211004495
286.737977652607 286.90617564052 286.80180797725 286.566106455049 286.738625548425 287.032205831973 287.157885877443 286.745518057474 286.67837716593 286.687074958624
287.849578039953 287.96410092604 287.731998258892 287.818899292727 287.803689457055 288.167707882674 288.067111028369 287.789531956568 287.716923675338 287.839044163342
288.795006830635 288.984540826786 288.733248890129 288.654662597383 288.825500043199 289.084526079224 288.945478722898 288.803728094036 288.60394131203 288.689910582014
289.565185737461 289.639779311717 289.364462501468 289.526005963112 289.478246215751 289.704869496086 289.705803009138 289.605263990658 289.444591856889 289.559868191758
289.972139701346 290.107867706198 289.937630369665 290.050234420309 289.681452853737 290.022533472868 290.111667078535 289.941035202639 289.95961675505 289.857809038257
289.690984843428 289.925527903409 289.770578108851 289.838574420456 289.478185596589 289.857490654884 289.949942211603 289.791891853712 289.782059627118 289.571801170198
289.037423253341 288.94094617606 289.006551878836 288.914767798673 288.686292704575 289.085127686591 288.898235504957 289.014918355789 288.961142789343 288.729790293109
287.981621437517 288.120661366392 288.058514787315 287.853545853509 287.670805367408 287.942816793108 287.802308230585 288.061539306275 287.848713271637 287.810306048736
286.819399989779 287.060288568357 286.896840459079 286.793386366335 286.582908674871 286.992677049746 286.947589975682 287.077605220397 286.740812553159 286.754413759888
285.94437135012 286.168269284287 286.155938279098 286.135695451045 285.841143624353 286.284011101899 286.066787989221 286.255872889408 286.005090489983 286.222481452951
286.001782465739 285.969500531206 285.978668467488 285.853544907369 285.661783528197 286.010716581429 285.86150391096 286.238371323765 285.782571198846 285.906568264338
286.088732448048 286.232768571884 286.173320554935 286.100591793934 285.860916680817 286.14870021221 286.09094809615 286.433203951436 285.724560473516 286.137006748608
286.834633571286 286.917399384857 286.664704432092 286.860881955189 286.486109937403 286.949837744917 286.955963782273 287.153505443161 286.525196736417 286.902376941931
287.998234443764 287.817496762012 287.939386731261 287.891373074192 287.597334055159 287.961456962095 287.873760625631 288.054925377092 287.738515583074 287.927852588718
288.90541630689 288.974906061775 288.99744555481 288.941444715568 288.701805359893 288.914588472344 288.903383045641 288.906630792934 288.741061069459 288.902286784383
289.585921977625 289.650809775487 289.771631792221 289.689142336746 289.482062350494 289.492581502501 289.614112215394 289.617517287101 289.434787656769 289.661430324867
289.862372148579 290.035004015058 290.011165208056 290.077302524784 289.853855811731 289.855760530308 289.979216313937 289.991457018059 289.872806268023 289.873898189248
289.7517715192 289.924364240917 289.802919717881 289.790767782698 289.754295824411 289.834617720724 289.745386905946 289.741229992842 289.675932764752 289.823280600343
288.912930359455 288.997746551278 289.054461616539 289.017401814638 288.846916200875 288.946798359857 289.051379552107 289.05807842403 288.937360985222 288.891290598286
287.865975547964 288.022623670028 288.123277331806 288.068315719209 287.910805168201 287.777558886038 288.012630083277 287.955545473429 287.943848107633 287.970943016491
286.935183123747 286.880342977059 287.081616769219 287.148099767982 287.058348500634 286.941647008297 286.962960420052 287.008248477681 287.008291432138 287.023111759927
286.165265634972 286.274684256621 286.541036810456 286.583034735091 286.202818642764 286.012739410598 286.015766017255 286.10977672455 286.094364083995 286.122695220024
285.951191368787 286.064073395542 286.104801693048 286.274750696817 285.935784062497 285.818372367931 285.632888644593 285.872973621636 285.934047075378 285.822963064915
286.249498596193 286.182671041749 286.03737980633 286.45735819838 285.964270803402 286.164380101454 286.036806378965 285.987030082945 286.32397107025 286.373379936784
286.873817009728 286.925372134492 286.772926554565 287.387542642186 286.829087143271 286.782212626116 286.784175419054 286.896028178435 286.884902023432 286.92805694508
287.980939922541 288.105698050784 288.018692657477 288.208324492126 287.754857838923 287.796404179897 287.846992862483 287.834595537527 287.817263198748 288.143861628256
288.913725467174 289.005197791932 288.90585127485 289.21276876676 288.770958785124 288.732082341116 288.86868314319 288.761018362732 288.941981288422 289.061009764375
289.639309925296 289.731958001042 289.689838004368 289.968724358133 289.662906024844 289.658133696418 289.509030568555 289.496598126196 289.611946141823 289.765376748646
289.945169409425 289.98453292124 289.966824506098 290.191474648651 289.929913973381 289.918355739521 289.927593585157 289.843372390236 289.936353580956 290.165496763583
289.864585992889 289.855766896046 289.850523200988 289.994231451487 290.002096603364 289.9531953949 289.841881235253 289.795578253895 289.782355618031 289.857204852725
289.074128654691 289.010759671514 288.917243914904 289.135670859277 289.108497329161 289.170152723923 288.891914025465 288.833975772303 288.797187759121 288.963453087499
288.045545692695 287.787514917593 288.058274106603 288.042597205695 288.084678101636 288.07529414914 287.848070429697 287.901289758666 287.802659753408 288.228684857699
287.033862203173 286.863776312422 287.012646667359 286.972204337008 287.118808279133 287.123998085102 286.752367044315 287.028903215521 286.824952843463 287.175384849218
286.276610840154 286.052118867449 286.150801099821 286.315189341098 286.226999750226 286.367869951084 285.980308985434 286.184423471314 285.916496862672 286.554692251565
286.359506023709 285.700870932092 285.860962460488 286.025039585249 286.008265117074 286.458778512043 285.671975146526 285.90208202804 285.821162508792 286.319512954108
286.738193196636 286.053125304733 285.95668177354 286.260911040796 286.458536536672 286.488026714088 286.022368939588 286.311470064152 285.972027057252 286.247342266536
287.235194271633 286.69053128076 286.788122082653 287.063048530929 287.07835367919 287.199716840464 286.95566641832 287.124233189197 286.756579084859 287.064309303594
288.183965669699 287.804957120616 287.889599761747 287.961488473731 288.125215849918 288.200395966504 287.910586721318 288.012084484754 287.795084649615 288.125051218974
289.075049003343 288.711345249561 288.888944865449 288.916108923649 289.051753164555 289.177961300724 288.814367565909 288.933077276939 288.722007651257 289.075819372185
289.934811735759 289.580166738248 289.624425244914 289.628360238822 289.635335002912 289.785967452524 289.70227596246 289.85220704392 289.517805628103 289.753550682221
290.215414787615 289.986659505115 289.999798985221 290.116512168672 290.174173284563 290.217573263539 290.050098979985 290.109031209534 289.902286115995 290.198451607124
289.968519534729 289.845704393381 289.926519285221 289.857813926097 290.060504030771 289.983360577818 289.883634028036 289.97500204183 289.635284378867 289.871139057807
289.073573818201 288.757847393674 289.084090985745 289.153641061449 289.1896256568 289.29397831224 288.956113032638 289.216938941623 288.967011016808 289.135778583898
287.98202223887 287.839884567141 288.224528563181 288.052927708979 288.069291444252 288.178806476236 287.801239115302 288.19907258858 288.097619831692 288.026193150503
287.119738622384 286.931905995018 287.268014279803 286.942896300509 287.032428331335 287.216838211482 287.09668392058 287.092907524135 287.134795104928 286.920121114935
286.256805329629 286.137850391151 286.389168037757 286.243869110647 286.394387566789 286.489800692408 286.245017591321 286.208246795168 286.249106470591 286.093924522144
285.971487901359 286.093381401409 286.267546097617 286.147093106733 286.220745179263 286.086279102309 286.190227408948 286.135785327461 286.096224355379 285.995953648562
286.364794613644 286.08938996787 286.519268705917 286.379571649477 286.256549145839 286.319081908062 286.381781221417 286.487371122454 286.244397750405 286.039616271514
287.149088121298 287.014947459922 287.200842806509 286.873733285243 287.039958245646 287.130839045462 287.048862143947 287.160756543136 287.168785072088 286.780098069808
288.247898186223 288.089650083298 288.215691396123 288.152161066846 288.112040545625 288.058610637925 288.121711009937 288.102832333714 288.114167675977 287.621038975226
289.03756671633 288.896351637353 289.13483538503 289.051675453936 289.014326271112 288.992074431665 288.955706253052 288.911007924375 288.950264212579 288.73706390736
289.73544169891 289.747307085695 289.720481206182 289.650719042737 289.705743396946 289.670235629531 289.867756408106 289.666447220573 289.608348132903 289.532646367777
290.019729748141 290.158966922158 289.996643271483 289.999876452999 290.124539607116 290.043896899288 290.206625875506 290.110998655306 290.131682426318 289.780791648298
289.904193209327 289.876901458979 289.967388526439 289.8159946228 289.85343090167 289.834051296856 290.159677086656 289.997187434508 289.920019994689 289.600510714959
289.15850995448 289.069100310762 289.002018656908 289.058776951345 289.027297253672 289.037289420653 289.260008115727 289.147449217412 288.912103804545 288.97038634854
288.059000608171 288.110583444742 287.84188365447 288.219735159117 288.079320266758 288.044957307679 288.182505757155 288.116760361107 287.686713948891 287.778479032696
287.214707942904 287.035419855359 287.002260345328 287.120391594259 286.910479930164 287.086310509521 287.103282537402 287.163385419356 286.91215605858 286.759728142546
286.316128760627 286.281596461455 286.228567169359 286.401482224904 286.067092250202 286.205453000757 286.261536532543 286.431882740225 286.13110106484 285.951515745315
286.252507334312 286.237415782515 286.029333361406 286.157599948406 285.826883561488 286.098684871014 285.911208944851 286.101721167194 285.778659930694 285.709738595188
286.176390201717 286.321830057094 286.199213343116 286.361429453295 286.023760897761 286.18575531572 286.068028570319 286.361760606091 286.098131896853 286.03919569254
286.93758433257 287.020248805484 286.933116849192 287.172957267306 286.979540680984 287.123564695094 287.079247234616 286.924265866977 287.067389964818 286.856445931793
287.988500875014 287.869864101506 287.876810056135 287.928229826421 287.969585960616 288.245448577508 288.083191581189 288.071042980493 287.998500810982 287.999923525709
288.959225012146 288.898696908797 288.688931943847 288.830065617598 289.027403186537 289.039077140618 288.883423804641 289.038472559336 288.874907073347 288.872889964831
289.707578028383 289.546491510722 289.518720354201 289.726546565967 289.601176944505 289.819266243776 289.657451918654 289.749336256928 289.577937163566 289.624816970356
290.051850129107 289.769146056607 289.947849344324 290.085801155815 290.002456011259 290.10132484473 290.02009500246 290.217334893312 290.206102156853 289.98461297486
289.798758593331 289.89525250241 289.826497756067 289.783304522275 289.908949482493 290.17913744558 289.743026374874 290.123004993553 289.939645088675 289.833617736477
289.059217527042 288.89271074642 289.111085716378 288.999152980512 289.030741468814 289.300141257452 288.951817671421 289.143451827957 289.2026106355 288.956717148646
287.985741716474 287.937039551577 288.123391314409 288.038501054955 287.986531638516 288.276399685418 288.026133117086 288.301946676376 288.165144119693 287.873715922582
287.275486393318 287.052476615332 287.060331219043 286.959305187061 287.035913131351 287.490531505798 286.920231132147 287.190619923954 287.078115778037 286.933710570221
286.268218030707 286.148170431476 286.239844559641 286.169543558308 286.30131979059 286.750596043994 286.321709485872 286.549371354596 286.459527321269 285.935024925355
286.099239678567 286.100391524512 285.946001043154 285.812176642685 285.89332995402 286.520999999031 285.916951065631 286.156807881788 286.128058097605 285.843289133768
286.071242375605 286.118454232714 286.124762898366 286.02944776966 286.022631453287 286.610051403208 286.144119297431 286.53314174715 286.39331371506 286.240540461453
287.032108648083 286.997074581318 286.999515377639 287.054852139133 286.866606142847 287.207787752328 286.887700977371 287.239522852746 287.176273069395 287.005263079146
288.125736537765 288.018268285387 287.944138042147 287.919731383735 288.090026643933 288.287837807939 287.89552258455 288.247037491206 288.233223171731 288.071785641474
288.908071745216 289.043406106481 288.970827720601 288.908892040912 288.996516107587 289.139569482885 288.942509769085 289.259964164777 289.000206910319 288.982460800273
289.71168804552 289.713885781544 289.53844818379 289.604186439866 289.694765426515 289.897716098576 289.700080068616 289.919790327832 289.682054719741 289.662811741774
290.112953892875 290.132625626381 290.067832238198 290.019317238357 290.158171863782 290.285712327921 290.180409341513 290.126979213192 290.194496536888 290.120642903481
289.936079346965 290.088974000896 289.914165219025 289.834024628858 289.937282137686 290.066972776334 289.940217235342 289.983296970243 290.119322029621 290.093944482565
289.040180612329 289.212812400565 289.060885909429 288.8558385331 289.092669151511 289.318420367893 289.173483460374 289.062255186831 289.344619127715 289.229164515962
287.911009739139 288.180565058516 288.059544604863 287.80510739078 288.097335253772 288.253193237261 287.982221047974 288.130277597288 288.372244179851 288.206768846257
287.130181624968 287.149071942208 287.189578550861 286.954054762682 286.973571660057 287.263569987014 286.920474202844 287.37291130029 287.403703871424 287.262350473208
286.171659649899 286.515503091993 286.32568972416 286.169777186607 286.37650271899 286.507128805495 286.354279898916 286.399647332258 286.5741994037 286.442234846446
286.088037962602 286.148524802313 286.08133118481 286.077198062299 286.096590884024 286.017765297591 286.171038538378 286.112377102547 286.551708436439 286.20945422284
286.287079618291 286.546124422605 286.23154476858 286.22271893917 286.261878651197 286.344305607692 286.352677361674 286.327681054644 286.740261368419 286.506797293093
287.008516452191 287.104967430923 287.015073252781 286.925522918408 286.917238090614 287.099509001464 287.097439262555 287.157440189908 287.445998148859 287.291232610017
287.973531597467 288.161340316869 287.88381140939 288.05450094097 288.110798540516 288.019511932286 288.040931993893 288.177010737463 288.408038120747 288.297886236873
289.003725079238 289.105066494101 288.814626575227 288.999899235782 288.93994708079 289.000416675518 288.95962024845 289.210224427633 289.452096692797 289.164978342462
289.743000038371 289.861991417386 289.50940402341 289.74455185399 289.681287292733 289.735933384588 289.762490807845 289.771185246513 290.043282228648 289.880932159508
290.081453817692 290.219912088237 289.961313479279 290.071697264473 289.99553083884 289.962222438641 290.163772374693 290.311104724443 290.465321313517 290.185931727106
289.941528572923 290.125029850915 289.821793763448 290.005800572691 290.002234428298 289.702700871231 289.974088876427 290.049769011491 290.300666471587 290.04473200998
289.316368567963 289.387914737708 289.068248463496 289.209486891857 289.121474750381 289.057893260875 289.132583382301 289.338107821306 289.421297605904 289.163653689662
288.359283459574 288.281894052328 288.0414008557 288.14011355221 288.175105287976 288.027591497097 288.094838720109 288.201152160536 288.432726857535 288.112814719499
287.498854684493 287.464002544229 287.341805221609 287.321971885101 287.138048516868 286.937986253718 287.050279981345 287.372537003056 287.534061117069 287.022598893132
286.845093140893 286.648945210943 286.409843081019 286.453620385653 286.233082549097 286.125299394212 286.287698961308 286.631872889665 286.760477728985 286.234991408326
286.344437423693 286.441342537587 286.254579897606 286.348432085778 286.1323276769 285.992485785889 286.199976889027 285.943555000548 286.539632299924 286.003823119492
286.808278192468 286.419246754973 286.28980638301 286.706771931201 286.301562797941 286.255681954694 286.211430624203 286.194405501052 286.828836481828 286.121518102798
287.309831406583 287.203859938169 287.164170073886 287.286280529185 286.971368425025 286.946630761666 287.124189160608 287.223655397927 287.597920627591 286.793153341205
288.468065847415 288.191298101039 288.171343433238 288.306066768606 288.167748597578 288.05557612364 288.118324457056 288.073370625724 288.504117861891 287.856855192532
289.407347840081 288.975912847584 289.152036598732 289.20833381606 289.014706319463 289.170386469757 289.031286473566 289.108951719431 289.429716984981 288.84580421086
290.107265304681 289.677140879381 289.826796996849 289.874436704523 289.832431141405 289.750609188053 289.922368984261 289.834064641142 290.071606407875 289.689209737997
290.610160485426 290.061527399426 290.177547342725 290.233733307064 290.167082502307 290.07314705371 290.401833056794 290.258566023016 290.394169027173 290.25261579308
290.218880826661 289.98967039931 289.961430986466 289.928060847009 289.930798358514 289.792846308778 290.002048646317 290.134383813494 290.282586015445 290.063167754196
289.41564319928 289.275003705128 289.186046954855 289.189713966731 289.117580301845 289.174770794244 289.263161490415 289.200764742678 289.436318536341 289.175028273683
288.439579642771 288.021188191545 288.050773829184 288.289299580484 288.032430265374 288.36757561341 288.146587709648 288.072191795558 288.334605243504 288.186864367963
287.655909387389 287.088136540251 287.11552831563 287.390374073759 287.235800024191 287.276719401322 286.974471678299 287.132982460827 287.252632221318 287.061497568813
286.801167732149 286.377259775858 286.083796329399 286.612546874694 286.335877610226 286.461364378709 286.375255324592 286.195591426552 286.424441267993 286.521251321628
286.571492056813 285.863811084802 285.696025699903 286.35265515791 286.087507244264 286.435649165932 286.025346037078 286.018159473165 286.279156017177 286.313950879751
286.675655857858 286.297661668908 286.181086489161 286.419036764405 286.407873497346 286.752057333448 286.4297792806 286.276530449587 286.419704476832 286.551850824934
287.388546188119 286.820910265154 286.922529723053 287.148273926299 286.985096575621 287.18601343748 287.050784800518 286.951588527828 287.139553854161 287.083051485443
288.488909370137 287.891594160017 287.999085833175 288.132157086808 288.18093968154 288.289957369566 288.033520744716 288.002963942975 288.321050590859 288.118035818649
289.364437034243 288.768209343551 288.950021066147 289.055641224559 289.123535372508 289.178674916909 288.974038495617 289.017099352229 289.110424369744 289.078891545786
290.042772676326 289.495884812173 289.799757733319 289.740130047761 289.913078548512 289.865152467643 289.750690940343 289.654826973698 289.954555796819 289.898547036649
290.36166484689 289.851898784062 290.173597516476 290.065987262486 290.258017998509 290.329179785443 290.077565542099 290.080085819054 290.31682603951 290.301943118824
290.154859911465 289.774811647081 289.906007587449 289.900816596608 290.040350232209 289.988002808528 289.8704528435 289.815896595986 290.208438301028 289.971121747267
289.25555733497 289.022051048349 289.081290764085 289.040770849737 289.233153756196 289.143610465179 289.184387480723 289.171604995669 289.233411736187 289.108304683918
288.293680746801 288.044942343546 288.117631117336 288.172579630211 288.393312922666 287.985968565063 288.106606865501 288.168421719498 288.218195620624 288.183099044469
287.270245084057 287.06900178531 286.961316342546 287.215990766462 287.303871015317 286.888297218112 287.18230920244 287.197831835457 287.044374316163 287.156697576848
286.44956297626 286.41341707547 286.214493586569 286.672487173438 286.508483339914 286.267513291447 286.268995029878 286.406987065944 286.339981802111 286.284960160497
286.04241683917 285.914817389546 286.024556058224 286.286245372081 286.274186235008 285.819060140065 286.042442096284 286.301213997923 286.319129594149 286.101656435598
286.227717460143 286.501544510886 286.170977774218 286.522222878136 286.462431128338 286.419617943695 286.272745133259 286.440738893013 286.233094490506 286.415152885989
286.948455970689 287.227854537188 286.975578789691 287.35722037039 287.199332461629 286.999633420481 287.263380827701 287.1137530064 287.016268352219 286.936833733044
288.050396526451 288.241887464374 287.992452466278 288.329137577112 288.334988896447 287.987096172636 288.283468283671 288.200091569272 288.185516733063 288.000592677174
289.059099367254 289.211973584584 288.953005834503 289.260643350077 289.309968432581 289.054996024986 289.166162544768 289.035295486949 289.117389297641 288.977071393551
289.702453626377 289.957607825107 289.756075042628 290.03002663974 289.847682263081 289.666275910206 289.765597957396 289.634646032588 289.915428105736 289.862825587064
289.988762326562 290.367313530735 289.867059621284 290.3277732257 290.200061918389 290.107346216562 290.218559267997 290.067861885686 290.245188314648 290.254545649371
289.927796466893 290.275018572738 290.094008015633 290.091466022384 290.149168071436 290.03992317825 290.035919635149 289.923244261269 290.230444633546 290.223795753402
289.047324351049 289.34615449457 289.247772106167 289.285534188893 289.08489942956 289.177712101833 289.210837244435 289.174954323872 289.453979725239 289.282317199146
288.1083286688 288.392009212494 288.29832276329 288.320682236342 288.192355277301 288.209439517667 287.994106144986 288.139272818449 288.267803940384 288.344012726999
286.955058218005 287.487434306821 287.230341546113 287.286366099105 286.985869856476 287.241422091811 287.191010163031 286.955630800232 287.340644453654 287.289960230414
286.198803968849 286.860997271811 286.37988126805 286.446921191268 286.166438096103 286.376798319522 286.495165715057 286.399761503577 286.818807345644 286.521870217602
285.839807043827 286.582145216117 286.179991118562 286.416496052433 285.687767531313 286.245959558187 286.243290442236 286.087030292494 286.438618649038 286.322325385424
286.207476856171 286.704870696721 286.428580827776 286.348371838754 286.04172268159 286.385182840064 286.522534480576 286.393720271045 286.773720891263 286.601310184795
287.003666167351 287.380423869365 287.159823961547 287.052181614229 287.020494146862 287.292127832587 287.200815413114 287.103064452466 287.462655372948 287.275008970311
287.95573010077 288.218621259463 288.031669153454 288.099141573 288.120508875041 288.308966466383 288.184506070989 288.20863993875 288.489956210574 288.249404521884
288.869540141748 289.290449369262 289.054878454183 289.086712972724 289.157217589758 289.303250597584 289.184124461686 288.89519515393 289.374181492314 289.102926027792
289.639832142606 290.134077077576 289.858454589899 289.815855267763 289.763996920298 289.956642921899 289.912451227018 289.80174158528 290.078768124276 289.827109967657
289.998912734723 290.430225314617 290.230076783284 290.190138427546 290.106489715361 290.394787527163 290.315775802584 290.158435384685 290.563813020129 290.140637598066
289.895314220411 290.343002544007 289.999346037305 290.042626800459 290.015349349056 290.160682228243 290.129883183104 290.110313788182 290.39281193923 290.179556756687
289.096058104879 289.477016315185 288.909013242915 289.047724888057 289.189715247963 289.45346282566 289.39518868808 289.287667771583 289.456822326433 289.261890951356
288.101694401106 288.366586681396 288.216743758934 287.988003762531 288.048439944554 288.300695128119 288.467289254235 288.428176672629 288.553185888364 288.106424137915
287.18491179337 287.453461669035 287.141762329235 287.116322699403 287.171489733164 287.280675720073 287.433596734698 287.362056265928 287.25149017179 287.183865410091
286.327307170277 286.673803326289 286.374604340076 286.440612613968 286.354214814205 286.752476378055 286.693971230628 286.650444110182 286.715253065738 286.293337894093
286.158299091923 286.346527222746 286.109704506257 286.288038022169 286.078632251489 286.408310134639 286.272864507954 286.332064198887 286.48691070075 286.307933834815
286.323018888671 286.379100685533 286.406477001706 286.460013985114 286.503046364984 286.729746865111 286.567290843896 286.670862397932 286.562873351776 286.282762298414
287.068570350347 287.379018346884 287.130894529187 287.031106642463 287.186976451331 287.344171562081 287.304105407595 287.271820251907 287.246417446858 287.166764990958
288.17712249767 288.272941579122 288.183928057039 288.116861073503 288.192167436132 288.459806794431 288.43463643598 288.403427097685 288.320576104658 288.168908052474
289.151121174092 289.2154993349 289.251530206915 289.09126860301 289.171259215768 289.267796179109 289.252067416419 289.202008594833 289.189399411794 289.261343508023
289.833468805839 289.956205816073 289.863312433046 289.71829925031 289.974770744841 289.827264448726 290.160934311038 290.080355173852 289.858957437977 289.859091442817
290.472836250481 290.32138642704 290.306034312928 290.354718159669 290.229029299823 290.170271020827 290.491306256978 290.397413993232 290.302064823025 290.167732735772
290.136900743212 290.073762769608 290.229204484524 290.337133340573 290.181888627352 289.971837789964 290.119032865484 290.305588286388 290.234866052228 289.965128827953
289.162637931235 289.281703597424 289.456983516177 289.442777994409 289.466127921869 289.258261726955 289.236129709946 289.516112210148 289.438791374455 289.245711611256
288.230673643736 288.323605337466 288.362503461623 288.431937286058 288.416741127377 288.132105564482 288.04982924362 288.47771568977 288.24035764519 288.269488782639
287.31316660787 287.377010087418 287.349876719506 287.410617851499 287.571023671119 287.252461567518 287.011392063437 287.448024778324 287.424589604216 287.258807129039
286.160005221935 286.536526548651 286.524445791588 286.575149482914 286.69682438599 286.256462037856 286.174651059031 286.634131167189 286.879671324225 286.463024486945
286.001003509547 286.201470274293 286.487305262647 286.263989430282 286.469324670651 285.89855670757 285.984285567181 286.5286845042 286.18702417344 286.174096762616
286.346189015234 286.462162651074 286.614168625899 286.79646520583 286.806797789294 286.326336126722 286.113858495228 286.708631161537 286.5928684667 286.332700764414
287.090591033201 287.159966559311 287.531755840932 287.317056390167 287.413903353702 286.969714252679 287.011292422905 287.258291075608 287.142455583691 287.057659252257
288.179510872848 288.127788212067 288.387304761563 288.437024196989 288.494933554543 288.200925303723 288.175836531879 288.238731767168 288.156257317145 288.230339589494
289.00770693678 289.215370508032 289.229655142376 289.266036330899 289.354045287359 288.988883274495 289.053489184882 289.226446139587 289.309555370626 289.089438309677
289.846729330031 289.79416955087 289.86530394254 290.016887896125 290.047019594771 289.674044369511 289.705268650413 289.965539746155 289.960295991907 289.858720003927
290.203595126567 290.138199025286 290.35167913871 290.352303361028 290.435462540776 290.118705170645 290.131774765368 290.427973727043 290.423744233714 290.502291163008
290.073477436015 289.914329626736 289.921466121204 290.237141798047 290.154231016318 289.981763935184 289.90165219853 290.015799233782 290.242733421424 290.245535912132
289.238919216516 289.079027289387 289.042078315925 289.348183811878 289.316765241539 289.205801365682 289.217770986538 289.05078923878 289.461917823223 289.29943046864
288.329505605545 288.098436865745 288.095930192839 288.326691862667 288.286334140448 288.28942768313 288.175450465842 288.208586198887 288.277728553719 288.485445146571
287.361059650918 287.241941488395 287.133089730309 287.372104200762 287.261948129173 287.229997678837 287.062013704863 286.916179191404 287.011055112762 287.633765049798
286.56489455075 286.433914257785 286.249523534647 286.527023912288 286.374066816586 286.492976659624 286.42063261191 286.206870509551 286.248867894288 286.703828799866
286.513175928782 286.244232246731 286.313398746373 286.259086032406 286.348758776437 286.30553646017 286.174940347136 286.038814059829 286.096695423782 286.497893421964
286.526608223391 286.380047266836 286.582068160824 286.552498769378 286.434996880653 286.518321816163 286.578690117915 286.329044331077 286.460664955552 286.626868910225
287.482294117347 287.120305552405 287.272055312458 287.234694312085 287.129829269648 287.284846226948 287.28174752115 287.183754946151 286.981384018939 287.450556201616
288.335855664016 288.144066546675 288.130133551052 288.217550435708 288.19354328892 288.311202693472 288.186595668655 288.262111237556 288.167083378159 288.46036132435
289.25166413092 289.225256401684 289.197182026977 289.131316401377 289.249899603285 289.393382716841 289.197925202923 289.091828937731 289.067820240022 289.378204317225
289.870902635794 289.923541769036 289.9819301292 289.92758045088 289.829827477844 289.972898460126 289.99530317169 289.907824538894 289.912085542552 290.098298639159
290.301206351172 290.222419599638 290.22958206306 290.283092046705 290.299204506051 290.272230446639 290.06545695807 290.278685811889 290.378616606792 290.508083356185
290.166281222647 289.966131629982 290.078447723852 290.253589445082 290.102042086335 290.172271428681 290.038677237818 290.0596038928 290.155899534021 290.289455003062
289.299541209792 289.329739452672 289.208380487417 289.412264410455 289.274545237659 289.451651686094 289.352042644499 289.305659021804 289.261628895665 289.351007247829
288.366047868577 288.173979575428 288.339332185864 288.539880986223 288.338375539989 288.472924093838 288.346027664391 288.393562238976 288.354110573547 288.215449163373
287.161898471944 287.179968206239 287.343447490568 287.58918515341 287.343130224955 287.372700228372 287.296454322253 287.477688380862 287.191467394783 287.327547798238
286.247779593789 286.431246162238 286.517651172417 286.830864789119 286.574650739899 286.721885482001 286.380438189142 286.853828783246 286.426722735411 286.57794497914
285.981496248462 286.144672032291 286.061410136479 286.450946823992 286.206419601253 286.561231243008 286.051190547714 286.270430060579 286.203369513881 286.284136389366
286.282833164646 286.296081456631 286.738169277373 286.722955382659 286.442420894124 286.640369548877 286.522370802802 286.573352196868 286.482976577759 286.411962814314
287.060895486606 287.026050272163 287.104168664597 287.541910037598 287.09544157112 287.333333885393 287.122503100052 287.282538636715 287.24897821634 287.249940509023
288.145798021111 288.056350265351 288.201899147411 288.40437108304 288.221995317078 288.30020332289 288.327678592196 288.402216736688 288.354615107263 288.145273255998
289.131101394785 289.027666288124 289.226347279912 289.351935345718 289.183519292223 289.313182991345 289.266138291441 289.39431032361 289.210825304034 289.143709723793
289.886033089577 289.762272422323 289.817926448741 290.044204171385 289.892486254338 290.085589194138 289.9239073449 290.195392533082 289.916951371649 289.909280698446
290.288275087818 290.185901780495 290.258918641474 290.370132639221 290.327755857318 290.468824856341 290.247534615373 290.460201969672 290.326211215401 290.292913219973
290.179344382644 290.113580057176 290.278744156833 290.094421228621 290.07199476709 290.378344161768 290.100741408001 290.329836708813 290.227278863681 290.24595451142
289.216365822538 289.345090882155 289.366690691659 289.303412214266 289.246216060076 289.596556973596 289.453757499748 289.339925788882 289.246457694898 289.302155631422
288.381400660397 288.460379930258 288.429661360482 288.253564862666 288.123549829094 288.47702745988 288.39690383839 288.428855109815 288.431770266469 288.473210235375
287.18204895049 287.511385318286 287.54036218684 287.392148121772 287.05191929136 287.495187894212 287.552990464666 287.416504276244 287.326471735559 287.396546980636
286.454712201326 286.650740598215 286.764766836378 286.46992160527 286.312993992774 286.554738238784 286.707117046129 286.681123572428 286.656535402012 286.714499896349
286.476642831531 286.354689392886 286.362756892729 286.301405133938 285.941440962615 286.577942022291 286.253525141955 286.444616321486 286.435341387926 286.508296209448
286.460376121171 286.430058286901 286.59005427981 286.733405484036 286.128293403302 286.544450345673 286.46392418165 286.458010147218 286.782537480143 286.690599538667
287.109250124362 287.293045441092 287.523912769388 287.180913374685 287.007195058581 287.242641835809 287.317910517081 287.26005886779 287.511077873718 287.277405480895
288.192176336333 288.131624258917 288.405580974249 288.307478986638 288.199983574404 288.301088912015 288.392125847355 288.374087489679 288.36400549035 288.303290343582
289.349828214863 289.238283736803 289.428458720433 289.348562638209 289.266502501139 289.398604241697 289.39244656888 289.348222824738 289.381875957529 289.408489093541
290.073696748056 289.950429223238 290.069466366701 290.029688641658 290.013054022912 290.11966629698 290.041939355646 290.113475897826 290.090815005805 290.065038911026
290.475367508074 290.318737584556 290.400163673787 290.437249006228 290.43217626647 290.406428338371 290.42309453096 290.339994774192 290.404231243648 290.404146895792
290.335786184536 289.98785867558 290.250589416753 290.223544986846 290.164248589054 290.266048737929 290.326407523249 290.179487691365 290.330626837554 290.122401642253
289.512121531781 289.299064237209 289.418670139573 289.641357840585 289.398651123212 289.130905144101 289.389738905174 289.416801942262 289.409055519161 289.215237703337
288.538706754831 288.38796057401 288.307055068666 288.511281914175 288.482005743021 288.229484869354 288.486830107445 288.389083695456 288.588245863335 288.270073598971
287.396074583029 287.457423033483 287.388677482039 287.499043773591 287.655719095689 287.204115208083 287.526698603907 287.313361621756 287.678051906358 287.298711088069
286.583152001718 286.523901557148 286.637497454226 286.92114569755 287.003617873341 286.608704399003 286.765874737698 286.736670896316 286.837262111723 286.484524729702
286.371908673653 286.181522137861 286.330559282181 286.639408547644 286.568709500673 286.197819480368 286.530702392575 286.486069799293 286.563504803733 286.248163695783
286.912015335158 286.475623773111 286.594052014426 286.860049222689 286.777863744772 286.292908332952 286.686273584135 286.599031718302 286.71022499338 286.642078355857
287.386995336492 287.248511355673 287.342001713321 287.688029796529 287.735667074572 287.117598728875 287.415727865405 287.345707805705 287.470940946052 287.264358878206
288.373556524077 288.153358621834 288.262075561024 288.719103191909 288.584067960175 288.334340652676 288.51353013092 288.564978470702 288.343769594698 288.281955456942
289.42671280759 289.127454701572 289.260919640212 289.544311834742 289.409916731124 289.223830826815 289.400686234408 289.315620042237 289.320512977988 289.238854112124
290.066723650796 289.913103106508 289.832723303944 290.264174414349 290.287734489111 289.924622769557 290.161019205245 290.134192391387 290.03691790593 290.018212519471
290.429059671262 290.380348966587 290.362422232079 290.693581286019 290.584638101346 290.272589862842 290.535677631973 290.376739989718 290.353717870537 290.379618332981
290.110036977564 290.357412065742 290.141745207188 290.550948739728 290.282707632071 290.083741497117 290.334946527959 290.442950933647 290.141206561721 290.159553500208
289.450872199188 289.420941421337 289.478559465575 289.757301804618 289.491880954739 289.273602866297 289.750528191316 289.66436731495 289.366916793771 289.318520159482
288.384597816415 288.473290970772 288.550881635542 288.518577943596 288.537507226139 288.372523565111 288.798131148929 288.516203521713 288.390799559159 288.487222812735
287.243784557191 287.562985615565 287.687588293278 287.604197966553 287.598360183701 287.543556582626 287.781152414189 287.555527152476 287.442703917871 287.614697600931
286.469610900366 286.539833955858 286.791708643128 286.865836318509 286.700603903035 286.560675663204 287.088304020993 286.73110377696 286.320068802594 286.638331424813
