285.322867505721 284.96485727667 285.428093392385 285.133711526245 285.335032525644 285.407428411615 284.974655032999 285.011861443007 285.25951467404 285.627401603643
285.327448412294 284.707841318786 285.006202470288 285.04940165091 285.387840086574 285.011240164371 284.630169520644 285.08665861993 284.910017169164 285.658154657544
285.562281907652 285.051239886439 285.516901719097 285.349179309642 285.569688836499 285.284555843962 285.128620558206 285.048037951947 285.246072829185 285.490970524924
286.054119705091 285.734489049033 286.278360869178 286.17804959882 286.281494865744 286.177877554688 285.694483476078 285.762895046671 285.923100983859 286.232825324296
287.075491656512 287.011479191008 287.252013568368 287.059564112112 287.325134474193 287.303095295546 286.774982002834 286.84251183056 287.002002854353 287.552872408014
288.139279336134 287.874874277227 288.243086220378 287.986747970119 288.251483763738 288.290454313155 287.70059117229 287.940602483481 288.03189645707 288.446012523746
288.942951896678 288.700058753468 288.930848705738 288.855567413317 288.798191288759 288.881935101978 288.50324224134 288.765968010397 288.835585444985 288.958251784048
289.260231945247 288.870922271855 289.159112530362 289.186741482784 289.292247565832 289.294792186042 288.949221132674 288.982237943172 289.235664765627 289.301406304191
289.032886919725 288.769903402508 288.975542328113 288.90404117152 288.909283665508 288.908204200874 288.776955911102 288.784138708516 288.961573252941 289.001389477273
288.126986688551 287.898607517056 288.064505448795 288.218943699695 288.156705078013 288.212976678905 287.900267477648 287.898960222457 288.252280474815 288.163478095826
287.09214578333 286.923405016761 287.200082451367 287.323099144802 286.872903142687 287.109336170608 287.078276722005 287.02949616171 287.139850606809 286.946835078648
286.076651368093 285.949509788617 286.275625034015 286.307889574754 285.893370568381 286.021581782582 286.126044790091 285.99345818925 286.243401424278 286.001246577086
285.129452755166 285.241990633212 285.264831765986 285.618703122399 285.121486821567 285.382961320022 285.150937514491 285.243943561047 285.643826078813 285.173357740599
284.845034266253 285.008683501015 285.006169413342 285.292640603251 285.10108022782 285.154668447404 285.035902709606 284.984461605024 285.304228736743 284.725644349574
285.163886415108 285.228699895491 285.426939308108 285.72322966037 285.256496082666 285.412726055913 285.501325493519 285.421522797437 285.452335637599 285.148567551701
285.969954655373 285.886279846414 285.96374122995 286.233366889802 286.194229006776 286.015470164994 286.194981846862 285.902240596809 286.514793418409 285.984685164854
287.039204443617 286.98901932253 287.379100969596 287.258661872188 287.101798349141 286.955973644248 287.176305875984 287.198099453418 287.473325617707 287.069038604445
288.055108066625 288.111359044272 288.093726551038 288.153685893823 288.032157502818 288.01882709386 288.202541577842 288.091045985711 288.298213009003 288.172726901721
288.822672578272 288.712532299075 288.804477727347 288.97818021402 288.643019407902 288.773455097038 288.775158093291 288.748276845504 288.997095827912 288.790026213625
289.147020616432 288.983760042723 289.079591816031 289.246583051247 289.142755939086 288.872032534565 288.943948790567 289.028568576209 288.915673583215 289.033211832539
288.856363128355 288.71673997711 288.729394689107 289.078642560004 288.797994975179 288.701435512962 288.641248145392 288.620492927624 288.702329760911 288.719278146574
288.14465363801 287.856304250354 288.017183484828 287.969094813742 287.978436947064 287.92983442656 287.783341142204 287.756388075102 287.79000746566 287.806748445557
287.113843462828 286.766731986458 287.024185417079 286.913315059145 286.86984162968 286.907081357135 286.734237057294 286.691552554742 286.73602814401 286.748156763867
286.093039375041 285.847064900436 286.061604684908 285.807193383613 285.877763546316 285.844722029213 285.394185787659 285.562507851797 285.609647950655 285.950191898365
285.237180036664 284.96896956177 285.269216853952 285.079857126631 285.096274241518 285.151536684517 284.785513672728 284.762093048139 284.912501303051 285.335277804482
285.23969923402 284.803743333865 285.151934197402 284.676812758168 284.895737099966 284.831884400012 284.50244612334 284.552451252654 284.774113888387 285.13003487818
285.600495328302 285.061640298101 285.417042943231 285.119201936526 285.014092995567 285.260124157622 284.857215100079 284.813578205253 284.964735662599 285.407468116376
286.168011624351 286.052848297449 286.039308053871 285.959077753729 286.008344079799 285.810301225014 285.74984972362 285.609272513947 285.612105395882 286.306222082691
287.301453166549 287.0941942261 287.106971463072 286.822946815654 287.073429854868 287.016253424011 286.756045912584 286.777338696919 286.810060857709 287.325608659575
288.201495893392 287.87939488173 288.012951748802 287.815145461424 288.101300987453 287.774672854648 287.568087252179 287.732121210024 287.936100145667 288.1991626339
288.758408094667 288.603517815378 288.655585945928 288.413445813705 288.838708089668 288.525651012947 288.304621879404 288.242228062323 288.605067764033 288.927185747121
288.970318619659 288.915178278821 289.014295188291 288.72794888547 289.041945639431 288.869979799233 288.805826611648 288.607314208364 288.98933023211 289.208828623601
288.789107682729 288.66480309776 288.723992945057 288.720859521648 288.757463183594 288.544489428636 288.573207756832 288.409075172993 288.727194785118 289.053105281316
287.863841786418 287.906308152054 287.691406604344 287.71379508835 287.920854935023 287.764664674135 287.79381469524 287.772070151599 287.826061282259 288.2117187563
287.019871000623 286.809902460914 286.744450166083 286.679394691798 286.946348849955 286.712001557539 286.699416924015 286.707085440973 286.881403005819 287.181853359224
285.891795600519 285.537228595043 285.79101272558 285.55397033202 285.945220829644 285.585008504065 285.635712916181 285.47475668351 285.866592908124 286.028606672762
285.277308609089 285.195193825749 285.021371212724 284.754850765527 285.065156073282 284.740760468402 284.952225459333 284.98138813654 285.293147983674 285.55723174445
284.878716304741 284.890843643862 284.758755205911 284.725109358005 284.803678555711 284.556489693345 284.77856470942 285.156013960067 285.014244427046 285.329005112661
285.043127649454 285.436994692164 285.150354006658 284.860834947233 284.974642280849 284.932272123075 285.246563735058 285.478089786564 285.304190361422 285.478599746652
285.902886177542 286.092709464329 285.885738463168 285.864709420442 285.733542050299 285.620350694805 285.746387083862 286.112232713244 285.908309316468 286.214899317323
287.043516884545 287.056188971744 287.062909162696 286.895313817665 286.839728099026 286.774195400297 286.984407739588 286.955838998073 287.0686196071 287.159259539916
288.016622481155 287.949421351543 288.042519332845 287.89219821402 288.047578251699 287.873300084951 287.875434911178 287.882266554095 288.045442398461 288.259891057625
288.688565669615 288.64648910227 288.728983329275 288.621539877405 288.742631569735 288.621593426136 288.663983225537 288.551114768776 288.713838935902 288.943318667684
288.993182803455 289.013808740679 288.926349447118 289.002554623175 288.900852874112 288.919971540483 288.968392511781 288.996384900703 289.088886076996 289.384949749518
288.713194161952 288.694010672518 288.736702543666 288.8910515604 288.869899290231 288.843397803935 288.971560063271 288.710709097542 288.747953520116 289.121364209361
287.916141636809 287.874437728017 288.040795151471 288.095701947672 288.048980671628 287.921564302755 287.995850599202 287.763002501345 287.958065039038 288.445729813871
286.982003608975 286.870442486096 286.898717132444 286.972143624614 286.920626779569 286.951664602493 287.012688184567 286.883785143495 286.809502357857 287.25418964456
285.966804155843 285.906858477154 286.119785343126 286.000204633534 285.86836436243 285.893010985625 285.998627483902 285.857394510459 285.766892029974 286.326733931973
285.089182400105 285.024834416341 285.32982713188 285.252144809936 285.144296877777 285.235248599582 285.173456968644 285.193355582325 284.988167119255 285.638105483874
284.982910808766 284.971629161518 284.934572852365 285.087705874384 285.048005054956 285.284666627251 285.22497881782 284.982725230052 284.851097010039 285.258011879931
285.204422676269 285.328232292434 285.280448299215 285.234072948444 285.426112306622 285.362350557278 285.618961617078 285.295933752696 285.222445414661 285.773554950153
285.973300404939 285.842061950807 286.152518124234 286.101113734037 286.081246884303 286.116959385816 286.279709583922 286.125882111542 285.829330375887 286.335749324887
286.940528775872 287.094601481106 287.056234221147 287.130812874487 287.013849581956 287.36183859117 287.175401572796 287.068794576586 286.980283256608 287.386812502045
287.878487054756 288.199559412728 287.988467481626 288.160875048629 287.943623486352 288.236681901569 288.140669614606 287.95497993024 288.010413122185 288.313938686598
288.586492694327 288.866238665625 288.777979013018 288.712864072737 288.649790581252 288.913662378672 288.742620186328 288.697389902496 288.82095732331 288.989460245616
289.014227670705 289.018676433438 289.026396241222 288.98126740707 289.022595513132 289.179157729014 288.993390119672 288.986151973014 289.117529347988 289.247749623399
288.862442337803 288.837251759543 288.923391137558 288.614238304909 288.870632334429 288.977866286527 288.597475422318 288.8013997297 288.919842479162 288.977610549683
287.87041647967 288.139719525553 287.993472301855 287.910375444 287.976342040996 288.024698153922 288.069640984897 287.915615008223 288.172549107462 288.20985216154
286.805665864417 287.095654071506 287.103828771442 286.8285747492 286.911632352568 287.112899919449 287.001453340934 287.068250511129 286.99192110496 287.269218433812
285.862718115337 285.893435983362 286.164471391744 285.679181034859 285.709267320631 286.084661058426 285.949817269866 285.755238309196 286.066378259205 286.015727760176
285.141742502786 285.257869826177 285.507359214567 284.957759289502 285.086599549351 285.459257443439 285.049887650685 285.164015868762 285.345058759777 285.198511635651
284.893994237244 285.144443194636 285.354861521806 284.774560171104 285.12724974423 285.40171966403 284.993144678177 284.687931886832 285.429063245184 284.891625433792
284.986556564921 285.381548636427 285.371386354848 285.073576062661 284.911411583399 285.525674165505 285.235285375207 285.313863220122 285.726601517194 285.046711425322
286.000004456876 286.067754216019 286.024197597762 285.912558104547 285.815558450439 286.245912789934 285.91393996606 285.961590660528 286.390509555887 285.824185754338
287.055831799857 287.062668438577 287.032821964371 286.94016952792 287.085774082853 287.269075488494 287.031868036506 287.0614498628 287.484515381458 287.110854284894
288.046139259644 288.045670108592 288.34143093404 287.884644205109 288.003312817222 288.434755173453 288.06854150658 287.998927092542 288.303475894633 287.988915051243
288.741247700654 288.772417331379 289.01820111734 288.524470603019 288.759297994094 288.938555132918 288.821066332218 288.745046227093 288.985444058297 288.788442441144
288.966892536866 289.212951717748 289.328851372413 288.814553411477 288.975933864813 289.31995962289 289.118569183031 289.122251959583 289.421704004345 288.89330010216
288.917656695946 288.796323193929 288.981106800157 288.88462515971 288.783150612 289.005752158901 288.915055731346 288.937035668883 289.064582293604 288.903415314163
288.027991355177 287.912525949502 288.215252775327 287.977693694994 288.090347127133 288.036290832658 288.103573982879 287.905426273375 288.000463219019 288.02950793994
287.011657877774 287.0166575206 287.186731652277 287.0448664687 286.990475101755 287.247162291755 287.07712958943 286.899631586741 287.197401261518 286.984290051215
285.964598246498 286.112895995456 286.037052336526 285.984380065452 285.725737297279 286.197362965096 286.051388317408 285.848560929767 286.119834838167 286.104279642828
285.260115825778 285.334258977252 285.253962235534 285.315092687219 285.126855192268 285.328086558316 285.382511800519 284.971781101387 285.292783802305 285.297149033861
285.114633953078 284.946617912568 285.386864850399 285.09714337845 284.963946251364 285.088519827714 285.16432720456 284.974866097048 285.216809215782 285.09863659878
285.367626107895 285.334530209172 285.37350331945 285.348919505521 285.375563020713 285.359784675404 285.345040232217 285.388588052888 285.49832325006 285.499657792375
286.210239954461 286.188843677049 286.277577372878 285.989327761528 286.285861951993 286.169891703836 286.268966591581 286.2729594937 286.261590459989 286.093124879621
287.338279251322 287.238099694125 287.241666882631 287.007200864192 287.230763055859 287.023149883875 287.282594128714 287.104268728741 287.360891185156 286.992392793251
288.236788295788 288.143534061471 288.164519448269 287.986116953395 288.19904402247 288.152462288877 288.324983019614 288.139956318217 288.23457491479 288.072287007789
288.877012982619 288.924765710938 288.960770353816 288.738495919229 289.001970678058 288.603237245826 288.857052361297 288.846816485628 288.998107995105 288.872861051704
289.139874264569 289.139654881852 289.179131350419 289.136701571151 289.154481603659 289.014922470158 289.252492411334 289.175107601969 289.376384462887 289.192630422703
288.947968208782 288.87356696043 289.01597196146 289.123498676778 288.951750653389 288.998467815583 289.050204531199 289.061679570897 289.190120847473 288.992719253771
288.177289283955 288.19282826149 288.080533418952 288.110519095295 287.892890249398 288.127584077859 288.197637718471 288.231455236895 288.25194667554 288.235428437622
287.283410648216 287.17498757416 287.067340153907 286.921232655499 286.950915325906 287.132798707922 287.10330576085 287.223224882878 287.176908992895 287.245971544146
286.258328081933 286.073551423507 286.253408747308 285.949421121735 285.928325389546 286.164392150705 286.197783400029 286.289055680749 286.097097367606 286.338620742356
285.700334544442 285.297465496982 285.296733651595 285.013851297185 285.247670098771 285.699341866553 285.183346587227 285.501439849844 285.357563580003 285.752936705623
285.606884755828 285.214399928322 285.207596571437 284.816128093469 285.146859077091 285.12888906618 284.973144041826 285.511908334403 285.118151564988 285.226876902187
285.487154698217 285.591119840045 285.310977950357 285.338744973573 285.452760972248 285.477814874722 285.359222581646 285.852388876161 285.607530420547 285.733353878892
286.335509048346 286.358284978502 285.830995697119 286.041518370179 286.042589653981 286.34737583366 286.041046295939 286.365395310186 286.335145910339 286.448106092495
287.439415175497 287.293239093274 287.041062439573 286.994578418005 287.014031369847 287.177249660434 287.123087466197 287.438926920684 287.343280624208 287.484789197287
288.374448573496 288.194969124732 288.075942238234 288.089796690938 288.214693881951 288.14876459241 288.201047047963 288.291600027342 288.128977062793 288.591173282747
289.146688372757 288.980866226155 288.918544398616 288.742443258345 288.882044769902 288.759114200869 288.922941412105 289.083197413343 288.945644960456 289.083680435723
289.282108021199 289.350168053217 289.19563261682 289.129698458479 289.105535875468 289.079663559608 289.20021990039 289.449273262934 289.236629288531 289.419420419924
288.941308297736 289.047457500907 288.926328893802 288.918565218567 288.832262669737 288.913158078218 289.06694314206 289.162015687043 289.02299957093 289.091582431877
288.300417945156 288.365286614496 287.998377260586 288.18107701139 288.114334984404 288.094678264549 288.368512089096 288.170383644822 288.099915015271 288.24634701591
287.200119242818 287.294331333192 287.109534492855 286.930696130357 287.044150544006 287.037080890585 287.189638813819 287.117300241476 287.106264132724 287.248717281517
286.201774243495 286.230149156047 286.174705285981 286.063586976673 286.075255011823 286.000849815866 286.017346978445 286.224371031676 286.028933407459 286.25194997911
285.219832087181 285.442198583027 285.2997923137 285.280287633912 285.217081115577 285.198773631666 285.386905539278 285.394766566053 285.14504551034 285.421081707146
284.81285224776 285.272246894622 285.181536917535 284.875024782311 285.141957261193 284.827977693044 285.213322115993 285.131235458202 285.124512348097 285.115497444672
285.15550241939 285.774319256422 285.412502670368 285.160772661686 285.597850985457 285.120728566857 285.583508174103 285.346237409671 285.268198192664 285.310794270469
286.11950595495 286.272081046443 286.08620493349 286.005197794337 286.174783269036 285.953935451155 286.173419855695 286.122651998504 286.259688762036 286.25460750745
287.068010326319 287.322171561928 287.340921143463 287.144605136703 287.133746932143 287.202228801126 287.244188213255 287.320772620194 287.085445237728 287.245962270368
288.011222623029 288.369651341118 288.282121474776 288.131364315128 288.243582886708 288.223746449563 288.171479497553 288.047887065426 288.20373420254 288.13423642606
288.865568341266 289.00901954364 288.941737708671 288.919844070181 288.920617822879 288.927452339027 288.880820582496 288.766626688936 288.997721956283 288.82696169586
289.028908842653 289.254936624036 289.236765978904 289.141281343785 289.329252903525 289.26973619007 289.140086659919 289.149779096398 289.305555064822 289.253358023716
288.991791995494 289.112688699282 289.031123704145 289.036397976103 289.150497307933 288.927017121142 288.980962546439 288.899992048597 288.880582098129 288.925203967605
288.057183126264 288.224427632736 288.248640005117 288.256402393964 288.3216262458 288.258479315089 288.250234979428 287.960863150779 288.081723884922 288.232806268391
287.075681169654 287.125974881395 287.175412808034 287.288761289398 287.23172944088 287.304827391693 287.263169828867 286.970640152098 287.276123486511 287.041817531123
286.056161298521 285.998725113492 286.357957294379 286.059100267257 286.095895060793 286.288695207045 285.895569042947 285.991915415335 286.127894330619 286.0200075679
285.261670949867 285.343447871433 285.511680242127 285.404835588073 285.570696837408 285.460813659358 285.179323519412 284.864838950442 285.230092766928 285.359334073492
285.148097108687 285.121347813861 285.274080329416 285.197166789915 285.458059294724 285.156008984397 284.885839778927 285.012963449358 285.083698700171 285.264067243157
285.399131739206 285.616889045013 285.31497808322 285.292094922521 285.864249360628 285.525890465495 285.446329741115 285.406905290435 285.35023624048 285.293519494959
286.012942365571 286.287341935083 286.296483166838 285.920231565095 286.432087099766 286.299154247993 286.13768664146 285.929223797126 286.151073547849 286.094637109838
287.136530784375 287.255271800951 287.338605681656 286.987704775082 287.477626523511 287.242681759621 287.281439636655 286.992019961254 287.098555319679 287.142325723791
288.140203134123 288.255637533141 288.139806069242 288.046883710977 288.351104975719 288.08462586561 288.248818770025 288.060738692012 288.035954610043 287.934587857557
288.784633025534 288.952683076444 288.983407055038 288.633972447372 289.032357943063 288.896037831536 288.923736687056 288.801494397216 288.916862120509 288.832819772331
289.233720160912 289.363450362819 289.264173889859 289.091086760507 289.431125285791 289.272714954455 289.221702759454 289.062824931439 289.061769976083 289.298189189331
289.072660980316 288.99247263387 288.902438180562 288.776170957363 289.379824434277 288.956297468306 289.074717264741 288.775162930443 288.949379384793 289.01508085049
288.302148604483 288.347493458418 288.142130135623 288.296555654593 288.439283532384 288.164839166996 288.296343960744 288.120134426189 287.888689683061 288.119077954255
287.25353471405 287.305153551574 287.179331945756 287.186390137209 287.187271955678 286.952962144478 287.250945299884 287.223745086468 287.045606229139 287.304083873778
286.163203189036 286.396910708626 286.070332974836 286.232843183123 286.136345387123 285.878829106 286.56466689173 286.173018738657 286.081510250631 285.996266416853
285.36776093923 285.759792679582 285.32741271632 285.367377265574 285.345413023152 285.084463698148 285.417301967202 285.330141090006 284.990403995649 285.269662411051
285.201533932522 285.635246221116 285.135276759927 285.284393351528 285.514367490082 284.658688534064 285.323102110536 285.160106127024 284.814352993894 285.029676841239
285.580972488421 285.687601704247 285.393385004596 285.667977459184 285.5391030918 285.060700152448 285.660892035091 285.429586754288 285.229138707193 285.1753568525
286.165916291152 286.536862869074 286.222660773629 286.351106443619 286.276558854154 285.731469430744 286.152911959993 286.108420801926 285.998153219898 285.939282597019
287.406172665399 287.604110805565 287.222448372254 287.420029375395 287.389033422738 286.919534392161 287.256258884637 287.249451533471 287.076743971754 286.998300701149
288.263786520593 288.60964160587 288.243909189923 288.258530082855 288.285263908236 287.83718877111 288.264542471121 288.037410092449 287.937446304729 288.067454138836
288.929632431757 289.161171026379 288.89745477288 289.031988660646 289.140276489836 288.69467695754 289.014361364028 288.835174037403 288.583051722893 288.808502018066
289.239109741833 289.47357944303 289.219467866956 289.384048998662 289.30027930885 289.180926826308 289.271860214017 289.118501215538 288.99785040218 289.175878693735
288.906611333124 289.181542676237 288.935690805287 289.267799087252 288.871869093653 288.672372550408 289.027649361248 289.008179438006 288.86480726236 288.89376809502
288.029915672597 288.432335309903 288.041204940863 288.318447377677 288.102473769902 287.736644674031 288.010509322761 288.184448629861 287.968755228567 288.053538021413
287.073493227036 287.215405539923 287.024850565683 287.257505262076 286.87575063478 286.799481312976 287.043694187239 286.969993629896 286.940048057361 286.866789157136
285.816148986313 286.108887382 285.967546028634 286.296153923263 285.727681126122 285.752340464675 285.799825094188 285.885994111124 285.672866480865 285.787653601076
285.015462632864 285.401280292305 285.154164314864 285.432762596002 284.846231881289 285.109209593362 285.09046272415 285.059235446774 284.937589661596 284.981755414598
284.808070217988 284.990019610317 285.072552162777 285.13183896035 284.686949272697 284.96821294315 284.661253294878 284.857756026853 284.663630744309 284.730696599469
284.989146250847 284.976251339065 285.081677139523 285.197605079 285.205485447697 284.897641343373 285.062168105282 285.15647968481 284.867272224656 285.172507624005
285.756385742026 285.958565095928 285.869578761966 286.205705960062 285.925655810041 285.987113792079 285.891735630344 285.731157826117 285.906654013039 285.940843201864
286.889709214094 287.043110417181 286.8702596887 287.121518001548 286.895321826202 286.9357105175 286.745807176122 286.766962174653 287.08834106787 286.986732595451
287.812889236179 288.020826063796 287.743040451078 288.187413934477 287.964878968984 287.918369015752 287.558667420687 287.704057008132 287.912786568389 287.748922295919
288.5009020237 288.593237989851 288.432922341293 288.742286350669 288.558731052737 288.548029117484 288.299553856169 288.489625882717 288.531578599323 288.542716050179
288.93686001739 288.933710843172 288.858744691067 289.020447187446 288.847096224242 288.91667189337 288.836256210934 288.796938481267 288.997551277321 288.837246499528
288.713474548103 288.829940371249 288.62223693292 288.848530494002 288.7186383617 288.731456334126 288.850296691041 288.512579435879 288.695137152538 288.630766980949
287.760639004921 287.970345672813 287.866198261074 287.915882844745 287.812276789227 287.866355986684 287.881937178576 287.730004140517 287.762021663744 287.844399149937
286.790029569614 286.906077489341 286.924056268035 286.925115034436 286.979389530265 286.934608844484 286.81237683688 286.836962889349 286.953223887726 286.932155759353
285.654247320149 286.044866583016 285.88670248845 285.915758839064 285.807351170875 285.830068722303 285.565972691132 285.873914966046 285.871754904987 285.848316022551
285.05139576679 285.147354074237 285.343304193149 285.11325293861 285.29579183709 285.07873522882 285.013320561169 285.196045845517 285.290729328447 284.947613679936
284.761895680183 284.913782881482 285.085035606951 285.135790181285 285.068565761211 284.807785906263 284.615128117867 284.918063734809 284.902457103305 284.894135881033
285.238738332221 285.296874298139 285.512713807399 285.279461814639 285.157340734331 285.318288190774 284.880860300744 285.307003448718 285.146694584332 285.050657172421
285.809845878839 285.956912387207 286.160140721803 286.046322743675 286.265885669759 285.977380748341 285.642003152855 286.090990927136 286.011772030229 285.830526664249
287.068997836874 286.909757244821 287.155353761577 287.068620282598 287.282040895398 287.045335291072 286.847440245664 287.244688946813 287.244526430398 287.045517877202
288.041875324011 288.097493517819 288.057493882831 287.997967935641 287.967023341593 287.908118330182 287.931747895427 288.223743726003 288.124867867289 287.967149949112
288.710098023849 288.830435717816 288.879401251288 288.75897111511 288.579173226961 288.626040818933 288.565532187352 288.921945757787 288.899659926673 288.798854482515
289.118256761415 288.945713396211 289.138765599048 289.081869975511 288.971677949785 288.837005530185 288.963203595321 289.152449828446 289.211973356086 289.023802755095
288.863121984344 288.83768659604 288.9493389979 288.93060345009 288.977787104388 288.738681561451 288.815285039707 288.983070019298 288.950176036676 288.616352264242
287.96843100444 288.159271755485 288.201175927198 288.079905971988 288.022279266674 287.978976074223 288.146427804597 288.00873419991 287.800923228084 287.868990595819
286.968158031158 287.17953026453 287.08884842532 286.917726731332 286.871643885998 286.862276961282 286.995877848181 286.937415109542 286.889652770997 286.896586791405
285.820286946305 285.898851154316 286.114481295745 285.737693925475 285.862099925682 286.045057791351 286.066822690097 285.9886280733 285.890584942659 285.831531731353
285.326047192187 285.002072597485 285.469563613102 285.192122399531 285.160680375479 285.201602876405 285.341086712463 285.221238020703 285.118151344656 284.937548155128
285.106078291493 284.845750314865 285.340814900779 284.833655672865 284.805459960849 284.994887621612 285.296181888668 285.013175207905 284.788159579613 284.720058213219
285.580618550428 285.275481831389 285.430047466844 285.164938190317 285.396726613721 285.213065738095 285.330163136134 285.124564309339 285.120560669844 284.919568217626
286.338052716626 286.038397339393 286.138922427598 285.939547911821 286.054073466969 286.07415807248 286.100848912337 286.014310101763 285.796346403852 285.749693119147
287.376937045592 287.095120137614 287.318018723758 287.171855229835 287.053331577201 287.083899424247 287.406842342416 287.210862740051 286.911603916326 286.91716171978
288.293357508034 288.169168191586 288.261481149581 288.003610374764 288.066640142784 288.045306796566 288.209471412533 288.050011869662 287.975660728286 287.969921518425
288.944377274634 288.743805902059 288.959959876037 288.642801153066 288.762025001681 288.590642010531 288.799765098274 288.845652097705 288.670946315294 288.721491757765
289.12023890558 289.107203389757 289.28151697394 289.092927598794 289.167983155451 288.911198327702 288.967122958171 289.059117330207 289.030698872104 289.043879394774
289.038473453397 288.781615599845 289.072125978554 288.785220049182 289.188002593861 288.874287533868 288.794733495545 288.962555638124 288.863905291485 288.73507862862
288.319703841856 287.960650785797 288.179370471767 288.010896183772 288.310058783407 288.240557783047 288.067550022352 287.948940714893 287.905375311879 288.027816563998
287.296582145932 286.880410250614 287.183119733244 286.913800062698 287.343799435073 287.114752258646 286.970908075483 286.988833771091 286.889278018278 287.074949265096
286.301151371054 285.655391458163 286.02983574264 285.884985646348 286.309689188736 286.055871003239 285.80407776236 285.731709566821 286.062376796728 285.992689130736
285.567871241291 285.140773715478 285.386686716632 285.001195555311 285.455633164791 285.571981821636 284.966727456256 285.172420326018 285.293070599767 285.363430050311
285.321020676774 285.026192317122 285.083871510987 284.559524590781 285.336532950823 285.470406236564 284.888096257003 284.841060794446 285.105270292118 285.461949014272
285.617379825656 285.231706683995 285.288989319843 285.098129051078 285.55043992037 285.586501486703 285.337544240698 285.121214731235 285.263447268568 285.509310416431
286.303316402467 286.155948353902 285.879009121704 285.901426877807 286.249199901989 286.140746534 286.143011158615 285.850668167149 285.971159110313 286.244871673756
287.245323369539 287.199112297857 286.925114034771 287.002583487397 287.464728236705 287.292256698091 287.167209751357 286.83687705141 287.168207715329 287.311869328141
288.372182303991 288.238088491561 287.782984659183 288.009748745314 288.468497612919 288.165470191606 288.127240094718 287.939458731071 288.100904898953 288.453592727249
289.226915717311 288.973969943955 288.596426926434 288.801471587599 289.134706259323 288.91974566437 288.819264789378 288.692499818518 288.753981214539 289.148717190233
289.311205710461 289.201068464298 289.050608397762 289.168471093216 289.353549781669 289.176542470435 289.033632668846 289.069160618403 289.033467986229 289.414203906144
289.038769457994 289.024302468232 289.056516439693 288.986738167733 289.132634753856 288.993395520952 288.868637485013 288.88956147878 288.998128250292 289.100850213277
288.24823676298 288.293963987461 288.222118248751 288.044048172841 288.419198993763 288.10838802563 288.198796568016 288.130332160709 288.06775006379 288.390006028905
287.193185439814 287.194581487544 287.030503425771 286.928783174689 287.226130209878 287.206461901739 287.100342327012 287.217622544367 287.011142497195 287.359255254477
286.129292295119 286.229007495468 285.987897756451 285.887675040163 286.026883749618 286.227939335035 286.071665897626 286.064005802762 286.086392946537 286.134466856147
285.317740506607 285.375413043276 285.295225716778 285.048172101683 285.027237625378 285.476558376685 285.409549605685 285.469377228417 285.236160793499 285.89395821054
284.918334581334 285.158573704723 285.152000839298 284.994841399949 284.937772616975 285.126016026023 285.126227365183 285.116647025667 284.951325289339 285.348511407384
285.24155149446 285.582055715237 285.385933782946 285.170686550523 285.143957148563 285.303647664858 285.369649192573 285.472829963295 285.228009518948 285.73764643725
286.076810740314 286.209500644498 286.125064039491 286.057384171348 285.945739591865 286.105508033424 286.234827299211 286.2043478304 285.995387484864 286.428646305003
287.139034719953 287.427210120694 287.305961366467 287.196391353316 287.143177505227 287.12700261115 287.304067852797 287.281589225559 287.099282674194 287.86078008645
288.156193922047 288.326513375888 288.352780495327 288.245707487317 288.082245686763 288.013306035925 288.282158409354 288.217564340201 288.125864721562 288.501015551312
288.897902763181 288.967150566955 289.017660580363 288.953162148946 288.819143899388 288.865315189676 288.966703393782 288.953823999794 288.84464946466 289.076525628168
289.219854590228 289.275769436716 289.225510584132 289.385805894993 289.251697162148 289.309948558029 289.228520183692 289.354839866143 289.257374399457 289.528803333206
288.928230192799 289.174171249453 289.100700323035 289.088590918933 288.94991344623 289.075346688498 289.268609818696 289.023786194235 289.081192828511 289.131666689412
288.283528888558 288.315269363256 288.234511956202 288.271454085217 288.2345032227 288.26419951859 288.341575590476 288.30601484104 288.146831069352 288.4438531375
287.09784694093 287.242198121881 287.122070374934 287.43883247586 287.23194529824 287.311366017542 287.356757340945 287.454493914554 287.169103769507 287.163092005754
286.065157251344 286.242778575174 286.023295854281 286.373652108605 286.254739368042 286.234039694824 286.330831561374 286.200573403904 286.182181400506 286.41253039738
285.30604583357 285.428821521878 285.450518450243 285.609434878236 285.496087932743 285.501785397062 285.715484644871 285.553053393932 285.486936398876 285.360927830615
285.10020376882 285.465344017699 285.19605176904 285.547990591554 285.352053032206 285.389249003205 285.668220568627 285.204816452618 285.295291932439 285.080051917065
285.304050646857 285.540066803059 285.305335524009 285.444721687574 285.360145258925 285.5352131187 285.723867460285 285.320032445722 285.479043572308 285.373072200705
286.168125089192 286.219767490538 286.016671341763 286.348734583579 286.249206367351 286.089044980243 286.600346200579 286.139694996662 286.261699770382 286.102911585303
287.163800571821 287.280338531902 287.124450745091 287.443320698928 287.367663091633 287.403762308196 287.585096428052 287.370456298759 287.305412317154 287.27916193641
288.164658918739 288.214238712977 288.138265550744 288.260085700158 288.217328070887 288.234654087505 288.592154484817 288.122420185907 288.402622747883 288.21547232148
288.834076441252 289.006982523832 288.90231756916 288.939210839674 289.081736325313 288.956014153382 289.176253596807 288.962456517893 289.184041650525 289.017052449091
289.248764722347 289.416941833975 289.459103561516 289.134494714866 289.341688156341 289.271630996086 289.549144426721 289.357490152419 289.502364501704 289.37004571241
289.197719972402 289.218712474993 289.204776994143 289.029295398708 289.115457106465 289.177692685347 289.401215621676 288.979499365585 289.221279707449 289.008913333579
288.228407370915 288.149662302625 288.306594523177 288.320185784881 288.404361052773 288.114571285373 288.527357913305 288.117556702719 288.404203421001 288.201945364541
287.338752205762 287.081067323603 287.349164163086 287.230986467156 287.367652671705 287.065514130906 287.398204234497 287.094267947528 287.256003097738 287.17265612016
286.217010729528 285.847320168047 286.350988128663 286.12142417151 286.178933134147 286.082989424548 286.414067352706 286.047549548533 286.279673190594 286.091065805843
285.317541115372 285.267921639783 285.597820937934 285.222952057283 285.46010120568 285.479923503793 285.567730421998 285.236971122941 285.602523333616 285.444998966075
285.185749283936 285.230751630069 285.54994532099 285.282621381415 285.174487661878 285.182904139995 285.439173798389 284.972351761635 285.272934427531 285.033300179081
285.695195199217 285.617688199228 285.482519518309 285.818121033959 285.519860446341 285.555566188135 285.595148014431 285.487532233235 285.625186589947 285.50909084836
286.333358591616 286.328926115091 286.465649837209 286.170362344659 286.443978261756 286.219569442039 286.297307315971 286.11789419998 286.382527058 286.24378077004
287.364323757152 287.425494296296 287.378614057433 287.501039131746 287.386209251934 287.429194613196 287.480485245273 287.179281416301 287.614040136775 287.209493493145
288.352827904497 288.366662737033 288.212638148174 288.469823252916 288.367880475611 288.232639940008 288.335274011085 288.118253674395 288.486150542764 288.203250609406
288.955405220782 289.206049270265 288.931553716793 289.121822006842 289.058050548975 288.948740093735 288.941752629989 288.875514237131 289.073988239588 288.894081378012
289.21945993342 289.483579474789 289.284064989369 289.494230948174 289.457489383228 289.242708655271 289.284967531508 289.1432298056 289.218246543934 289.298651222295
289.279578823046 289.264113915447 289.268901002615 289.150336295288 289.274768539905 289.16966236079 289.337684158725 288.839443080239 289.132494141146 289.075314028777
288.353178376364 288.373267836625 288.471541478583 288.449113060272 288.365696133548 288.262933200269 288.541909577914 288.290141627957 288.264784921788 288.31967459734
287.210520225702 287.339057083352 287.256356325565 287.452083114035 287.43952767855 287.301655996462 287.454197781083 287.220251041686 287.317453928679 287.326066900734
286.165797348975 286.245233261365 286.181513945997 286.347320325826 286.372550721381 286.238913816845 286.390493235572 286.165771886524 286.375951108268 286.205134234766
285.387793081212 285.641719158265 285.420698025605 285.246334439288 285.722986481903 285.502092837271 285.550663096628 285.499159634151 285.732351792418 285.638961796721
284.90818696151 285.420063608777 285.297032674754 285.101084429411 285.42788189211 285.390260550685 285.400350420234 285.212112770649 285.229372418506 285.323144821083
285.329389558329 285.792136949732 285.601731236655 285.524886087938 285.775526095897 285.479367652167 285.877718933774 285.154291278268 285.461021558149 285.662637295044
286.237763264305 286.423647370201 286.214406406536 286.181253511155 286.43556083577 286.102802892678 286.568792435991 286.036759120534 286.245621082254 286.416437403797
287.433513430774 287.600148069846 287.516990410584 287.379542067426 287.495180566071 287.448139653567 287.666785281524 287.181424879316 287.295386454064 287.316589570135
288.385847976349 288.504960718097 288.472475017733 288.417440821557 288.515550402293 288.345537077673 288.543984871103 288.07240383329 288.361365610369 288.383741422595
289.069342440091 289.166573691958 289.128668342714 289.065747551633 289.235637873173 289.052768009974 289.301857000621 288.671802376734 289.070699524797 289.228829044533
289.383886227592 289.486957107233 289.657326985233 289.505631276683 289.525955206349 289.273776599675 289.550513542618 289.180758974548 289.508497826654 289.539913401141
289.117634048403 289.474693465017 289.394081137641 289.367959590799 289.397610112893 289.075567745169 289.405446766032 288.965936360504 289.313825699069 289.378499490603
288.326838043018 288.53266392926 288.658710747618 288.478928893138 288.402104911932 288.319283583901 288.680273603903 288.148764555827 288.587672456072 288.626874372188
287.327644340956 287.506076931105 287.572055583065 287.314630310702 287.476200415342 287.361508890262 287.622476670404 287.130849671266 287.541162179111 287.500115553716
286.47001970031 286.74109031501 286.635401256799 286.54012622755 286.306920849623 286.085892180614 286.667533256824 286.204412238329 286.416437727207 286.494381633122
285.71786051632 286.058075839416 285.84562094496 285.733038349515 285.718134707813 285.248587290519 285.877751185032 285.392981912354 285.262803702579 285.644432876987
285.203003899898 285.771964705416 285.731351583681 285.475880672591 285.381205413564 285.238012094457 285.666325058859 285.249337402867 285.16564405743 285.416859854053
285.495744194262 286.110543065312 285.871013802761 285.866429111414 285.553880365056 285.441834215334 286.051422464591 285.54482518468 285.519379637636 285.534433416775
286.362772972613 286.654305600598 286.811368302164 286.59687167199 286.031750683477 286.217641111949 286.812276392639 286.332372793468 286.265284959336 286.338428152895
287.406970421612 287.665326337447 287.751159765327 287.533747638115 287.354229032753 287.317838794361 287.763695629008 287.317998965168 287.393582227895 287.396408695953
288.542465404928 288.619045033316 288.554659750204 288.50822436291 288.338899923658 288.304524215824 288.668209413586 288.428731256046 288.300173981079 288.337421800501
289.18156188887 289.356156659761 289.236336209284 289.130506064246 288.993886093022 289.007794735246 289.295754455633 289.102274536622 288.99864398575 289.172561057698
289.608338051048 289.479858979173 289.838267565992 289.459860411198 289.236301952865 289.333115060346 289.524112796358 289.392118007706 289.248683550292 289.438857316878
289.370943213895 289.396650197993 289.400745389983 289.191889773003 289.008709071967 289.24243670712 289.262632271519 289.290880552099 289.172258033511 289.369607107963
288.599178377445 288.478546362332 288.60472288796 288.539550976224 288.420837382704 288.46849095452 288.459817701913 288.52358799685 288.179501260817 288.413890143303
287.435012737648 287.494928944027 287.918131493624 287.533125348846 287.355855848425 287.357307962223 287.34244593021 287.575092239726 287.248407245877 287.430647853541
286.555988312335 286.256780589496 286.775441941168 286.588702887626 286.168970042745 286.370706123654 286.267115689181 286.733746924501 286.425068787684 286.321619479253
285.837402794638 285.90724057633 285.855727707146 285.780333569956 285.408442505953 285.752471978807 285.478884400702 285.858086406388 285.60340687054 285.441129188714
285.265424127771 285.391667429183 285.380688974081 285.530254106409 285.45674414743 285.47892481117 285.439039798902 285.637555970288 285.557559237947 285.265675323984
285.748377397048 285.782149268174 285.883910923894 285.78151591172 285.709426223611 285.636516444524 285.393074541903 285.889638218002 285.479446711317 285.57305249612
286.579829386814 286.533930722863 286.476959340938 286.535992892293 286.319569232366 286.501663421073 286.348268560291 286.757109844221 286.396380589835 286.319396036054
287.74343964346 287.360399177435 287.560240783974 287.800976552135 287.563683893324 287.46759453346 287.493237892296 287.848950311862 287.452568553677 287.475980943437
288.528128613952 288.336920978443 288.577926403782 288.758556515579 288.489313503722 288.395942774253 288.437159779417 288.683857492804 288.346270760743 288.277077036355
289.378876840495 289.144087627808 289.216718024372 289.354332803718 289.226112488188 289.180930191957 289.101262476058 289.36116599678 288.982417786807 289.199610868804
289.635238094727 289.487720975997 289.417233466636 289.787723525159 289.550652645982 289.350950931597 289.596790727139 289.737194781296 289.324933415314 289.646547870335
289.61230327136 289.40118858281 289.313544261759 289.455930412399 289.433587869028 289.168818441231 289.483416638188 289.449220812328 289.33593376578 289.378815143762
288.574307244405 288.493391702044 288.444447833858 288.798305927999 288.492131956998 288.382325463597 288.590465544564 288.728619075485 288.577331188034 288.655699791168
287.673368824732 287.628029826689 287.426455401235 287.677581703926 287.559305002136 287.32072117367 287.359006941477 287.756063076838 287.631007241497 287.592255694726
286.633079815191 286.615984864586 286.377315952025 286.622876458493 286.430933478438 286.278782372449 286.294143100361 286.527251194606 286.470379619501 286.554511383986
285.834515805969 285.953276617719 285.46556372654 285.839961071946 285.775910490976 285.533123122794 285.681346395347 285.645187156043 285.828260467921 285.614328974981
285.73898460684 285.535762682432 285.125821244289 285.55761748559 285.764973621766 285.244446822134 285.251109328345 285.440317025919 285.738056669636 285.446672145136
286.01929660748 285.782732286065 285.575548766032 285.863397488691 285.877207304028 285.45627422639 285.520745485895 285.607741759279 286.113438234186 285.663644086109
286.679728076118 286.463303955164 286.204358539628 286.562720225727 286.585819531757 286.051041065895 286.219078736002 286.484827546863 286.637556700061 286.557855999162
287.565884304827 287.599019691966 287.297526140016 287.661251041202 287.700529724792 287.305260873359 287.423114804464 287.611148278353 287.686188844387 287.61474868806
288.593810476226 288.609335005667 288.262231177077 288.614542633051 288.671786796553 288.479383696989 288.382333099268 288.525650716344 288.605091346595 288.646334343029
289.21737732549 289.27674371927 289.2330506005 289.444684902183 289.234348562931 289.297101919994 289.115573489938 289.176675154106 289.335992377462 289.363063331153
289.676092983257 289.499544112408 289.54581324388 289.784404599589 289.564203397375 289.534098517851 289.412999844231 289.531388960554 289.654823182805 289.874724021581
289.546764156818 289.284623297653 289.340808891045 289.550704930532 289.443505453642 289.435894202446 289.196714137986 289.175363855506 289.481347274272 289.638274202284
288.64775662986 288.49278090515 288.651865454378 288.510442778226 288.568002742363 288.479454986642 288.538724565112 288.500357006722 288.454889098437 288.683562594973
287.644228894168 287.4213900889 287.624316838921 287.508587015953 287.452529250425 287.628296622862 287.600803122899 287.475890842452 287.655331502962 287.720775681206
286.577294243873 286.576088677981 286.553922024006 286.60829891965 286.547042693897 286.584358981519 286.420341883122 286.509030243152 286.435102033052 286.555114245803
285.955726572226 285.631962900782 285.905075274523 285.706742202714 285.611603499387 285.797487907678 285.638451389785 285.578473173578 285.573223785573 285.945870896685
285.760772146126 285.581614404413 285.77580742981 285.361831329434 285.283936383473 285.9341465275 285.499955103258 285.529852772562 285.159802849384 285.904286737019
285.989092507681 285.566092990779 285.818088009501 285.860321135135 285.865737277007 286.097232126145 285.670321510202 285.575170692948 285.402926939868 286.108176264077
286.690976846196 286.491749678099 286.439918716653 286.488057462253 286.523347305746 286.808198705713 286.488081211655 286.445232132218 286.210575372608 286.774349068985
287.703505388168 287.678830764553 287.597154649669 287.454259137948 287.660332833734 287.766630663787 287.616251169669 287.496488457316 287.239228771717 287.796000168041
288.699329250744 288.540618501059 288.581756236463 288.464570677517 288.620664349509 288.812842139824 288.687443644242 288.39981935864 288.196027952772 288.797279079731
289.263538865696 289.379684238321 289.236869670464 289.070580688404 289.19020435296 289.322125829131 289.306722284209 289.160760396645 289.157694059627 289.702111507444
289.708220765936 289.700490054392 289.538598593925 289.482434720033 289.741700288047 289.777370608224 289.600455217002 289.516841522971 289.359367703414 290.067485847309
289.536971523471 289.349263239463 289.57285829766 289.30940231221 289.570877949584 289.637088362163 289.594895398185 289.343643582312 289.27719015726 289.804093244653
288.482123029718 288.587276470331 288.649844765262 288.539990948887 288.692579396429 288.914976185688 288.773778638397 288.599944803437 288.518062900693 288.833997846826
287.684596567899 287.507630414207 287.580409790342 287.795299964731 287.74732322234 287.85815704514 287.801393201644 287.637662945915 287.505120439228 287.661536660692
286.796803782129 286.454449880672 286.658276649833 286.681458600898 286.922389869765 286.796593103333 286.789739573155 286.56865782701 286.658666858843 286.796963274805
285.759079446683 285.784607414361 285.728184118012 285.977534061165 285.953877395658 286.180395474331 286.049970895867 285.770811670991 285.931527309411 286.063586921878
285.742301522186 285.731679015127 285.54917889396 285.715467782608 285.692630435396 285.924156557287 285.980060416913 285.487632217677 285.802330933486 285.818376743736
285.896857132328 285.892744616041 285.892489963477 285.963999666293 286.042440049969 286.127348270686 286.168918785365 285.676496947668 285.894662677657 285.746503249267
286.459205059377 286.371774726338 286.493501550877 286.764897647644 286.750148604775 286.749264815482 286.911006164441 286.433240212307 286.728871003251 286.593213296654
287.662975929973 287.714572708052 287.625135509485 287.729537549695 287.838938198563 287.684730966786 287.898685551423 287.422182591741 287.742716062401 287.733710099595
288.410280259287 288.63313146786 288.520778411908 288.694458884913 288.703862592842 288.700732040495 288.902691768671 288.518208742958 288.633769266338 288.775490545592
289.259994295213 289.447221113966 289.195027795095 289.401197131202 289.344662290856 289.460586860412 289.577056729719 288.98504511052 289.317579657562 289.514872490611
289.603878489847 289.713055553734 289.712168464491 289.64419166165 289.832326451091 289.622761162799 289.886737503836 289.342441693474 289.7253350891 289.801136050635
289.451627475027 289.529231409386 289.304517992269 289.439257308541 289.572319606064 289.461091337713 289.800864066441 289.353594386101 289.350949911843 289.68719846732
288.639576225121 288.785492269215 288.509541104308 288.584170904155 288.695241717099 288.62439934026 288.84796978575 288.473087820751 288.53395898086 288.607819254683
287.683632398627 287.669750995262 287.418881036442 287.763669421537 287.829064855742 287.771906489571 287.851655350895 287.554554120754 287.351808874812 287.824719835482
286.535210301709 286.704359588077 286.492162405919 286.767675840814 286.907240669064 286.587497316926 286.807140320753 286.568312796058 286.357194355207 286.70279785326
286.172789821418 286.077132515196 285.80485933315 285.685220194527 286.205851973939 285.869614883584 286.026328095755 285.810066497143 285.574958918164 285.872122876441
285.931373838007 285.914518768804 285.427335615191 285.548060892694 285.761455294903 285.77220482966 285.716765457226 285.22819959544 285.365608802149 285.686372202279
285.849855569779 286.14943188394 285.665462505248 285.887318009602 285.990548045398 285.886538773549 286.113676169459 285.407439659893 285.717940507656 286.010782301134
286.726522910442 286.536847946422 286.501572368229 286.646491229678 286.395649311236 286.817909928456 286.693418681559 286.582665439322 286.510786535057 286.795004022494
287.878986061438 287.700428650284 287.45920730001 287.828523796046 287.669314841251 287.708172552885 287.947856984938 287.716901404177 287.536773356912 287.936893323106
288.718845192373 288.683576193662 288.618642685139 288.805379608661 288.641678806874 288.650147186995 288.810834313198 288.493307594237 288.409774933747 288.715512514119
289.435702062436 289.384531377197 289.203185018904 289.598505640696 289.426502998508 289.252296434284 289.563168403284 289.230178045091 289.087475766703 289.337276273424
289.677641737749 289.650504539417 289.672709458817 289.785013360216 289.676007591092 289.568730398976 289.747178427015 289.673763202868 289.5302607554 289.741808343596
289.573603355316 289.591424842354 289.625291817267 289.558675351886 289.508617521735 289.52034199806 289.723265670253 289.350823457534 289.253142715776 289.477803322635
288.840631549506 288.79973181529 288.683890765351 288.786798828652 288.565359928972 288.664375749532 288.799274087324 288.642298395614 288.449976303822 288.827261204453
287.893661383608 287.816131881461 287.595017775577 287.972407782104 287.807712306371 287.67673930494 287.719549322313 287.685950764101 287.250190565627 287.693113457197
286.793704279594 286.943151792551 286.644950896743 286.888370729408 286.800779942002 286.575879606294 286.639803363023 286.561522954986 286.405306208259 286.923793856651
