285.742899868617 285.731178926558 285.751470324626 285.848583302717 285.869621577658 285.789304077899 285.84451561425 285.907616972805 285.844159914391 285.859899748234
285.86376473968 285.865739037388 286.125468161328 285.811414178105 286.097242924477 285.915928704558 285.902713239347 286.018532800322 285.869062913373 285.971364583943
286.551557923924 286.678366589948 286.642119650878 286.783789563189 286.695374498976 286.628918980583 286.702740234489 286.605373033753 286.785089972082 286.570046409185
287.490420520238 287.547563328254 287.749457294593 287.860071135215 287.771585359418 287.680826293088 287.615701410861 287.530631143669 287.704996778612 287.675982373235
288.460711648491 288.50809399097 288.714605272172 288.601178711279 288.698573701887 288.582336914003 288.451935803013 288.61184653456 288.645546815535 288.594233215565
289.370808738298 289.351795285887 289.332678293287 289.296499010526 289.473409387227 289.373332218312 289.170369224794 289.409266267395 289.33638186751 289.286202870942
289.748306404063 289.695438345033 289.831098115704 289.621814934829 289.789514325027 289.569015468002 289.574033535115 289.66786513574 289.64868991659 289.626285720121
289.538665863552 289.411310361409 289.527798103249 289.325882456728 289.532270773852 289.358332411735 289.128497246886 289.617328521989 289.425792147861 289.408051420808
288.736157068389 288.45507351575 288.515697423689 288.514900183162 288.742278516027 288.563881512575 288.378515704132 288.590908440505 288.566167617737 288.620123314234
287.287168149598 287.272501439888 287.625834477976 287.482617147278 287.710859897187 287.466994462261 287.381116524434 287.353853458218 287.506341090727 287.470905966613
286.387781862691 286.283939704626 286.391644462068 286.363744370127 286.405034651694 286.307276492225 286.348881574481 286.24303061658 286.336211895763 286.3398051486
285.619159973918 285.411729897128 285.725998275315 285.521501286313 285.815588956531 285.508349979152 285.4939814522 285.476323826957 285.795359948436 285.505790195062
285.38533521224 285.544582590551 285.548013007195 285.553531593399 285.494798158453 284.977754881199 285.192352116575 285.336275228353 285.465989702315 285.352655732359
285.712960855169 285.797145891298 285.693013807827 285.788528537158 285.876423055255 285.513858833199 285.522774244281 285.519484636069 285.852797182543 285.616480345249
286.396137602113 286.467707775561 286.457331560201 286.377311104323 286.619454495789 286.313437283586 286.189549100994 286.344024284558 286.794233103019 286.342646143522
287.456926432684 287.443455228377 287.619331904962 287.400214096735 287.509479014055 287.197468664985 287.272241584918 287.465196062301 287.700876471054 287.35732574743
288.380684561565 288.421126463165 288.374932974441 288.356458548685 288.502906444395 288.183945736447 288.355548745197 288.266658945184 288.600993420752 288.293114193549
289.000686994251 289.174319130466 289.068309240564 289.102855338276 289.236041676316 288.987140312561 288.996739685263 289.075170815379 289.321171232675 289.03409280232
289.368074828798 289.567727068213 289.42973036783 289.458522897078 289.465345927636 289.201074442921 289.43175683401 289.472587487203 289.518471310726 289.469939004721
288.995788179455 289.218614413685 289.15134415598 289.128545030751 289.166643112147 288.994177991747 289.175484250376 289.324011422159 289.188997642868 289.17558935524
288.303803526972 288.458994129267 288.144382998204 288.218671120567 288.171158219907 288.268374295188 288.37085266242 288.374827612758 288.368303968806 288.37829183703
287.170882415205 287.234227894902 287.14134770136 287.017370215691 287.090597962717 287.138696514271 287.401724271128 287.199527701885 287.360193958539 287.232868104345
285.883413912763 286.255003792258 286.224664410237 285.891157268694 285.914567470439 286.037737734872 286.068112836106 286.089636168265 286.263882568238 286.128705816346
285.242373625305 285.556380947556 285.364396960352 285.04159840405 285.056140350751 285.21085901839 285.2706637437 285.207349094486 285.426998165001 285.433691659713
285.065326581903 284.923380997221 284.776723026311 284.791108425183 284.749036619312 285.0841119081 285.28285857215 285.200893169561 285.230202157179 285.282123485049
285.138182915463 285.412585145291 285.018165081178 285.089643642981 284.850659531871 285.093721622934 285.150995747316 285.130982801729 285.591791538244 285.457686887222
285.623596284916 286.328476433385 285.899760069672 285.955973358761 285.795886029577 286.076218452985 285.994823523511 285.868484624587 286.309321247916 286.115834560956
286.713434534446 287.104532436481 287.173255125015 286.910721597896 286.907329425362 287.145428529821 287.065164407515 286.954255901449 287.431084245646 287.190823401541
287.87826658393 288.111637557063 288.10939900876 288.038401768091 287.782456730126 288.167191283745 287.960983535497 288.03865848499 288.263330517009 288.055897454092
288.510024418851 288.754837802603 288.776612379389 288.858812540115 288.584627045256 288.784429863893 288.705854607119 288.706964255511 288.932745437156 288.901949046144
288.974092248114 289.099682561802 289.164586909108 289.152170232291 288.900513043589 289.17893086428 289.136189432392 289.122605648317 289.437200559971 288.997189094279
288.853724943526 288.831420857817 288.793541399245 289.006218801032 288.893340058969 288.848394993257 288.875048588868 288.839696172043 288.937640819842 288.765902955443
287.929609898391 288.164318812428 287.915148203264 287.941495312641 287.954172978886 288.006236845143 288.084549278468 288.076148798981 288.08326374771 288.065864954785
286.99056678163 287.253677977016 286.998264476253 286.964540365663 286.780851874759 286.845516942548 286.78135487579 286.879552875896 287.074200769077 286.948730851215
285.742094173801 285.946152514685 285.90032913801 285.693930221138 285.813051428757 285.744506091616 285.589408800349 285.60685394684 285.989681561378 285.661672579666
284.998445058957 285.13623564983 285.060341508673 284.932077718154 284.838270540603 284.940730703293 284.957225265553 284.850797414799 285.136524881148 284.989921960687
284.600900206264 284.688811214465 285.053965936837 284.636585160032 284.83234446491 284.597013410727 284.672856842681 284.771776182367 284.788341004192 284.678707104709
285.014367917165 285.093172878729 285.467638903143 284.977592634448 285.145680140209 284.983453790963 284.937154574892 285.010829280116 284.918742157772 285.030131534612
285.852231516958 285.890613764887 286.151891860216 285.765542419107 285.772914724397 285.693579062768 285.865522584595 285.991474229806 285.630691589507 285.756670339971
287.031410041033 287.005600949835 287.182848049031 287.013195335503 286.878945351848 286.785635447373 286.881078640695 286.815699174302 287.082085209074 286.880322858489
287.956043968768 288.036791429695 288.219526704797 288.130951676358 287.915775873985 287.790862456563 287.942097850839 287.921959779934 287.967390703481 287.858647361871
288.692592512324 288.558733060889 289.028579713031 288.885997237819 288.768060791899 288.595342471035 288.724928632353 288.653979584902 288.69971832539 288.444124002816
289.184470082185 288.942615921592 289.41452505276 289.369052053285 289.085486393628 289.107262017064 289.021237132965 288.964203311692 288.956490438233 289.024761346601
289.018519606471 288.787207268496 288.997207664722 289.04861115843 288.860251948031 288.899286658346 288.704237928783 288.724057251078 288.974705109067 288.909840299469
288.102882702909 287.803285532018 288.372434208826 288.205525687899 287.989770195228 287.969600434882 287.923747463036 287.908367204065 288.046466817029 288.01003318673
287.083428566476 286.978157252359 287.294891245782 287.010024410853 286.880508017434 287.017074890315 286.973214186001 287.094878033216 286.973094560957 286.924788833161
285.999530890321 285.755172476653 286.270217118962 285.98329566682 285.823024624346 285.765027884796 285.860642258545 285.90724650111 285.820861551736 285.80283216775
284.985335671016 285.021106223143 285.52321518277 285.03411623994 285.051470504729 285.166702057704 285.094261356491 285.339302073068 284.96609967583 285.086767704004
284.83169602034 284.758666472114 285.14437832019 284.844381002535 284.737680971218 284.667017296625 284.787865425511 285.003200148917 284.539661433037 284.807943173914
284.792396186714 284.922379597894 285.341356538852 285.267153220834 285.098531951426 285.243839310083 285.250966352881 285.222090960943 284.886762802619 285.246570076341
285.755482054218 285.968346533337 286.277395191497 285.787999873735 285.850040390659 285.797500083089 286.090327050045 285.91108506425 285.643123463838 286.08534988623
286.753935401509 286.914429853012 287.259478225127 286.924552064402 286.99631147286 286.953706941106 287.149019493177 287.100847166154 286.972445711268 287.0597249523
287.803592545608 288.001984977384 288.217705067007 288.114583002106 288.165947463491 288.16719870252 288.018050240151 288.008011097277 287.94212285648 288.173353140128
288.586009399828 288.727066009534 289.00328637088 288.909646445509 288.888641335743 288.871969370896 288.934026618566 288.973611810592 288.68297150736 288.764082114956
289.076914734642 289.133127073821 289.244595667787 289.193406200802 289.29221121348 289.264309102996 289.351825158572 289.353300124617 289.219509897394 289.210101894744
288.808156970883 288.817177004677 289.197885746291 289.080453747279 289.043914593486 289.18446550007 289.197925864143 288.969479329846 289.017806320049 288.91100098056
287.866778101114 287.951485331803 288.264876950486 288.112397852151 288.116475134367 288.217786261288 288.246800370565 288.238551055926 288.065820060097 288.219559150131
286.799015882967 286.966279050442 287.241120043219 287.004191189879 287.044776863071 287.185154505403 286.943513318287 287.110335125651 286.989232581063 287.144618192484
285.6855433067 285.992449031346 286.017763871739 285.802278774087 286.00253570841 286.052995664484 285.897333755301 285.882434312042 286.140625157618 285.829878627396
284.939008725761 285.025310034284 285.20031035312 285.093989040107 285.229338364587 285.281209313523 285.292000565035 285.242362492774 285.313649190362 284.961437572956
284.671307636199 284.639924355726 285.093850059625 284.914846161131 284.795414132491 285.304487844763 284.845907829221 285.139371465718 285.190255347381 284.905586419836
284.878520408337 285.042417067703 285.26871340643 285.106771066172 284.802684401434 285.263114872849 285.18845357015 285.366657182888 285.504565459794 285.384224396515
285.764816639953 285.790549186817 286.235203001356 286.044818542408 285.857897018848 286.003266319951 286.082495318588 286.302217224558 285.942499866624 286.01101654297
286.840079202964 286.901579233308 287.411689379223 286.909209312446 287.069784780001 287.163398447209 286.98261282012 287.263259880489 287.193809717639 287.028243522587
287.938770568079 287.972028680386 288.321682248593 288.154048407849 288.006876390022 288.03291828017 288.092479820292 288.403827041326 288.255861590514 287.993622133374
288.769670725548 288.667623416971 289.210266867098 288.997624353277 288.840365035839 288.769479076672 288.923220777818 289.024448008158 288.843802113185 288.840856254191
289.192494008738 289.096837040441 289.430799480758 289.377564725709 289.209384260117 289.095031981542 289.313072979414 289.40297266251 289.350847987367 289.297314142292
288.757691142004 288.858152492655 289.256882460634 289.085112026957 289.160655281468 288.982756688425 289.081374567425 289.241451546442 289.004015234045 288.969058376136
287.986633465338 287.946774560945 288.173787340955 288.343010484079 288.2601615015 288.217605866825 288.218852142167 288.16157745439 288.149919108542 288.167564924703
286.866432529301 286.834612887327 287.098929032777 287.212111077156 287.131308482805 287.029771063001 287.229042581521 287.272638670345 287.148186273925 287.12728754788
285.776970129032 285.858534313843 286.152120840003 285.954784156654 286.222105816069 286.128015636677 286.244120091259 286.167030190318 286.065718125123 285.940437926684
285.049275597348 284.875807027644 285.256073884682 285.379022049869 285.550248874813 285.126168834354 285.463846573543 285.256781479653 285.205537571321 285.241822676462
284.8811483569 284.832846062262 285.130363280453 285.014402411118 285.226680229543 285.191563164316 285.023115460832 285.132147592212 285.150785403489 285.033770473026
285.082128063126 285.331188205051 285.333840207395 285.219574856915 285.308318822217 285.299859571062 285.645074441848 285.103454684359 285.44381016348 285.493651718016
286.08617927795 285.982362977774 285.925397226256 286.082387934186 286.273373731498 286.278077629216 286.29319384279 285.918762510866 286.209896885893 286.147561987026
287.167079739959 287.214359762689 287.1268429867 287.217596622649 287.243400419798 287.291745628509 287.442527276713 287.263525815542 287.197347464698 287.161753014334
288.178049505898 288.128503885091 288.084194662876 288.245209349982 288.317084354419 288.184935688245 288.514149899763 288.169306841826 288.472617495422 288.3450129042
288.84406567745 288.96054812059 288.856653907154 289.029920764302 289.183717766071 288.956055117325 289.166317146915 288.871301354225 289.072528027827 289.054296975312
289.102476458322 289.199669059612 289.154615982134 289.345103547318 289.423332860315 289.231736513531 289.551200830238 289.405945508402 289.507027959934 289.400747837273
289.015760745937 288.971880461078 289.066420793133 289.153335697964 289.290215798573 288.92594860157 289.251509163185 289.233561577933 289.294344744844 289.190523123916
287.973684499749 288.205269072066 288.097777230964 288.302802831249 288.210107649212 288.365219739746 288.519884235378 288.18200477868 288.626570336588 288.181821941369
286.966213088642 287.374364722032 287.021143773427 287.261004548642 287.204034170841 287.096457651088 287.446082980665 287.057730162313 287.525146963556 287.129652072335
285.993071215429 286.312065473261 286.000075853848 286.077372031925 286.054005651069 285.945277441922 286.325319931488 285.994644976826 286.432535911717 286.020078765408
285.133064087893 285.379515963884 285.1956135932 285.140138155847 285.292342333364 285.306638051108 285.61735077483 285.205951428519 285.707673182487 285.179763755659
284.877010580892 285.094132063526 284.850751431701 285.032397045656 284.946896614268 285.073925947144 285.409965297001 284.870099785785 285.443607466821 285.282896296374
285.164935759021 285.608498266255 285.097564649889 285.209621247529 285.141243330092 285.181905957758 285.506065179465 285.247289842911 285.763487989282 285.450549504265
285.827187058371 286.074016800452 286.059454865464 286.122794553008 286.173706843154 286.24316094758 286.26641348136 286.02126785806 286.590430703236 286.240637099816
287.042222367092 287.208932997523 287.107866226489 287.230994284566 287.1811198362 287.280062120287 287.543308979833 287.193711043735 287.708585646819 287.282068421804
288.071519417523 288.398238182699 288.278063323375 288.265193939468 288.314059416389 288.490027437523 288.423031442972 288.071748325493 288.646558924902 288.430980210292
288.784019174305 289.080008248219 288.848934668903 289.078280719546 289.102336389698 289.131018850687 289.152500652772 288.962543649873 289.411806716264 289.204897341358
289.207212921775 289.296620932718 289.298503723084 289.443236321381 289.29044466513 289.558636945917 289.37232112997 289.366918995017 289.566887890905 289.376387961813
289.067513537356 289.15971426603 289.011486446989 289.154644853225 289.144021845609 289.466016238506 289.203212826517 289.132908204695 289.275052435198 289.203878756505
288.098065726273 288.237327977356 288.213900012457 288.438532535918 288.251450957208 288.369506986142 288.253093173947 288.104056150998 288.382183689074 288.305745800931
287.195332140098 287.201404701295 287.170610969154 287.423837159987 287.079190880657 287.514245631077 287.226687644505 287.1275647332 287.263885335789 287.46203770613
286.017746651992 286.020991094945 286.203521542717 286.362241325444 286.168880834565 286.462233070847 285.953615459948 286.044164521067 286.296136143346 286.364455152648
285.184616427992 285.278863627047 285.632161663261 285.450258718649 285.513952291585 285.718737070324 285.32713703192 285.280917031011 285.57113474078 285.34791232604
284.961168214108 285.028365715602 285.597265070357 285.426076131633 285.384688282928 285.581246900991 284.931799360758 285.108920064992 285.076382942104 285.31752958028
285.336858104323 285.185724150746 285.678229398527 285.756191870541 285.42811386213 285.826763500597 285.186377907599 285.228781358773 285.224176511588 285.651842396513
286.037591245879 286.084900785158 286.494426751557 286.509291974309 286.288473780351 286.417850445246 285.859923991103 286.0199996754 285.863261737609 286.427627501652
287.267055381672 287.284884262063 287.435415446796 287.659909666992 287.409508793019 287.533570937054 286.832877683735 287.177535056398 287.341475943297 287.43643657648
288.296433342922 288.275748692645 288.665179438879 288.517280234248 288.470229992629 288.708445119341 288.016025641209 288.378283753577 288.255084084865 288.533877733623
289.185568984236 289.041317302255 289.217591654395 289.229002752937 289.120201579748 289.19412592301 288.71739331755 289.05781603001 288.940232776684 289.277741138762
289.363701772758 289.513956883655 289.604565198474 289.693773283792 289.418194378814 289.608888654546 289.286879337217 289.367039072412 289.331669708807 289.489173134167
289.316445038901 289.237110829566 289.253472334042 289.397872847067 289.067740121832 289.328602052773 288.977640871617 289.124703668931 289.025496612327 289.192506414223
288.334962802462 288.32501458897 288.501216337291 288.532352661837 288.302752658616 288.561702542135 288.109596516575 288.193198912969 288.245331208906 288.394434636338
287.331857856559 287.360884618904 287.457370616476 287.523065804649 287.267444917034 287.376088139271 287.027718390623 287.165162917993 287.238019399342 287.520397539642
286.081018118125 286.213704009584 286.361041195718 286.58953665407 286.146774954015 286.324623899071 286.140289392884 286.316264049613 285.900630848817 286.480576662255
285.082895624494 285.471463196688 285.341750755156 285.611204531881 285.236720823232 285.393110747387 285.382218648487 285.559014742294 285.277549518682 285.524423448271
284.956533574573 285.152713642053 285.032562943751 285.557728961744 285.074131388297 285.33903074064 284.998443645047 285.07469883621 285.083910330495 285.037309581764
285.437672768249 285.525097515083 285.434995120432 285.820266240905 285.494655436391 285.520207907798 285.492669219047 285.377863876398 285.457200844364 285.473852630239
286.084786957568 286.159635017914 286.26992756459 286.392837040581 286.311951375727 286.190722228439 286.131339655561 286.404156256746 286.293032261907 286.103401269963
287.442244605703 287.264470748477 287.296294307399 287.458298704681 287.284324447612 287.340663474557 287.20932070588 287.537330552597 287.23913734274 287.389268496414
288.332257538366 288.306480325352 288.374805764978 288.487531196382 288.264441410467 288.479402559937 288.273307297176 288.558607241349 288.271658195129 288.299086711761
289.179001864067 288.932722082144 289.13207401337 289.35835599408 289.066415880978 289.146208857059 288.907571902232 289.248748248408 288.884005403208 289.153226950806
289.518910002109 289.156829242686 289.450209865052 289.624424730109 289.379938645571 289.463941428583 289.372957380004 289.671303881824 289.25883252595 289.560490478064
289.235269233428 289.075782443869 289.253577754193 289.385367797273 289.218584566674 289.280232195351 289.120225121989 289.274676863039 289.084701591158 289.349804144449
288.485508939784 288.338736809961 288.172619752108 288.532742170195 288.327999766952 288.5239579484 288.208878061048 288.402245554501 288.227779829781 288.311448758341
287.380029780147 287.138152769356 287.067538856494 287.411098223097 287.318815196957 287.40993368376 287.207959891632 287.327048520622 287.229285098779 287.19845664035
286.496330710418 286.087169400215 286.092335729954 286.207469128728 286.156747658736 286.206876855882 286.095653112629 286.157053013035 286.118622289841 285.941116691166
285.689006216441 285.40233666297 285.295075797861 285.246771533796 285.489918810436 285.532131737558 285.22688149188 285.298720906101 284.960162769558 285.122361912804
285.504833637421 285.082220708437 285.100774842249 285.033737146036 285.353818538014 285.20801493765 285.039091495978 285.276049703878 284.937449500653 284.891450384155
285.810684431976 285.124540214867 285.523873319664 285.556174338182 285.637758553793 285.333173168758 285.354199072663 285.589779650572 285.115373441854 285.25305722807
286.517316715051 286.156819706441 286.328101306943 286.344553315383 286.384126471017 286.177303042036 286.296868826013 286.215426731653 285.929485635261 286.088838104503
287.64487436258 287.327053228516 287.400013909587 287.235971318667 287.456161839044 287.372353761148 287.304438557733 287.14325716957 287.131204119173 286.905198686811
288.543829060534 288.302653037375 288.460515577425 288.329838777416 288.54448086823 288.272373745389 288.221186248243 288.225616907307 287.940802759495 288.100907255937
289.282099258735 288.996526727117 289.229555621579 289.193861154169 289.355641535037 289.15987433947 289.057161394243 289.037917864345 288.81589608727 288.936426666907
289.673623391743 289.350777212602 289.534602530495 289.510481110461 289.673646075576 289.398867658112 289.457415777483 289.382727476275 289.297677296036 289.300288535938
289.332385257195 289.048482074066 289.262240058261 289.302138070312 289.308126669328 289.033315340201 289.120254145152 289.088764697744 288.938748860748 289.092386440383
288.611946147602 288.137977001899 288.152794473503 288.502162899595 288.329918260539 288.200796903211 288.467832491865 288.119995758425 288.214159688792 287.998750798984
287.422337988862 287.150137825557 286.988361692283 287.322930768109 287.302768145271 287.103465734332 287.313367496452 287.004310693571 287.111661202846 286.954353595257
286.393495431214 285.864225954671 285.980732951749 286.254367296218 286.16584363446 285.976802538558 286.152311012425 285.758221322473 285.912752200396 285.872716455809
285.596567041899 284.932715160206 285.134058520331 285.36924029542 285.476143605204 285.054329010708 285.447473944474 285.005040772491 285.113956658089 284.896362341154
285.212058362225 285.212855755773 284.990391453534 285.210942359539 285.089827807365 284.983387052027 285.101837815256 284.87192427935 285.082454490306 284.893452629788
285.743012276826 285.421380087659 285.211627569118 285.47111092081 285.063542798719 285.611204503555 285.484798263787 285.09875830029 285.182819069237 285.202088529726
286.267676286878 286.052860751865 286.026245706007 286.002629068195 286.017713784308 286.137413047437 286.056529659552 285.827357716248 286.044230008318 285.612740229589
287.202686944161 287.180604437128 287.060534182804 287.366156491272 287.1795140094 287.192188517849 287.233322816388 287.026646168097 287.234226226944 286.934520659032
288.308559084502 288.176020493265 288.125133716954 288.307860155231 288.149287249124 288.127788906488 288.102721355046 287.984318308557 288.042714594375 287.781119047297
288.974134983334 288.716704857448 288.758602525035 288.955420636853 288.870611379426 288.881218890568 288.663071880858 288.752696107865 288.859283379661 288.382815686959
289.346455257862 289.191947891218 289.004784994412 289.371860929281 289.164095197599 289.175394166674 289.306769573385 289.167068208161 288.981452888627 288.835293873958
289.118210553651 288.819696997399 288.849416839228 289.004447489048 288.985792163987 288.787637798731 289.012921128874 288.96230296986 288.933052539118 288.690804537983
288.061112838441 288.255524900314 288.203468504651 288.2282913732 288.204745379968 287.945424722868 288.154579828195 288.118682161804 287.988462179418 287.796200425947
287.196804303457 287.212892290937 287.04305216029 287.109462231381 286.844155016753 286.932572194731 286.982244594129 287.128683159828 286.904543379003 286.951993764483
285.87628069092 286.046198922487 285.87806064438 286.011535476986 285.917425381095 285.884688297486 285.794747929272 285.945661004767 285.64601652548 285.842356140506
285.13648152496 285.370096060142 285.465659678057 285.26553463263 285.055272471874 285.232330893526 284.958855142595 285.096448086896 285.017144234959 284.914323552181
285.088655277769 285.098205105882 285.02615530209 285.11932003318 284.865871731039 284.983598258223 284.7491586217 285.274825045433 284.83717533309 284.869221632582
285.277169844631 285.021456858966 285.456466809304 285.452431587698 285.011671789005 285.339586790557 285.272292205119 285.365115689872 285.106569660828 285.391851774856
285.96283140037 286.009605501676 286.211805121353 286.283095802467 285.945793122446 286.171382568964 286.04408323536 286.203786230554 285.843909701243 286.330744313245
287.123214709742 287.297607884514 287.339888024298 287.239554662638 287.083262559158 287.411867795561 287.119156308272 287.3154248271 287.039799870614 287.258974497523
288.142790877516 288.316361019852 288.357455544255 288.185472938512 288.149259040445 288.129044355327 288.1487448602 288.375397479305 288.124322028294 288.207486937141
288.987094979687 289.157488186044 289.049919548015 289.060880656652 288.753911734657 288.892662576168 288.793924877474 289.0531243712 288.796472322361 289.041715351548
289.146623299607 289.506083056495 289.350745306405 289.434643906015 289.096818539613 289.151671383779 289.245308258177 289.289064368393 289.140066446062 289.272882296921
289.138424022446 289.190502101999 289.2086974567 289.186620013355 288.974168139914 288.98444155068 289.055445401309 289.211673822945 289.0802956105 289.123729476165
288.258979470828 288.203321104361 288.27644751922 288.192325885507 288.166980320599 288.084109231865 288.213557383978 288.227947551625 288.27051842404 288.276412032795
287.062261620659 286.965658942969 287.058804113274 287.143197386262 286.96367015395 287.099566974875 287.267535134284 287.16039297652 287.219707954161 287.197287698491
286.017580849908 285.940369500866 285.859387213746 285.911620201092 286.010238988401 286.069246295958 285.948474112867 286.050872123205 286.217419590855 285.945066853408
285.334921633737 285.103820396232 285.074837924816 285.200879471207 285.022853492514 285.165886761329 285.20914238428 285.1310480572 285.412432813613 285.395671162781
285.182276366921 284.764181456222 284.902534784407 285.051127793601 284.874732642036 284.93463480242 285.08201745945 284.904157451492 285.16704984394 285.166450370413
285.351235290861 285.051690336071 285.105864802013 285.364477701095 285.268221933609 285.107624889614 285.199771661257 285.237325959547 285.545843700018 285.635156257926
285.975065690884 285.940877901715 285.98016853608 286.009866453222 285.794874380468 285.795057461322 286.128226081227 285.974990032106 286.264268692065 286.308647806309
287.163345322732 287.052302145078 287.242634602337 287.040634442505 286.961066084772 287.023351819649 287.153714566759 287.244599232497 287.354594189445 287.352994854051
288.180160934773 288.162515081991 288.238710111094 288.265806371255 288.01432153153 288.067981589944 288.238709401269 288.316706544332 288.3876011456 288.416630364169
288.973844915744 288.937014052168 288.821719277591 288.982380662342 288.750960396772 288.878457094663 289.024194911682 289.115649944232 289.257448876599 289.271899313137
289.251111245716 289.367743078848 289.224987641641 289.375068365435 289.303607736439 289.233070956059 289.292694037362 289.422884786622 289.593802550455 289.553786376666
289.142084124122 289.073356080805 288.963926918733 289.071702931907 289.137608521746 289.13986451623 289.215868631059 289.197816219575 289.194701605116 289.315164027843
288.105807668762 288.221533330187 288.153581134061 288.37148995685 288.330506986913 288.342677617871 288.286178779435 288.323124078571 288.258006109369 288.487865870739
287.134938655215 287.345634830974 287.227354922286 287.319522975477 287.113055890719 287.257892760695 287.248605862476 287.260638898288 287.344020440152 287.432092784102
285.86876321692 286.325926188419 286.055716705792 286.258469634888 286.036023541228 286.162365897826 285.784953783504 286.005052623188 286.143515258174 286.342166236776
285.017148796157 285.298578063938 285.425597634952 285.417903815682 285.368755651271 285.455278615548 285.186827716047 285.236511102487 285.439695495539 285.463714541597
284.899536886772 285.081223783417 285.156210495692 285.375996502971 285.006315751736 285.2908200157 285.093823242162 285.114625461105 285.292538019374 285.342965443305
285.355722592654 285.334390263489 285.609524777447 285.649156317786 285.530168876368 285.344477335938 285.467461813819 285.415153399727 285.367786192887 285.475240566534
285.877897753332 286.132859697177 286.098536821591 286.18857348379 286.203310683825 286.375197174546 286.204125989456 286.481841560131 286.134546513252 286.337339733317
287.121709332535 287.254803558336 287.386832226258 287.413378336863 287.394101456815 287.55437869007 287.39626184442 287.736150602773 287.267833661431 287.400112236482
288.276303170339 288.243542066725 288.395552492418 288.476384334399 288.407997785882 288.538514715141 288.339441071752 288.679358947798 288.338442398824 288.344920330774
288.945000704413 289.049661526723 289.084509589224 289.299263860354 289.184928197753 289.230696217298 289.107359279737 289.314286480076 289.04751618843 289.26202551866
289.413221762111 289.422879799366 289.413783897494 289.521556929262 289.620231100372 289.598009934505 289.573481572917 289.763789377534 289.598901380367 289.566947632496
289.294539750618 289.205887683132 289.365120361328 289.412048990943 289.512841370826 289.340640832681 289.422859213249 289.549633580898 289.406280542114 289.260147581549
288.531624440297 288.397224581182 288.320687855243 288.696228091688 288.764462914139 288.523767224244 288.605103719819 288.671209556508 288.449962514633 288.339589202844
287.348236256992 287.418631664747 287.168508857499 287.58450812076 287.533797499166 287.54175972571 287.550323558163 287.643186112841 287.431107132488 287.176968106693
286.191829675565 286.260112959068 285.914443776915 286.393183269904 286.354193734652 286.376713807647 286.342833675409 286.498875725326 286.18036850959 285.826638677366
285.686537845818 285.607860810766 285.209442253265 285.660154418247 285.516919478682 285.469311113178 285.560480184132 285.80181478982 285.366226709548 285.120070359213
285.561742879275 285.172958219563 284.816882508 285.322991503921 285.371452569173 285.200733983297 285.386272038272 285.517397735153 285.193155857725 284.740536697031
285.58247485071 285.868573352121 285.204386572203 285.624800341864 285.727582811041 285.498759036661 285.769556070202 285.649411110869 285.401849575021 284.944081172596
286.239004341722 286.440310732516 285.861337069913 286.394645697194 286.558798233179 286.446645371892 286.387041679098 286.266029566205 286.191880260732 285.700241536593
287.294074264182 287.400895809436 287.166948398331 287.502018679183 287.707328688818 287.59684145698 287.510753751648 287.29080651889 287.413026372357 287.11249817739
288.500483264544 288.527225594007 288.179305593288 288.352059072088 288.73203739405 288.48567745849 288.444747140139 288.489221861058 288.35782328852 288.204181191038
289.084286946062 289.296999872848 288.936684702358 289.161610810184 289.47443762982 289.22980165655 289.347443776753 289.208315009389 289.256175209504 288.967780058636
289.442602020052 289.603211989636 289.533632732406 289.504806764103 289.738395763135 289.740354582639 289.692764453261 289.737969754406 289.652955874048 289.399125569978
289.362589405742 289.507859657585 289.388526417283 289.293443825397 289.6678972483 289.669976350706 289.477595987527 289.371139154457 289.376917532358 289.19676465059
288.415355213148 288.485073778353 288.492065291702 288.573794246842 288.665403160014 288.702329228714 288.509269707964 288.417530266419 288.728512377098 288.369567138156
287.459573830326 287.469800937264 287.496806161454 287.340946144148 287.517918553831 287.545773837675 287.424740421384 287.159321219668 287.534051869683 287.27473134898
286.268227563564 286.255234255517 286.203964874009 285.983114650751 286.258084380883 286.352908189301 286.307289462001 286.192677104091 286.244661948036 286.106446432065
285.631863849815 285.493807324024 285.560061473685 285.097753793505 285.377446012664 285.569232568831 285.603423557939 285.319660057645 285.545982523282 285.358079652758
285.151143283 285.21303134922 285.433779151216 285.086141065231 285.140678846843 285.459502837829 285.140599643526 285.100841329312 285.27262450289 285.231789680656
285.262629218872 285.306712768339 285.562683159694 285.398774249726 285.26705269363 285.704383292028 285.293343655219 285.289295453343 285.648925602859 285.767329199286
286.146786515741 286.303710185742 286.23973900531 286.237399053666 286.13167095626 286.236846800996 286.043798063708 286.163869856918 286.273874418659 286.143630086985
287.29949095942 287.517280738844 287.552137678374 287.406499037933 287.384836245074 287.537034808404 287.328344026051 287.263906651923 287.401882244572 287.255964607501
288.421792586961 288.377255639234 288.543641319503 288.446910401845 288.406619604464 288.507429010345 288.308218132839 288.291271867349 288.45209100463 288.435123897277
289.205868692208 289.261027695837 289.271705633253 289.079013057028 289.261204433472 289.382800951897 289.138227617464 289.166245497785 289.169819553815 289.246711679974
289.571143840185 289.659844009026 289.676374824712 289.540734471348 289.66536688399 289.704475726616 289.656973026153 289.428482419882 289.69278474649 289.600715627632
289.305704597486 289.440741100478 289.39935119405 289.513443773193 289.433130530539 289.340741684695 289.516118738019 289.262804358308 289.647120428483 289.487111327914
288.29752917413 288.65474052888 288.630455863747 288.478150945313 288.741807298687 288.558402853205 288.66980730865 288.626792663748 288.810377497404 288.698928267871
287.358319359267 287.690510483047 287.57985760899 287.364709262499 287.37366470851 287.434176208761 287.46566790065 287.530936800141 287.54678552432 287.558983722728
286.284647038607 286.480761885194 286.41407341063 286.152020503333 286.21563002803 286.354263712803 286.268451804735 286.553087027385 286.478387289086 286.293900578692
285.430247858645 285.79583293173 285.44060149194 285.435974070005 285.412377657096 285.417362490163 285.562252647151 285.739056278143 285.385635002334 285.482839230569
285.213131023912 285.714087661544 285.44034732171 285.079046539752 285.257321415643 285.22363231806 285.058321437127 285.359141783283 285.251723044889 284.972075661423
285.451291341545 286.025594622329 285.81914198813 285.399831076444 285.585624401539 285.613536369345 285.406212611288 285.619402626232 285.782662861601 285.59912308355
286.274513953264 286.64797466893 286.299855295489 286.1622603407 286.342718601793 286.21584360034 286.336492746276 286.531732541563 286.441087874262 286.246958467952
287.490849424447 287.906158668952 287.526843763743 287.20860613815 287.464204856743 287.310615270402 287.524572722912 287.766935012055 287.518690158654 287.404328660263
288.485913569594 288.893480913082 288.559684776445 288.435823489005 288.492419405038 288.272046365161 288.545110044544 288.683485034583 288.504376576975 288.470521447596
289.110746923621 289.647120122531 289.389718062338 289.245852732055 289.293896357686 289.109243836402 289.466104933318 289.382985297869 289.376632106846 289.388539263772
289.690025586686 290.104580876015 289.840163114832 289.611538760706 289.816486590998 289.527563151838 289.807295251614 289.823678624523 289.607537516603 289.639704007897
289.544510927608 289.75548001433 289.732461973688 289.516366508751 289.661754385596 289.429535522588 289.638479441954 289.517375092043 289.533744444063 289.518554490384
288.681435648251 288.960657452062 288.789209755725 288.665407560993 288.793286326292 288.490599156487 288.834530698652 288.56937055012 288.797174582488 288.620783658296
287.474260596149 287.842643777849 287.679310620964 287.489503371185 287.574046450423 287.213447213318 287.500111517359 287.494492804146 287.622767561761 287.611181630673
286.278827610076 286.458374199187 286.554744075563 286.367210056189 286.362083331873 286.128426500318 286.435393838791 286.382076258312 286.382249301996 286.503859572688
285.582821818228 285.940885615816 285.750356017748 285.516675932962 285.657415416096 285.210535232268 285.690054263044 285.566035551297 285.546471977569 285.60413367314
285.414743478648 285.633271873374 285.67271132545 285.518252222162 285.413102688635 284.913237169917 285.369261842947 285.287044218501 285.204590825832 285.400098473875
285.367729897017 285.982594670285 286.033473538517 285.684918735891 285.576645532876 285.279604246076 285.888923771208 285.752185308182 285.662095663993 285.609829942621
286.320933202195 286.704605516903 286.590804138574 286.333700077837 286.42391740772 286.250919084441 286.447117243915 286.509170139627 286.370651932171 286.299843042364
287.469532267938 287.827118374171 287.865597373767 287.641310292958 287.660652602625 287.215134417815 287.617945576138 287.566865669813 287.45794749259 287.327734239904
288.644220152729 288.83436349582 288.908113155342 288.629679839352 288.643160587834 288.47754236135 288.579384138721 288.803282408638 288.583603124258 288.704603498572
289.406677044922 289.73685976432 289.575423767016 289.492198697442 289.342332871668 289.114661011405 289.452910025817 289.389549451389 289.527440418621 289.519579329459
289.975571390812 290.011173914951 289.955616123943 289.994389581874 289.717845348485 289.573969516121 289.885891085324 289.832782927733 289.870649120336 289.851289334913
289.846603128747 289.873720078891 289.743037599223 289.814874786894 289.730990252174 289.538985291114 289.560308957404 289.521026364248 289.824978676346 289.765304636616
288.980327320927 288.90931186289 288.90049729152 289.080126753184 288.813562789581 288.605049665547 288.833693585621 288.648785672106 288.789102001598 288.969546599344
287.823859182583 287.716036654124 287.645931682904 287.898251340268 287.755184884391 287.568625399211 287.900176829398 287.587454412414 287.68927719597 287.619518455873
286.575189553728 286.583429725144 286.488333503888 286.812492036316 286.59366170619 286.459700821749 286.595550949476 286.40705482125 286.68551366801 286.267433412396
285.735508102492 285.607024964723 285.884141146537 285.882461399568 285.927405076491 285.70034442584 285.853584428751 285.454166673284 285.641410501279 285.515489874424
285.716018036919 285.515241649855 285.756159273544 285.608642802202 285.800166446946 285.281985808607 285.819565892172 285.145292095735 285.394585408433 285.326318925225
285.922285506212 285.613492534861 286.012953653314 286.113824180683 285.931213808606 285.593345658141 285.966066566046 285.415698286019 285.760490503327 285.449754413494
286.4858070859 286.50732549866 286.559297786297 287.05294630882 286.648982187248 286.583891975769 286.7902559174 286.324030033911 286.42493187807 286.425813259748
287.621069142692 287.568823459393 287.774187943302 287.996163022187 287.93750023771 287.695074796097 287.774670389047 287.522438651991 287.658439254972 287.54462964538
288.625479886374 288.610342586343 288.909765632191 289.032181822916 288.877552552484 288.621101275164 288.693907597926 288.475848038195 288.604317453592 288.541567239579
289.495326078146 289.400550179709 289.515095885716 289.82947458594 289.664547785549 289.393009258338 289.609739576609 289.300277297439 289.4295757222 289.403463301282
290.002078670554 289.905274381826 289.860039100846 290.033598930822 290.00685331626 289.806458883352 289.947301984053 289.687396685166 289.86355394775 290.005521469568
289.701739384891 289.713167237759 289.66696416542 290.021889630876 289.703896579222 289.615311251834 289.803018363976 289.481149476339 289.706914562818 289.690205027297
288.983258216424 289.036553136337 288.886197620542 288.992772021612 288.827627559301 288.847784247362 288.798496750286 288.717543097635 288.829191805713 288.803559062262
287.831627786449 287.874956812608 287.741900881343 287.758857895914 287.879866506856 287.578250394812 287.898004717257 287.67119193986 287.676366933049 287.718203231533
286.653144319029 286.864688305211 286.287626754878 286.677999190823 286.779713448864 286.223867281956 286.83384381217 286.612617996245 286.368020965892 286.340894166411
285.948605167628 285.919034299371 285.315204655678 285.824375186155 286.145709852507 285.37463529694 285.96475541026 285.985091401454 285.64849562085 285.6206339569
285.484238108174 285.549604776294 285.10293750169 285.65746460915 285.695552349169 285.173469073885 285.748904640435 285.403695374615 285.252020102009 285.73706660643
285.643230477424 285.75197099912 285.415373169739 285.485481386608 286.193672411056 285.784880776083 286.009828749657 285.679729382819 285.578954853745 285.659241301197
286.389778067771 286.758658411173 286.310195441435 286.649374471722 286.718249697764 286.499868940697 286.565674055117 286.466300411692 286.503625534797 286.601077982198
287.63557651472 287.971277627168 287.673078700412 287.724882588301 287.749891057353 287.580729331251 287.84815601437 287.61714806594 287.62024900129 287.803171245662
288.764169260754 288.877830139859 288.674956637921 288.80209560392 288.832517192343 288.681405090822 288.69683498229 288.826809923841 288.556908145641 288.701327434132
289.554447961618 289.711115574124 289.484842187506 289.612218050704 289.673979673508 289.576502646162 289.60970020303 289.462844163398 289.352181174055 289.665264985649
290.073585045992 290.149949034368 289.884658163377 289.982782076619 289.891107823456 289.959579572188 289.929271076434 289.911864862916 289.954390195634 290.111032420745
289.761132972761 290.007005753225 289.696074262159 289.945621203843 289.732484940739 289.832115285627 289.814408757809 289.761863097457 289.674175390185 289.909987581822
289.017216006447 289.072366133113 288.791947671209 288.95428602874 288.903236899143 288.937906674508 288.875125352142 288.957046383502 288.837099859774 288.903367538731
288.126042465084 287.97562762775 287.651832918004 287.933687696421 287.795418510631 287.880694941506 287.628807983556 287.82311007795 287.651245409583 287.606867273639
286.916499276338 286.736032971705 286.341003614167 286.757811829518 286.651258424784 286.825672128916 286.444635316422 286.875574973712 286.210460625956 286.663858025214
286.058154415182 285.822483272 285.595353644769 285.894408949212 285.875556924208 285.9819281981 285.408498249499 286.07121275897 285.449835941988 285.924798868225
285.797542489259 285.70388093187 285.315927840168 285.598646280133 285.467546764996 285.49739413844 285.147250541417 285.747353275761 285.436617202183 285.515620018302
286.227415214818 286.087658871549 285.730647431609 286.047893612143 285.604510707944 285.950591999305 285.32342656281 285.970587907367 285.856028254831 285.945059548264
286.850764137887 286.561609973013 286.510112091531 286.714663662927 286.538820219491 286.61046102013 286.401317796057 286.826066477342 286.661407661204 286.48542472666
288.026098302456 287.685732837908 287.710670368518 287.797154616273 287.651139779566 287.734467887482 287.498809724138 287.851586557742 287.63608609161 287.659165419727
288.986057979051 288.839598464329 288.810523074165 288.795962152877 288.662942386656 288.773774769075 288.617391035054 288.976659279465 288.866610213729 288.746780265804
289.664434088646 289.666637921406 289.493941918787 289.651204110431 289.514825886562 289.550125150037 289.378036948288 289.807744263515 289.510269910575 289.66781261032
290.196060767908 290.063989887093 290.080741749734 290.11619696582 289.879971489788 289.791431904985 289.927266386171 290.077922394001 289.941959260302 289.984619179105
289.967778288263 289.847538305901 289.738325435641 289.969219953705 289.865143188495 289.764121094355 289.718592661369 289.829644202549 289.87268565373 289.918540283308
288.994658055034 289.053068705456 288.905939281231 289.059297759421 288.966828273594 288.809134803833 288.947343615576 289.023920009035 289.147347898479 289.054491717275
287.906270675078 287.916272999939 287.784947750022 287.779485907097 287.852231984845 287.811876206689 287.757932875681 287.878625204012 288.061417509753 287.958252475268
287.044109700749 286.745817922994 286.620049651065 286.516769320343 286.626628831824 286.709558800835 286.549170318137 286.84827118896 286.831306912912 286.76191991681
286.026873723372 285.898007453464 285.884232067492 285.884503155882 285.968320096762 285.805787055632 285.917318823195 286.019167155382 286.164274556715 285.583864590488
285.61509437774 285.72846779166 285.82248884536 285.788242157891 285.718532932361 285.604841334251 285.703279130548 285.820622320782 285.935727913398 285.524849966116
286.05314847627 286.116341746581 285.871349587358 285.969280368517 286.052030831569 285.590732963193 285.917754781908 285.92174473623 286.257604155077 285.654131797835
286.736913372019 286.805686463491 286.656510479448 286.736065013142 286.877112905473 286.41086368929 286.591631116304 287.05077534 287.00004677134 286.478196477791
287.890334656169 287.781543593469 287.773229052811 287.712213960195 287.81033807638 287.70337794575 287.647695318314 287.98164414357 288.014877332474 287.692365142852
288.763148413099 288.915337375813 288.814925024329 288.795856049877 288.853742697304 288.765660627339 288.771948248704 288.960042013095 289.100443073131 288.868954704764
289.581211566869 289.531057574135 289.481815935352 289.525732507319 289.533924828386 289.551916925023 289.498545523738 289.645578249656 289.810243006335 289.598766784637
289.931630794139 289.940713677688 289.89165359929 290.076489980024 290.038725512648 289.923715940191 290.020500413724 290.213848253417 290.232798775938 290.009421319754
289.844708633927 289.757070444924 289.846399320581 289.953677280519 289.856638136187 289.757869310389 289.946212824718 289.959954199043 289.956064105237 289.695271435988
289.017905407988 288.847183854594 288.987051104608 289.050560286666 289.118440033862 288.885628361598 289.100654750871 289.159886281015 289.130034505729 288.850114698667
287.672209990677 287.720474411511 287.728518510377 288.111641348146 287.812600511674 287.656102576156 287.861546211855 287.934131573045 287.956686739166 287.88586618954
286.544145326333 286.591850704196 286.630200543685 286.968439361748 286.675776308012 286.509582014065 286.527821846169 286.608674106865 286.765302210128 286.519119248738
285.829574457134 285.692400342948 285.748767210675 286.195858294028 285.730862125026 285.69489624888 285.816106656232 285.98650330202 285.850508185885 285.680544991983
285.480093475346 285.56913156171 285.335157716123 285.709437891863 285.509524877025 285.327273392499 285.747632376387 285.633303656634 285.557369170879 286.001879721417
285.848570041251 285.636101312733 285.644489526974 286.214383945076 285.988743739674 285.822130450144 286.146551881938 285.911150215947 285.847053021837 286.138572966921
286.659745493068 286.570491505072 286.634414229147 286.833409055932 286.594241231975 286.786700032879 286.744550022551 286.563660653085 286.618423939998 286.72964569827
287.62537010988 287.860981110217 287.81980599301 287.963386569658 287.749087981808 287.722192046547 287.903964730378 287.798797716221 287.789538544992 287.887570319003
288.744232048309 288.760358085699 288.821770197501 289.006095136831 288.837024593697 288.842887595936 288.945962534081 288.911185905561 288.787494113301 289.003234072193
289.599847519322 289.606368415789 289.681400331789 289.771443207855 289.538825564511 289.671363693968 289.726420843526 289.60773466997 289.614499712058 289.710085301198
289.907106518777 289.975261339283 290.144314626014 290.149749712002 290.030940441958 289.94390975041 290.028026773693 289.868973331917 289.997888721514 290.158935822418
289.811711771741 289.878208459864 289.779778025259 290.140446073015 289.864788930227 289.950159567017 289.892010100401 289.759884923722 289.926071639329 289.8653456352
289.132514095801 289.051815967195 288.875104077613 289.161916758337 289.214207368819 288.999659332038 288.955115625352 288.95132307162 289.044077062406 289.17402955615
287.769317357676 287.929415004874 287.674502847793 288.063405959152 288.024699362014 287.798633504129 287.615390462071 287.780209455629 287.865655204017 287.998612070329
286.640746844548 286.741958048126 286.613261039905 286.868986183393 286.815482711793 286.601109416362 286.408101734101 286.664498913639 286.764382156275 286.801124471899
285.88622582631 286.146044138554 285.697347874589 286.035783790299 286.154600806762 285.812387435473 285.550896594708 285.521842663733 285.866844058698 286.009913717044
285.528133910149 285.785868609976 285.562556407295 285.776480547923 285.888248774968 285.650202526184 285.141308091237 285.53986788874 285.420584115362 285.765881535582
286.005765455053 286.02221355694 285.930001382731 285.898652329146 286.234668727664 286.023471748456 285.652226757308 285.84515950952 285.678895498601 285.782165080883
286.773347853654 287.021318246647 286.664949020719 286.741218362751 287.11677466172 286.777733644115 286.399523517349 286.522823091218 286.536676838546 286.668089860141
287.796427165115 288.104221787088 287.828506024316 287.954186773721 288.155440837678 287.682541055498 287.637988663184 287.726341388641 287.707969684755 287.776339264905
288.958287460805 289.013566439586 288.827281103019 288.917878513675 289.084547695659 288.795064302888 288.661437726326 288.841286257021 288.660894623343 288.824665840315
289.674977014586 289.960049018823 289.557955706186 289.74656156043 289.844652296835 289.687017377107 289.43106360852 289.564158263749 289.583253618631 289.539326833329
290.052406978291 290.257051525016 289.996781086029 290.272974817037 290.137992908832 290.018920757257 289.847517712558 290.021882406552 290.09760889805 289.906156297345
289.83660579751 289.985763613953 289.884213936318 289.966334789458 289.922967236699 289.760383114699 289.827293677571 289.781656147665 289.898552573967 289.908395405753
289.180992527424 289.117346351056 288.958708729633 289.11178854151 289.211451865495 289.072221255208 288.880893308567 289.006997695487 289.021942500737 288.897118880436
287.977158214313 287.928216227174 287.832405895974 287.902988598053 288.105806672339 287.924557281965 287.72634272266 287.764489347589 287.924557916909 287.575547018874
287.007333400307 286.840719980696 286.505192883344 286.62222313276 286.894872292188 287.063084158917 286.603146739547 286.799815656842 286.737243274784 286.547951560696
286.219430286573 285.901900386487 285.649645779171 285.659249597936 286.042088512932 286.170893289546 285.72024480844 285.999615029627 285.896457313648 285.812712294631
286.048333360412 285.622345580811 285.632327400303 285.608956543066 285.929326402122 285.842675840667 285.606817502855 285.826502367642 285.869285146737 285.336804284732
286.181593584039 285.932467779111 285.957723519464 285.8532411119 286.059385482554 286.124602920569 285.998683277522 286.177207965192 286.0907482389 285.750604611559
286.892958386219 286.717665032612 286.63050991523 286.697643576679 286.7523995487 286.766822823505 286.681728387789 287.040065673061 286.893972028964 286.59385341276
288.152203281652 287.810883787394 287.818119229409 287.723746357295 287.995348155328 287.91687027338 287.829793625636 288.011988674098 287.885693901298 287.668719308003
288.93528283858 288.832475481868 288.87823046366 288.840539954799 288.982731262015 288.985880785403 288.85951244459 289.066332680907 288.916457369043 288.709954006344
289.738194393044 289.627922905614 289.649754031265 289.614881471082 289.810770738447 289.762405321599 289.68232287912 289.755050649489 289.652318046606 289.393500393594
290.151540334088 289.916274285247 289.922601805177 290.225712945532 290.292331981971 290.11933680671 290.137582590116 290.095332350756 290.142029768127 289.841661346699
289.955055957131 289.840561420083 289.653316364997 290.018786411795 290.017729370254 289.974605480527 290.065517142752 290.000722801796 289.891802946799 289.643458639856
289.076807488134 289.195436801657 288.913996601343 289.181864883219 289.318979741137 289.006968476013 289.132452404378 289.125248468946 289.063097467512 288.673206300564
287.841606047388 288.077738212305 287.764027656668 288.130009815544 288.150939133618 287.900793264568 287.988645858906 287.898404774009 287.871007758359 287.811762361649
286.634037276572 286.909270821797 286.645342300872 286.943544960403 287.232349385807 286.856130613738 286.825032673592 286.867541250291 286.584896543147 286.459933305267
285.80000161971 286.136524046507 285.689132773298 286.083466095496 286.170143182947 286.091150880255 286.035506772734 286.05560171992 285.754654813883 285.797411754331
285.584531462947 285.811718194505 285.443536158091 285.965668908555 286.01269390901 285.486227395781 285.819909927306 285.6566903467 285.44877762803 285.599945631898
285.934314776371 286.205065194867 285.867458309552 286.02393303214 286.265971494308 286.048552637586 286.01390198543 286.150688498157 285.909718035998 286.046634805119
286.762895740358 287.045870625869 286.701511462656 286.805377578639 286.950725104498 286.776909570298 286.686378431147 286.863514959706 286.647832864494 286.729797802226
287.948238063982 288.108308562033 287.947032456434 288.060996721094 288.10368184365 287.741529258961 287.813539777475 288.075024682512 287.737751356713 287.732576662039
289.03093758078 289.036080537438 288.816105776561 289.118607948953 289.100928124999 288.832209576061 288.929925071747 289.041587547091 288.764354810081 288.692528815528
289.680536723842 289.825711137154 289.695751827381 289.896120737474 289.723775339051 289.64560916857 289.601736392829 289.846737464442 289.621919517121 289.462234216337
290.214113520472 290.408211989434 290.124318071257 290.343975809993 290.058973039508 290.209506651406 290.131314678486 290.219462472501 289.996953640951 289.903940627788
289.973616055299 290.049473309599 289.946712470879 290.214825033275 290.042905822422 290.034532559154 289.995713782901 289.998036668146 289.843354336423 289.767858942885
289.194060627568 289.156697972722 289.210579967178 289.472940351121 289.146844567067 289.037140876988 288.976999675509 289.064648918538 288.963608992423 289.045098151289
288.13908770885 288.108834577282 288.000420307549 288.332511044407 288.105176564658 288.001944865506 287.756808992856 288.037902651487 288.046584340176 287.936754844865
286.824146742323 287.143194384218 286.792603291872 287.221666498719 286.923356140493 286.734068116988 286.538754919522 286.795868276495 287.088231924464 286.929887126108
286.06196064043 286.261432045725 285.897904662513 286.328162353958 286.075055606822 285.897458923083 285.846276720165 286.065148937189 285.939982538932 285.870343225932
285.964690976934 286.028632060808 285.742388799228 286.11104640368 285.740641491922 285.429299162729 285.50900630361 285.911445605639 285.883977447446 285.751714918768
286.061915595129 286.479763135785 285.966674690799 286.43542005224 286.081735483806 285.603386675195 285.932589401154 286.135350929718 286.153959624825 286.017605266537
287.081072743691 286.882361223596 286.591428268396 287.069009935242 286.77595554968 286.529560633948 286.665570633689 286.882565181962 286.903725934024 286.659123323794
288.130132378785 288.076209966832 287.932199401638 288.011537379948 287.977625263834 287.81280257768 287.777646458409 288.001067015502 288.069080281146 287.682234453819
289.094285228167 288.997746314944 288.997814264105 288.936415260399 288.916151791058 289.016854935654 288.801346442078 289.062247576183 289.140842019224 288.822121558743
289.811049808661 289.760300559247 289.701892456437 289.82603617601 289.793890173756 289.709283348136 289.776246074965 289.784963010283 289.792340502547 289.705441182767
290.24861567051 290.273424783862 290.176928223889 290.272724165803 290.181421856169 290.067924610304 290.200094185143 290.186695006882 290.154905834209 290.058231542743
290.097899159126 290.135136745243 290.084969880577 290.016475029581 290.141241200161 289.952383424357 290.054702199655 290.027206176479 289.933259493053 289.962727177065
289.256585587457 289.168805284542 289.072571107065 289.317830240216 289.286172084664 289.060641319457 289.271490861139 289.220717896576 289.135297166057 289.12161162942
288.159916873811 287.96797571921 287.90050248478 288.004468174741 288.206794374832 288.148884165011 288.04537610179 288.057556603907 288.009687913699 288.008441415213
286.922339936704 287.034201301837 286.699932584634 286.909613506212 286.996125550935 287.008416561006 286.700949223096 286.9149231116 286.919108178943 287.031202034849
286.0876095393 286.098213886953 285.799624965557 285.806769891031 286.283458869858 286.16468522378 285.941679723741 286.193654160776 286.28620591796 286.306157510817
285.844072568531 285.759566785121 285.52589649169 285.680071487973 286.207082448108 285.887320198743 285.700223698706 285.945120381209 285.782052345756 285.936130950438
286.181674790052 286.323401916779 285.731795838241 285.932868759684 286.367875978518 286.226393309301 286.209655649792 286.263458404274 286.221863243764 286.299297784341
287.04315678358 286.711533072511 286.695759120147 286.677835452296 287.121706893009 286.897794382412 286.837908239644 286.839607312714 286.946975327231 287.074567369764
288.087795840373 287.856469290968 287.900557671806 287.908616870754 288.198418979431 287.952007449722 287.950109086432 288.069341352721 287.932015399399 287.985005697644
289.14932683077 288.81190522739 288.767618923075 288.933773146132 289.238476230735 289.021781062453 289.026593641142 289.110501265879 288.937519420199 289.057971367585
289.859265492109 289.733766319038 289.656294321801 289.831488302285 289.870504427037 289.692967305164 289.82523742733 289.840863039953 289.722845858316 289.858939722541
290.182121872129 290.273187248609 290.079732096784 290.166196812168 290.321366853643 290.097880550339 290.080248465909 290.217969429093 290.123020415498 290.351569298957
290.008692499297 289.985236304753 289.87368349858 289.955747226542 290.103743279431 289.968171987969 290.069765353564 290.005391145624 289.883206977955 290.091211036711
289.095802621003 289.119527695619 289.108203166489 289.080272291041 289.307809813445 289.127391104811 289.16966712484 289.125232468852 288.822079760251 289.114241943494
288.048894108034 287.954804035364 287.992354099833 287.973635753635 288.149804759198 287.958880977041 288.050294255893 287.933033405072 287.776115003625 287.998524124578
287.038513891261 286.856288616728 286.79806758827 286.584202093243 286.970712507955 286.797709882843 286.867600362134 286.748474569908 286.726427192599 286.877652386607
286.116977915437 286.175312354444 285.730396537416 286.099323241661 286.222187945014 285.984973676328 285.83636357475 286.103366858293 285.917208401803 285.919647680285
285.688755222424 286.280559534254 285.814691890166 285.775751840184 285.997207346317 285.774812336944 285.947500107254 285.921225192033 285.51804147028 285.645973196964
286.013619936837 286.312851394497 286.011846748633 286.028466090509 286.312901093494 285.889284524706 286.328235312186 286.124203493599 286.038653460205 286.178196308112
286.804562037408 286.897494783006 286.863721206584 286.779969078304 286.982923619704 286.808385783388 286.754674927074 286.697644272741 286.635065762535 286.773683161363
287.976870877171 288.000300636652 287.912812931139 287.953827251076 288.027240003652 287.761610519302 288.245752787213 287.881323467883 287.648059932614 287.920410338758
289.121886692564 289.172242616769 289.011913800881 288.995554862796 289.09715768955 288.647071675496 289.129994737464 288.930224948784 288.82571710083 288.838637343148
289.910152255199 289.811949453089 289.860617123608 289.668811370168 289.832660451438 289.514576788365 290.055070528975 289.72948566075 289.59796938225 289.705732892606
290.108943678037 290.158427593196 290.181297452668 290.269277206671 290.263826520688 289.846430473746 290.279502891913 290.174987821631 290.043415079181 290.010200937263
290.106127622686 290.117359514551 290.027429720083 290.046853686665 290.212173311599 289.563476652678 290.156962255202 290.023611539236 289.918911550375 289.926934207878
289.126997315073 289.233464211629 289.251409338829 289.102359395961 289.364744829332 288.699856817443 289.160128155077 289.122301935197 288.841591771233 289.16769750296
288.048631844599 288.195962519407 288.061118317217 287.934381547613 288.076563200905 287.611111474481 288.077991734597 288.123280324601 287.881223695068 287.821582515401
286.953651738989 286.978329430871 286.933599575039 287.000816693472 286.962804068195 286.465956984828 287.040715068837 286.821284540912 286.73358584845 286.821165154134
285.981270580173 286.087680239001 285.992979858412 285.986432029358 286.022254750665 285.559166349325 286.239557171759 286.163138506072 285.96158711224 285.929803355822
