284.834747129479 284.865886419889 285.161993971002 284.884653849273 285.091234504619 285.05617470886 284.962878057255 285.016171693318 284.950372313303 284.742378212564
285.089784326835 284.821479468795 285.516605731393 284.880405980052 285.359645664458 285.165317125793 285.25421025755 285.286721615296 285.304744106935 285.125520575142
285.757017037346 285.691179178483 286.22491106723 285.642078665264 286.018406313916 285.961615409643 285.988909654371 286.204038388106 286.112501153016 285.934499981146
286.857653652471 286.690623464123 287.206937890085 286.841889990653 287.130079253323 286.81321546494 286.976406108403 287.168622637096 287.165263077888 287.045968706313
287.746762013207 287.636279450437 288.289997268944 287.726814595845 287.966271230582 287.966309419249 287.904154258683 288.08550832779 288.126194356595 287.72932175674
288.426511734853 288.219500003452 288.886291182205 288.543014473077 288.769342419215 288.652700430871 288.533339970898 288.682011209783 288.738291576624 288.609697989273
288.777609206925 288.612515199454 289.208196042328 288.80076847409 289.174123236564 288.946625888756 288.867159783119 288.996624273739 289.050003715416 288.869304744959
288.549616999633 288.444113918099 288.882914934157 288.613529981296 288.868089914956 288.705995114659 288.73944352031 288.643763397598 288.949519163756 288.570287500689
287.795867000272 287.707164549565 287.876642986822 287.778966390172 288.002072978644 287.888395244666 288.14326929419 287.773986385087 287.861696950616 287.685280260412
286.941635221823 286.640363251033 286.961940948656 286.702184668895 287.058989834019 286.744177180748 287.085988465048 286.890166638923 286.909838252284 286.510343303942
285.779802461942 285.384915693497 285.950778202484 285.685690303655 285.834303623921 285.481488498078 286.030129184302 285.827551312576 285.804149540373 285.459912366381
285.191795691711 284.804961618563 285.053824311302 284.794412354724 285.108738897118 285.066503612573 285.384633844616 284.962285200105 285.207134077625 284.80897450507
285.052381622641 284.55715147141 284.883536852227 284.631156912569 284.933058254225 284.716441284922 285.129883356876 284.822443069042 284.987269370695 284.395874694651
285.133104915869 284.912849891317 285.202805304981 284.989451179472 285.18196093978 284.942923188383 285.162378267127 284.852002923994 285.095816139911 284.704352377656
286.174854552032 285.602180998358 285.94822767305 285.818565006361 285.922801740726 285.686565393848 286.104734576137 285.744770436744 285.988530114727 285.313833517904
287.034025527088 286.598342984104 287.038058719867 286.656997099397 286.987195686675 286.849815389231 287.103013818358 286.874667293326 287.067929943341 286.35124564088
287.966294592452 287.55745997592 287.914697818618 287.68966215474 287.951729122098 287.877869885413 287.955343759569 287.862959519559 288.011331595684 287.487049798907
288.639123801422 288.273853861642 288.651016260329 288.410539985229 288.44309173862 288.730042842184 288.739704522153 288.63622767955 288.594901577412 288.094473024405
288.933981501648 288.766643276491 289.02679740854 288.780902449737 288.846125584132 288.91388207794 288.917458629174 288.988918101296 288.806485834791 288.5188024386
288.65436941667 288.664601025218 288.767952676675 288.477456895252 288.779444925259 288.866006470738 288.680523173507 288.720188230325 288.620289303095 288.266642612981
287.929307687568 287.791137907564 287.91902135949 287.818119446438 287.896008883295 287.912669130692 287.947164460801 287.926938121299 287.711202818893 287.634458425247
286.929894104471 286.816135769696 286.884563894544 286.777554337427 286.623160525501 286.746346649899 286.947426623416 286.92135938917 286.920799426132 286.460768674437
285.784175331747 285.864571848239 285.790907695115 285.754620520203 285.58965506842 285.629306333163 285.842592407039 285.679309129615 285.629562895566 285.439075288599
285.202774202845 285.127635298677 285.019971830218 285.166349587622 284.694137680585 285.093919984991 285.240907941363 285.033744009872 284.983261263919 284.60186726342
284.676181082498 284.86582127539 284.926833139704 285.019511092698 284.527540860694 284.709108043754 284.80089913781 284.778371831251 284.73720525819 284.584555231354
284.852040417596 285.096200818197 285.068908111113 285.228413749762 285.013907366718 285.040245715871 285.343109739775 285.204127389654 284.851660589278 284.81272650852
285.843295694001 285.648050373725 285.758937794342 286.037483097705 285.633235676406 285.842606134456 285.922542027309 286.023292363878 285.487905650279 285.632209384196
286.82313689377 287.041518677486 286.922958686375 287.183486235854 286.694224157155 286.859547950458 286.979465378723 287.066836347548 286.530617914278 286.739097944512
287.801596274795 287.929785308767 287.885931184075 288.002532366146 287.7029144302 287.832450017998 287.940316802711 287.922047761928 287.416345826628 287.73486632201
288.494138932739 288.617010038236 288.590671383235 288.557807963919 288.383822263789 288.346924597455 288.659488354075 288.544419988469 288.206349154429 288.276793236296
288.691324934834 288.943826620098 288.871121470615 288.871276928049 288.719571542768 288.782151078061 288.85187640779 288.886521481823 288.492481350978 288.636705040045
288.590051008951 288.600362228211 288.788133344795 288.726553934145 288.552061006342 288.348847880805 288.732584163948 288.656564679608 288.146721826646 288.490621396178
287.707004335734 287.786899757887 287.780866600526 287.823343747953 287.726972668518 287.555074104606 287.901065966348 287.912668140507 287.549424234923 287.505410103492
286.687840666888 286.745173475774 286.681488606189 286.725164232054 286.809985075835 286.509469535862 286.707727006085 286.6718273178 286.480622515507 286.533413381706
285.439162980121 285.691111166174 285.78922361967 285.458345586925 285.910555058802 285.317199720392 285.771646841495 285.411087125237 285.521720402178 285.536112700492
284.488424236161 284.735151102217 284.920502925402 284.672938495823 285.080493257457 284.666251276155 284.768731533671 284.678777848847 284.772266510933 284.868317245457
284.196407354831 284.624368134293 284.721014220696 284.229130053083 284.874409914687 284.321574336643 284.755627618196 284.548407243954 284.528500717663 284.73201410496
284.841322013044 284.8959766983 285.059958188632 284.704116280548 285.249463160676 284.681150358887 284.909492360688 284.603814126798 284.659100074061 285.215501723853
285.555892352131 285.479980780987 285.857202375688 285.392303217991 285.878745557272 285.495974938051 286.0336806461 285.594648813818 285.47207969378 285.770150683798
286.730337063458 286.554564296413 287.005078081593 286.459069273758 286.920097344246 286.420652465705 286.958926158476 286.639609822774 286.538909823532 286.890987199022
287.645960913002 287.513850691361 287.814113253415 287.385077701004 287.698984174872 287.416738044933 287.751167319561 287.410559026549 287.637783120738 287.865849139872
288.397910448536 288.209927386931 288.469750035203 288.181347942353 288.418544451618 288.230774019803 288.454927708576 288.289785419501 288.305749916702 288.358203966873
288.67827134331 288.584693908535 288.702809908201 288.514449084929 288.816915778772 288.272733330252 288.542888159024 288.550849743205 288.559438054701 288.702506124937
288.271878248731 288.272767244218 288.499140220535 288.456409764248 288.396505526042 288.074385378944 288.576485060322 288.41113577402 288.495942288604 288.565509373149
287.51250951117 287.378359333836 287.716070701055 287.472500023248 287.506014446705 287.281196754388 287.655681687816 287.471991200075 287.631053584346 287.83730154779
286.558275686145 286.566533947277 286.826576037375 286.353868504033 286.411330640259 286.352260442336 286.733976948407 286.467985241854 286.531578465193 286.828830738436
285.430794733513 285.415220414389 285.594414862881 285.416828173646 285.459385309696 285.33942287837 285.482859828427 285.496478174553 285.464244771319 285.797378683485
284.776409557117 284.563193930128 284.975389903285 284.72292925989 284.730372740449 284.702680463337 284.657743876107 284.940309105099 284.839424927908 285.109248036334
284.332491372812 284.285732427409 284.575077686242 284.378415442108 284.592239797409 284.656798130227 284.597790595961 284.904793491146 284.549195218925 284.724658461896
284.74925679697 284.77965330228 284.902521716438 284.8001925575 284.842559180166 285.069915787607 284.732383567384 285.223796254858 284.903537870628 285.06121600544
285.52147445373 285.640003492383 285.753432407722 285.484750401955 285.553441881736 285.715865756706 285.531284052326 285.967594571937 285.512036079258 285.936165067408
286.85589801728 286.74630051766 286.907307782535 286.534407372058 286.587926131954 286.778398743696 286.597735262818 286.948090741117 286.528527449886 286.89222436709
287.826344188443 287.619814453117 287.801950144438 287.652973749425 287.702297829928 287.682996298192 287.436338753269 287.859961304085 287.531277565469 287.888777981809
288.511856224833 288.204034181343 288.412359884831 288.252535955861 288.390901463553 288.3895345934 288.199983570118 288.734984659351 288.346655138857 288.560633241232
288.7723416782 288.47045578597 288.705174105041 288.69756153233 288.567741905609 288.646816196122 288.473303100299 288.895688275473 288.597389947473 288.802415556457
288.489188688491 288.369339930677 288.349103525892 288.233010203419 288.450103221359 288.514914000096 288.297605695888 288.653893647589 288.383092006824 288.532578685442
287.66505292927 287.508831954524 287.476425693705 287.502479078485 287.623432008739 287.684249678537 287.519051675293 287.882115374714 287.584615026976 287.672352735622
286.527599715257 286.244385137669 286.330776920195 286.517416558261 286.576034801805 286.709393976512 286.60726249632 286.709582138719 286.642205637034 286.665100670183
285.473980860722 285.304877490951 285.230116313272 285.468793937297 285.606478921107 285.694298625896 285.410983790165 285.589039098872 285.5356457035 285.553333473463
284.902939610946 284.603532179369 284.473948589474 284.957395678188 284.783452673823 284.984109084592 284.625212618437 284.935733026084 284.856401994667 284.77484202416
284.80981516884 284.452981585075 284.314826152178 284.443968317495 284.460010096773 284.784031820143 284.255252695009 284.547492951092 284.400427908484 284.566862674858
284.901778164128 284.770536988805 284.732076997817 284.833365738147 284.876677666807 285.262926123776 284.683472275549 284.81849239983 284.580538559648 284.901498592311
285.792664411679 285.545482547938 285.542015909498 285.494410207593 285.6582031211 285.969223435033 285.507713590654 285.739913336529 285.47815752916 285.572834588935
286.889802236341 286.844471275217 286.465092522095 286.538961818116 286.577540047621 286.867224053257 286.547765786293 286.62874635887 286.740796196872 286.527961020362
287.653495075029 287.61448207293 287.413235705966 287.602366613208 287.514502578106 287.916356460226 287.516701278587 287.783665773451 287.612138580752 287.597841088309
288.481535359909 288.359022469867 288.114618488307 288.362637862753 288.214213854514 288.547411593348 288.242149399709 288.37872906756 288.375581856656 288.197361444895
288.691105623525 288.608811424083 288.609701881035 288.567195554823 288.636874894675 288.832771370561 288.632839280446 288.601269002667 288.693590646151 288.575471516631
288.542083731141 288.22211473928 288.26411733817 288.467541198146 288.307299752303 288.60787579329 288.522139292023 288.512532972254 288.273961535333 288.397511700112
287.571389384074 287.307042252453 287.555509872454 287.691052708605 287.457178724 287.791529427212 287.426911233174 287.545903219524 287.603274919162 287.621391735464
286.755127441985 286.418430453677 286.655545046759 286.672527713378 286.343152560033 286.751345221193 286.410895737639 286.425152573583 286.611204191835 286.542435144254
285.621861595107 285.34002066089 285.585441092928 285.776466129776 285.060840602058 285.401163611477 285.36452096617 285.530116406521 285.485560920537 285.681077324547
285.042558696508 284.610514219376 284.923393662069 284.904016249682 284.319339388084 284.656195487476 284.597094640969 284.771374679757 284.931977670643 284.832220541578
284.775402736981 284.200022069132 284.618015015623 284.825162043379 284.279051157585 284.389511152845 284.722836428206 284.515037779797 284.522514761301 284.460875337032
285.018031253687 284.680796995242 284.924710725518 285.234581823401 284.450047353868 284.574240262662 284.879973312514 284.812010646156 284.777136499341 284.803284400353
285.859608702062 285.425851236871 285.599579749702 286.099035501267 285.557460646812 285.417465613648 285.658492316676 285.671150489251 285.686153502897 285.69805668267
286.899628695406 286.450226469367 286.660361643173 286.981533132996 286.472322422484 286.44062748953 286.715793269349 286.863551650872 286.734579121089 286.875017334884
287.75433904382 287.423033959494 287.733365606913 287.76877798091 287.670858614078 287.489319600618 287.62345309859 287.91284854926 287.755268660116 287.817162356187
288.525722211066 288.033901716363 288.335040358161 288.56761584189 288.22409552009 288.331265545249 288.457660361068 288.463365597893 288.515375449978 288.594633924516
288.732765820083 288.518793651292 288.791140432195 288.883196205358 288.456444024663 288.611635994285 288.678214910495 288.865939775707 288.799930677492 288.837223594115
288.446808513434 288.200606413526 288.448107007628 288.581386515558 288.297276953878 288.206326988945 288.363614850637 288.579785362499 288.424158052259 288.509879877864
287.615864250819 287.291924900037 287.630796837158 287.824909842579 287.523873508818 287.405812889005 287.563035969509 287.79464836913 287.533777115521 287.694758446193
286.618392540115 286.293089008629 286.618318572916 286.896839256906 286.463577131982 286.560483478135 286.439000425359 286.709281481273 286.559843695416 286.585276889571
285.511015947671 285.476837676388 285.635204339241 285.76163084237 285.659932312303 285.414551004325 285.467968672866 285.646134278783 285.674726012515 285.6694264313
284.669603524789 284.578666085053 284.688412925201 285.170617668547 285.052041088932 284.766681877934 284.946352220641 284.878923832254 284.824471547608 284.980757110353
284.626365882776 284.460590053334 284.630485332705 285.182774777405 284.737882436594 284.764046490223 284.692956843276 284.784943957687 284.512213935428 284.822214779972
284.787147585832 284.879016479617 284.664202777636 285.19949482709 285.152097822948 284.577871366447 284.812025914814 284.964034346079 284.779520250835 285.171429943665
285.551328966118 285.597005999732 285.378827479593 286.091942821261 285.858544445326 285.580426890706 285.465489969344 285.637538440031 285.702702346452 285.608452801056
286.728205251375 286.544369007626 286.618050996597 286.941165713073 286.957327027566 286.661932040679 286.464688588145 286.777630952974 286.780557022323 286.730959115236
287.730719318914 287.653222908122 287.744400825032 288.075894001956 287.793614830362 287.656591388938 287.698686196523 287.776446947413 287.745683698207 287.54959094131
288.376676011052 288.306117924944 288.352112293903 288.702226232197 288.539162719402 288.443776757027 288.360601003343 288.482602084888 288.565493940484 288.268605510087
288.749231408057 288.52910172036 288.873099416663 288.836345730546 288.812904484609 288.638646842158 288.767883922293 288.945811278176 288.76692381757 288.681101223903
288.442089581334 288.399650913435 288.445692325366 288.689828024924 288.533437402168 288.496713135745 288.51296816009 288.698265355447 288.565954276478 288.413017300167
287.748193973352 287.610441006407 287.877641840467 287.788440602581 287.870560679794 287.72409630421 287.653426540408 287.871474498004 287.762986086782 287.589389902099
286.575593798827 286.439273307698 286.826233428213 286.936181468401 286.654613952065 286.6123361539 286.666120469869 286.82337213301 286.721110514092 286.526657723071
285.552904352562 285.353085548876 285.739075230738 285.7583236663 285.506172242763 285.358570652993 285.424196038987 285.64751152975 285.602984584015 285.406001796621
284.768031677235 284.674016300039 285.029998826096 285.057691227089 284.776345826013 284.612330381642 284.881251872753 285.125480237582 285.009355248366 284.566461986895
284.577622826874 284.228789167182 284.82482305842 285.11255481382 284.772577817526 284.571545250363 284.666901907154 284.849061432048 284.582116017621 284.379337621831
284.888171746513 284.651781215316 285.019664220736 285.191926500208 285.18289510556 284.89704286272 284.860660580564 284.975007516822 285.000644406917 284.795626396819
285.398057423761 285.315041827141 285.686323328816 285.812259634557 285.820387351014 285.602221762228 285.629071524501 285.86655398942 285.696527192662 285.547128890076
286.650276744524 286.584503895236 286.75231769855 286.82106458278 286.869849460211 286.735061351596 286.836786787304 286.882350647077 286.767064273251 286.636525178189
287.554641835979 287.637931936686 287.739475437127 287.918311205871 287.688920122661 287.697057310368 287.706823734041 287.798842709347 287.523730477999 287.469123991931
288.262729542661 288.425214162343 288.522943663409 288.688861311747 288.491789908876 288.17265964055 288.274908488918 288.409704928296 288.356980124888 288.378582733156
288.59296327664 288.646364638637 288.637001138068 288.803696385056 288.973591963483 288.662813681876 288.655038595912 288.760352348073 288.724111334206 288.437918950077
288.395132461581 288.58767369915 288.520004101507 288.708261144971 288.705597835857 288.418926777588 288.333254917576 288.439478521196 288.572884018424 288.253834964345
287.493860946706 287.445848994696 287.601121138703 287.711550839338 287.720580245728 287.562590820613 287.534208608937 287.548017070837 287.620725069025 287.368165580378
286.654654236211 286.527378503759 286.762850457848 286.68277433928 286.694635650073 286.439558304665 286.705399020575 286.529582035909 286.561691926226 286.363289069245
285.422679068032 285.404648655462 285.73737966551 285.64303817097 285.889451796413 285.502056283736 285.670586646328 285.515167199176 285.394894627007 285.149896765418
284.864874399265 284.634755763972 285.068582908714 284.84998963126 285.272752433322 284.859850499744 284.988817956071 284.992748030589 284.810929001722 284.523213542276
284.477698208448 284.653829890052 284.763648898122 284.787512689592 284.889120452243 284.756941882435 284.804756674856 284.623183020396 284.725104747912 284.449932932901
284.725928734795 284.950859120167 284.954306092534 284.954475664237 285.370974530533 284.758661690101 284.987090864872 284.986739669065 284.746056439269 284.574695121574
285.570258470294 285.493524673244 285.60337168723 285.849787402467 286.071196252154 285.933502723254 285.838865752052 285.674172849081 285.404204682382 285.426728834851
286.731816907626 286.526567597697 286.86938126145 286.818335437234 286.974323354362 286.970004817741 286.79223076847 286.671427478649 286.633168756817 286.503703040658
287.722426013187 287.728439785019 287.732809669125 287.827728168258 288.0213718101 287.857323412019 287.829684297066 287.638535995432 287.592366285023 287.640401981059
288.463743307527 288.422854433763 288.299290137244 288.571397508456 288.793448893771 288.549991832201 288.54589453344 288.364798774556 288.434553940364 288.427805467007
288.818604451529 288.658933266122 288.632273694701 288.651238921732 288.937503968354 288.815727988383 288.928982355539 288.523123935154 288.782431217851 288.796287178594
288.491542664452 288.492272370166 288.735003525902 288.499610740961 288.745874959094 288.631507713794 288.668175009907 288.421256791855 288.53552690153 288.408909798848
287.818004066299 287.626157954098 287.881051633593 287.712930529351 287.666697956398 287.737018952044 287.784360283875 287.517213144442 287.796892944988 287.63502730021
286.61219866716 286.464473368854 286.828947968319 286.723572570043 286.896135358353 286.836556031058 286.755643885499 286.55520703725 286.607404308038 286.830252466947
285.635469588475 285.452532394749 285.920893446446 285.807571132574 285.861733958287 285.756266759343 285.698189403873 285.513096712245 285.527831020588 285.813321506128
285.017409114715 284.88212865635 285.273205776637 285.196179897559 285.11654585739 285.152983811614 285.069116724539 284.784116629521 284.87361782246 285.101577323758
284.844185148992 284.551643869525 284.928693207846 284.708153251701 285.001044844484 285.069775161003 284.659661123155 284.515138071414 284.623214597167 284.959023029973
285.099966306749 284.715013749178 285.02912151739 284.913569313362 285.224128676697 285.316621912463 284.884787911329 284.886399766157 284.906905832033 285.169606726069
285.871571336789 285.470795881884 285.905579984047 285.636325425248 285.784637477991 286.084081081902 285.754389787781 285.679420572701 285.711451695701 285.996590560026
287.094428699794 286.724169001592 286.849284358021 286.868222247146 286.848294037498 287.034760643087 286.690239180964 286.655357735093 286.925179484176 287.011913169516
288.069268348787 287.627212787177 287.827361219763 287.754198751244 287.918549655475 288.058296463177 287.699845890956 287.749155639119 287.825191701939 287.889093431009
288.763420707784 288.521794509086 288.603776349435 288.468246719495 288.673209676886 288.627199524284 288.392855949776 288.449130606966 288.709065632661 288.630659587436
288.953763503226 288.797513814013 288.924857925077 288.716673090795 288.846259496835 288.762812019257 288.722161250608 288.904244628499 288.899915751544 288.786126669132
288.650452943403 288.48862842585 288.664822495131 288.511258266862 288.765504097722 288.595702676595 288.49795300725 288.687788289057 288.748706965227 288.9032273742
287.743585670324 287.577673329694 287.804179942288 287.757112588292 287.836505274053 287.960374198561 287.77531777039 287.840839918177 287.889401090765 287.897201751311
286.588138718217 286.570997950718 286.663900674808 286.568274786497 286.799854197024 286.671152495113 286.806490682157 286.855542725955 286.656409843802 286.935959070912
285.487740432604 285.584047275211 285.585660502097 285.579633566798 285.684988868676 285.554296972931 285.76612596103 285.70895887496 285.626712014581 285.693015005047
284.623461853227 285.134775031103 284.864869701529 284.88181883972 284.909482260287 284.767623947536 285.017654486936 285.116841682546 285.008450453047 285.094751679872
284.539195807291 284.697873217549 284.595815316458 284.465567743232 284.799265311286 284.632150039524 284.838992753377 284.598949822625 284.710323285692 284.781059747409
285.019084125864 285.153987024432 284.765166177124 284.857654345296 284.931625866714 285.041129995426 285.108856803153 285.20820386276 285.002496520295 284.758624284497
285.790207101711 285.67691633492 285.58249487762 285.543828706406 285.552363787129 285.63065037219 285.775045822381 285.895511941514 285.895989899334 285.831583632451
286.922937298221 286.929965247858 286.780962903016 286.793083046162 286.828130737954 286.638769013995 286.938645895159 287.014502234507 286.817636168249 286.80916914581
287.712343230638 287.811020428137 287.747973584542 287.667513805953 287.744770820201 287.590328936754 287.7721198495 287.871271881263 287.762015372713 287.904362452924
288.467267616446 288.448193924872 288.620816553926 288.358611779449 288.506437523803 288.238553837939 288.571545349975 288.571861577434 288.260377139488 288.460061321703
288.7397789224 288.586785818185 288.774629815949 288.788580350908 288.879415025278 288.63412819421 288.787539917879 288.899855212844 288.679498965971 288.950969693337
288.619090305307 288.548518155199 288.479307542766 288.482690970037 288.507312914881 288.514336449498 288.592073662727 288.664799274682 288.467809095895 288.744635708667
287.653642452444 287.392947909697 287.689802391361 287.697824171992 287.742700816227 287.669879781941 287.777583381157 287.816734570106 287.585874191278 287.754607518037
286.616882165614 286.19044071696 286.842456457588 286.644799291525 286.827419872444 286.490651947988 286.609141375739 286.661987835559 286.660075958334 286.815038807522
285.565136523428 285.41850912845 285.649092081621 285.728097508077 285.656677387927 285.387697968632 285.633485342866 285.837705364 285.478015993764 285.844547482628
284.969515854508 284.620718535704 284.897866924801 284.906093207666 285.218903950115 284.943139889696 284.899168566391 285.07120446788 284.659169136236 285.150311319635
284.74436042277 284.278103006335 284.6841014459 284.697226548392 284.886481386857 284.36286510262 284.657587254546 284.881147094603 284.404882652478 284.892483172043
284.920972554752 284.519175409354 285.027307786884 284.872164175716 284.969228929303 284.901053832732 284.960320062844 285.074865415581 284.699410095729 284.94711886176
285.852818114621 285.41911665202 285.625903619498 285.746988568344 286.011237877793 285.640430489075 285.900484147369 286.080647964915 285.572057029798 286.026142479706
287.10751122151 286.455862157699 286.830723203098 286.842115675003 287.178668539903 286.836252881932 286.855296063191 287.029833257378 286.742523612506 286.865049847616
288.015483917398 287.35969289912 287.7101136525 288.037239648478 287.899650074898 288.001275205057 287.975658357384 287.860972308452 287.623553001693 287.802615240133
288.694723451965 288.175842850605 288.382099930063 288.632827999449 288.611500405846 288.543661856429 288.731813126947 288.393187765221 288.29885047537 288.362555594568
288.880838859301 288.437525220073 288.635787273876 288.846276610975 288.824630161549 288.748193383078 288.807199700486 288.867067420494 288.67139840595 288.69717372049
288.579511035343 288.288157684165 288.560011048411 288.418491305433 288.709713864778 288.693459890408 288.607838840334 288.500745610495 288.677972914308 288.493185708891
287.901044987977 287.553068908575 287.718633694507 287.825280463323 287.76993613783 287.797065923032 287.875806876689 287.659318973551 287.705157460967 287.640420844119
286.928825952157 286.481441768282 286.729475622656 286.617448709307 286.824457111404 286.602312806984 286.779480205927 286.584800266036 286.574523045013 286.782766820213
285.837117928282 285.521598580937 285.714507550392 285.444655992371 285.75172295985 285.82224630325 285.7254453427 285.799534320618 285.636290817671 285.725303813898
285.071174317866 284.966985934432 284.889438082537 284.951387238164 284.833507503188 284.784114661727 284.951909385913 285.090600821589 284.95323360611 284.972887313694
285.048595656842 284.581021108709 284.492857826028 284.502157956772 284.60507184167 284.637348374276 284.998078907869 284.738733777004 284.736794602491 284.659615713621
285.249540434997 284.729622373108 284.779006639932 284.846412789197 285.047015482407 285.068138047699 285.00470963971 284.872201773683 284.942529909951 284.95367306948
285.795145691448 285.469511706113 285.582119829142 285.666494498752 286.115461249852 285.679923237892 285.753534343139 285.779592514961 285.694462043536 285.656552822482
286.854000874826 286.606021457111 286.652761552958 286.792709170922 287.071315443284 286.717046038729 286.819304038473 286.789942863326 286.936492391087 286.727914621679
287.751676027589 287.544385941336 287.845511550697 287.729522046449 287.943358848352 287.729292485826 287.84205928877 287.749756368081 287.811543960832 287.767971822189
288.596953921235 288.158556010283 288.3936406827 288.457985996217 288.595632185729 288.433616343262 288.566555385226 288.415696617237 288.439509794114 288.35741641006
288.825268628536 288.745298256319 288.776859359475 288.818556029669 289.040321714782 288.678939786054 288.938260493922 288.806840975182 288.705147539399 288.853320075558
288.607698901962 288.397736832332 288.581976900619 288.571330056477 288.758631175505 288.478852317386 288.850705911383 288.454816185015 288.474302100743 288.716790439193
287.646577312975 287.356339524482 287.71128786089 287.615435180327 288.042585548563 287.581950692712 287.7913613857 287.647703228217 287.554566515311 287.76575408692
286.526080845948 286.430496783684 286.744126320354 286.529501438289 286.996750658054 286.69692487931 286.741691462434 286.678296074728 286.586226594614 286.873838478581
285.521216438377 285.320068920063 285.724961117094 285.558799993187 285.983241759893 285.551030281076 286.05625797106 285.667259969441 285.634740993643 285.802381216347
284.796300731506 284.616291707713 284.947187049145 284.877096173401 285.265173558916 284.827642243695 285.203526550957 284.849029931493 284.892357820655 284.938135256536
284.54654398784 284.528570411357 284.654170313314 284.632076996379 285.33089038626 284.781697902355 284.95087740908 284.996510491026 284.509938290012 284.78581620587
284.893058892954 284.726573663625 285.150044386042 284.87127938652 285.287006665668 285.033941660471 285.23807091275 285.02406342116 284.678247166961 285.088907860885
285.542034208208 285.625035699769 285.803715376442 285.70009554239 285.907763629827 285.765188509949 285.994368326221 285.794896833129 285.515359949139 286.017936805011
286.493425158115 286.589199658136 286.859919165896 286.680993169346 287.115430394042 286.790910120342 286.899155143473 286.762977432412 286.688623561632 286.965612739033
287.635447584736 287.570541256935 287.733048502467 287.711009898953 288.005589073991 287.722580464583 287.789523065495 287.752676204335 287.703882202838 287.802558470469
288.311117175365 288.26887333588 288.415811100572 288.332623151567 288.615423471406 288.506309391162 288.631402268485 288.540619283723 288.315927707283 288.627258463569
288.664697072959 288.713075245436 288.791161109915 288.675311735256 288.981545327409 288.908059820095 288.946274951737 288.720630678921 288.718831857193 288.859822306651
288.387289326114 288.33504715739 288.611855742527 288.648006483161 288.739501807102 288.693905786288 288.935078790681 288.446213813592 288.641865776741 288.564910451407
287.578359938986 287.531656475405 287.80218250001 287.823404327029 287.902048122747 287.725065367849 287.921284496604 287.636753321526 287.904205560501 287.751109780516
286.635892441565 286.548196913374 287.015371686409 286.786764785807 286.908619033348 286.660414123717 286.881542059275 286.835585534642 286.765690290009 286.828912970114
285.806648363981 285.492931205585 285.749080822408 286.014800103336 285.828998825811 285.65230376425 285.821256240487 285.871135604384 285.711113650128 285.693684092923
284.992058467002 284.926552774987 285.089173898493 285.178783940928 285.242884115508 284.864968965261 285.180272430832 284.873940985918 285.243988123969 284.954141061429
284.747657730121 284.974793608281 285.037063423695 284.936575118874 284.964016659052 284.714241699038 285.061615809009 284.578279098556 284.711720564236 284.746349177665
285.023224744363 285.092024741637 285.265575892327 285.242372889394 285.071437066645 284.96660391914 285.410372481586 284.88860640826 285.229531926671 285.018546060738
285.732292313066 285.793225091134 286.084852914269 285.821805350665 285.870520336083 285.822798470774 286.176330514586 285.696226426353 286.036111931932 285.696080015088
286.963187608817 286.858136622905 286.932774122497 286.95802701132 287.196165609575 286.756496050729 287.360304627001 286.813635361372 286.972510222292 286.886815416411
287.786132977073 287.793924179986 288.009601054837 287.812555089397 288.096404066942 287.79491301316 288.151682505464 287.679725309289 287.974750272987 287.81709198528
288.582214058585 288.552895555499 288.733032214326 288.561789483061 288.601952039705 288.370236642431 288.750927408109 288.397649858817 288.387557994346 288.374687640142
288.843263099698 288.937912146489 288.830522135978 288.90238328556 288.874648195064 288.725054845054 288.961235529282 288.702021091622 288.915945012644 288.901525427755
288.580721097099 288.783687191929 288.76609816837 288.695749425349 288.668239161182 288.665474333532 288.828516367489 288.417914316319 288.723470860051 288.608688534979
287.93255476125 288.027825004557 287.8072123527 287.891153367411 287.68834171896 287.764827135305 287.88822452577 287.772603749649 287.719378256925 287.633089962852
286.844793449019 286.860247831584 286.895377480201 286.864884472928 286.654269581096 286.518828179492 286.784300708278 286.575905566602 286.738116178978 286.66665271297
285.867012800067 285.916280862916 285.879690494746 285.722265066518 285.560209476688 285.621525906307 285.743436391925 285.534732427635 285.687584584592 285.805920976582
285.284947714087 285.356160177878 285.003252221281 284.986953397906 284.90656401801 284.793994037615 284.908077847385 284.613604413507 284.813879685045 285.087023623254
285.338377848235 284.965825261995 284.8158369025 285.041196951377 284.662518600864 284.511851104835 285.02714903576 284.153542698012 284.861994582276 284.760710383862
285.266338280775 285.407843798596 285.064744708299 285.147253531276 284.679468428456 284.869443408517 285.102764629183 284.691563218391 285.296920163315 285.095156571844
286.085055995872 286.146741027588 285.667759401952 285.900301153554 285.534221652067 285.605466929024 285.810284018944 285.474488805255 285.994143573854 285.908279759748
287.219929240198 287.059111923037 286.841159576135 286.946349671262 286.792461856092 286.74556597583 286.788427310769 286.590673469395 286.969062672801 287.081159950306
288.19279599066 288.044373851074 287.909932236701 287.936928826866 287.706635575544 287.684654932766 287.949585535206 287.765381571991 287.997918718328 288.0659843076
289.027569099585 288.764564883484 288.55480891844 288.77944172574 288.348251069105 288.379526341043 288.596555427117 288.40868675883 288.948997566749 288.796174490653
289.202852039297 288.953950776016 288.826337299097 288.857223741113 288.680939329747 288.794590954971 288.841240658987 288.700655472058 289.202009304119 288.969920513415
288.936988757669 288.759555153954 288.578577435285 288.671707007159 288.683965791771 288.657349905473 288.738577949465 288.580823356736 288.939066121587 288.815342737948
287.973040359787 288.030757473942 287.642726803738 287.852547468263 287.809241918046 287.847472298753 288.00845833978 287.621399907206 288.35987832279 287.92177035621
286.916004246682 287.088120947361 286.741419062023 286.918523399976 286.734394443793 286.716165076653 286.763094078838 286.76606894747 287.192904107842 286.857920996647
285.783748679823 285.950451209337 285.727799555228 285.849454270106 285.876618698357 285.794832909854 285.733538278479 285.82395383602 286.102943215185 285.774498230208
285.100120357861 285.007071528198 284.961321579123 285.405247278108 285.274159949143 284.870362811156 284.959555843666 285.234866062416 285.42928288616 284.973424159032
285.140823476976 284.718880926502 284.769879092274 285.129136683723 285.026525675568 284.661921926169 284.766672253619 285.029295014907 285.366662021046 284.648170519134
285.221562929119 285.251764071659 284.910537087424 285.476746604926 285.253909136093 284.843447801192 284.950602746425 285.050951334308 285.667310253741 285.031077415552
285.954863638065 285.916072941661 285.716264025165 286.163922963855 286.092438778773 285.683206459477 285.846710113171 285.942852950819 286.310883739293 285.737620358713
286.923202901568 286.824800360955 286.787533673854 287.171658069521 287.092165421535 287.090256150026 287.02979153227 286.867575968419 287.459659226216 286.814748147358
287.964094662651 287.807313652953 287.79624486505 288.159623725847 288.008341144951 287.962539056876 287.991815964763 287.806521761088 288.272176635852 287.782837356642
288.655571981363 288.552091465079 288.583474491462 288.912358527842 288.72602041661 288.65642084365 288.659784118862 288.343991232793 288.998240982739 288.56084827561
289.018694595906 288.746713431898 288.835320672172 289.157189437173 288.884892655149 288.824466269781 289.024728346505 288.651215460821 289.131529271123 288.811714358782
288.670395319845 288.576127264904 288.697261119474 288.878706141434 288.692880062955 288.683325418635 288.724387431856 288.788702727277 288.913780416239 288.834674754938
287.99467952948 287.95332675975 287.869889585779 288.05066983188 288.032327405878 287.98348950353 287.962063198656 287.935642581952 288.133414731884 287.851218826296
287.05389596453 286.698618312474 286.729491986452 287.094141865226 287.096643955757 286.791944316589 286.818542427873 286.916316120039 287.166076474923 286.987028265934
286.00873521218 285.976768778567 286.00058928908 286.10687181379 286.166573701341 285.84047871673 285.952592916879 285.773395667545 286.219859184497 286.123855431356
285.278590094826 285.340110970548 285.361145748624 285.342440745528 285.215325739786 285.239112241593 285.306235286742 285.202340585574 285.683769774245 285.495928761236
285.174542685984 285.016118951148 285.08005361531 285.172195217579 285.242249932399 284.84544715193 284.983483393646 284.976169725759 285.160828967887 285.189693762339
285.322974782646 285.345556116636 285.395729483427 285.394531138946 285.709376825871 285.342257565213 285.385172150465 285.295358423852 285.448431632659 285.575994902788
286.208060376777 286.076372919025 286.146172357387 285.99559696497 286.476650578208 286.010698720294 286.14119007568 286.104850643727 286.187319591618 286.297614411692
287.472789151094 286.988204780474 287.251162323751 287.246913094869 287.320953871215 287.144450322872 287.098602744902 287.073274237234 287.414997513384 287.328115939672
288.188205932638 287.916031884728 288.216749301526 288.042031448588 288.42753353087 288.076665653268 287.884201788189 288.11977639532 288.159115590536 288.281634622827
288.901304011455 288.615294705533 288.880308585438 288.744918350064 288.940594330798 288.764221887666 288.796114246014 288.916366367593 288.951289231852 288.896549733729
289.008587322381 288.848234631693 289.093246457761 289.152667651358 289.241381478657 289.084898691956 289.103534384841 289.217751852225 289.277251217354 289.361419983356
288.833707815395 288.718464597036 288.881023256179 288.814445044552 289.030097252742 289.022272063779 288.804641901314 288.986563181103 289.067585434177 289.036853095899
288.037820977341 287.977031611216 288.01273216309 288.030217405032 288.045453598679 288.097341398138 288.120510687114 288.019696505206 288.207244091295 288.126272585928
286.885129333102 286.958959320242 287.031986143934 287.044529855472 287.099044832185 287.174401970977 287.194311274586 286.872242382975 287.177987624414 287.069264843656
285.860186777792 285.903123769948 286.133341182573 285.903106563149 286.110591543498 286.106907517772 286.284124161451 285.749137052122 286.034874763306 286.160465043194
284.961368735399 285.391365257714 285.423605699739 285.08177926465 285.387535425394 285.495238728698 285.538806483951 285.001464374578 285.466447557121 285.419861724192
284.720104242597 285.249065624759 285.102865642481 284.831747180781 285.140749580368 285.178248210942 285.43714322521 284.922522379536 285.187084407263 285.311237127466
284.879087564801 285.313644923187 285.308071634879 285.221169983925 285.301988519984 285.621214521854 285.355566522591 285.214640152564 285.428866943291 285.566404629376
285.794245199306 286.086106236676 285.909246720945 285.741812067694 285.962588454484 286.319325308014 286.365051218129 285.792444532695 286.105276937992 286.265811238813
287.009380805435 287.161758843162 287.123776330381 286.872553851492 287.121573787918 287.412277261164 287.145474439492 286.858113638952 287.061327182786 287.446934415648
288.051912863949 288.161544472533 288.107961393126 287.833733223655 288.095312739067 288.537036569865 288.067863871926 287.949555168943 287.932147677591 288.304079647464
288.675937343218 288.875441340417 288.93910282929 288.551503681553 288.901475076917 289.169748284832 288.741760986755 288.592574647073 288.714170603737 288.963887642623
289.0944391698 289.243632575531 289.222471380921 288.855095496959 289.054683653096 289.512358225936 289.051844468854 288.794672599296 289.048462100966 289.313858760061
288.845909659553 288.835792569053 289.037951666103 288.876188352544 288.871457551962 289.032502564484 288.766275131347 288.652677605167 288.831360930822 289.140392014719
288.126406538593 287.889142981553 288.161911273598 288.035837533104 287.982950897241 288.138352555985 287.993059982431 287.833536406332 288.085921904318 288.374457649152
287.165592540689 287.092709798838 287.15984086413 287.027969943935 287.099033583506 287.148348552477 286.797146469794 286.701344039194 286.968150069965 287.232057063546
286.092580311429 285.956390816696 286.05669525263 285.998280550746 285.816683756082 286.200723852625 285.823828430811 285.591816834748 285.989061355058 286.466354538917
285.322867505721 284.96485727667 285.428093392385 285.133711526245 285.335032525644 285.407428411615 284.974655032999 285.011861443007 285.25951467404 285.627401603643
285.327448412294 284.707841318786 285.006202470288 285.04940165091 285.387840086574 285.011240164371 284.630169520644 285.08665861993 284.910017169164 285.658154657544
285.562281907652 285.051239886439 285.516901719097 285.349179309642 285.569688836499 285.284555843962 285.128620558206 285.048037951947 285.246072829185 285.490970524924
286.054119705091 285.734489049033 286.278360869178 286.17804959882 286.281494865744 286.177877554688 285.694483476078 285.762895046671 285.923100983859 286.232825324296
287.075491656512 287.011479191008 287.252013568368 287.059564112112 287.325134474193 287.303095295546 286.774982002834 286.84251183056 287.002002854353 287.552872408014
288.139279336134 287.874874277227 288.243086220378 287.986747970119 288.251483763738 288.290454313155 287.70059117229 287.940602483481 288.03189645707 288.446012523746
288.942951896678 288.700058753468 288.930848705738 288.855567413317 288.798191288759 288.881935101978 288.50324224134 288.765968010397 288.835585444985 288.958251784048
289.260231945247 288.870922271855 289.159112530362 289.186741482784 289.292247565832 289.294792186042 288.949221132674 288.982237943172 289.235664765627 289.301406304191
289.032886919725 288.769903402508 288.975542328113 288.90404117152 288.909283665508 288.908204200874 288.776955911102 288.784138708516 288.961573252941 289.001389477273
288.126986688551 287.898607517056 288.064505448795 288.218943699695 288.156705078013 288.212976678905 287.900267477648 287.898960222457 288.252280474815 288.163478095826
287.09214578333 286.923405016761 287.200082451367 287.323099144802 286.872903142687 287.109336170608 287.078276722005 287.02949616171 287.139850606809 286.946835078648
286.076651368093 285.949509788617 286.275625034015 286.307889574754 285.893370568381 286.021581782582 286.126044790091 285.99345818925 286.243401424278 286.001246577086
285.129452755166 285.241990633212 285.264831765986 285.618703122399 285.121486821567 285.382961320022 285.150937514491 285.243943561047 285.643826078813 285.173357740599
284.845034266253 285.008683501015 285.006169413342 285.292640603251 285.10108022782 285.154668447404 285.035902709606 284.984461605024 285.304228736743 284.725644349574
285.163886415108 285.228699895491 285.426939308108 285.72322966037 285.256496082666 285.412726055913 285.501325493519 285.421522797437 285.452335637599 285.148567551701
285.969954655373 285.886279846414 285.96374122995 286.233366889802 286.194229006776 286.015470164994 286.194981846862 285.902240596809 286.514793418409 285.984685164854
287.039204443617 286.98901932253 287.379100969596 287.258661872188 287.101798349141 286.955973644248 287.176305875984 287.198099453418 287.473325617707 287.069038604445
288.055108066625 288.111359044272 288.093726551038 288.153685893823 288.032157502818 288.01882709386 288.202541577842 288.091045985711 288.298213009003 288.172726901721
288.822672578272 288.712532299075 288.804477727347 288.97818021402 288.643019407902 288.773455097038 288.775158093291 288.748276845504 288.997095827912 288.790026213625
289.147020616432 288.983760042723 289.079591816031 289.246583051247 289.142755939086 288.872032534565 288.943948790567 289.028568576209 288.915673583215 289.033211832539
288.856363128355 288.71673997711 288.729394689107 289.078642560004 288.797994975179 288.701435512962 288.641248145392 288.620492927624 288.702329760911 288.719278146574
288.14465363801 287.856304250354 288.017183484828 287.969094813742 287.978436947064 287.92983442656 287.783341142204 287.756388075102 287.79000746566 287.806748445557
287.113843462828 286.766731986458 287.024185417079 286.913315059145 286.86984162968 286.907081357135 286.734237057294 286.691552554742 286.73602814401 286.748156763867
286.093039375041 285.847064900436 286.061604684908 285.807193383613 285.877763546316 285.844722029213 285.394185787659 285.562507851797 285.609647950655 285.950191898365
285.237180036664 284.96896956177 285.269216853952 285.079857126631 285.096274241518 285.151536684517 284.785513672728 284.762093048139 284.912501303051 285.335277804482
285.23969923402 284.803743333865 285.151934197402 284.676812758168 284.895737099966 284.831884400012 284.50244612334 284.552451252654 284.774113888387 285.13003487818
285.600495328302 285.061640298101 285.417042943231 285.119201936526 285.014092995567 285.260124157622 284.857215100079 284.813578205253 284.964735662599 285.407468116376
286.168011624351 286.052848297449 286.039308053871 285.959077753729 286.008344079799 285.810301225014 285.74984972362 285.609272513947 285.612105395882 286.306222082691
287.301453166549 287.0941942261 287.106971463072 286.822946815654 287.073429854868 287.016253424011 286.756045912584 286.777338696919 286.810060857709 287.325608659575
288.201495893392 287.87939488173 288.012951748802 287.815145461424 288.101300987453 287.774672854648 287.568087252179 287.732121210024 287.936100145667 288.1991626339
288.758408094667 288.603517815378 288.655585945928 288.413445813705 288.838708089668 288.525651012947 288.304621879404 288.242228062323 288.605067764033 288.927185747121
288.970318619659 288.915178278821 289.014295188291 288.72794888547 289.041945639431 288.869979799233 288.805826611648 288.607314208364 288.98933023211 289.208828623601
288.789107682729 288.66480309776 288.723992945057 288.720859521648 288.757463183594 288.544489428636 288.573207756832 288.409075172993 288.727194785118 289.053105281316
287.863841786418 287.906308152054 287.691406604344 287.71379508835 287.920854935023 287.764664674135 287.79381469524 287.772070151599 287.826061282259 288.2117187563
287.019871000623 286.809902460914 286.744450166083 286.679394691798 286.946348849955 286.712001557539 286.699416924015 286.707085440973 286.881403005819 287.181853359224
285.891795600519 285.537228595043 285.79101272558 285.55397033202 285.945220829644 285.585008504065 285.635712916181 285.47475668351 285.866592908124 286.028606672762
285.277308609089 285.195193825749 285.021371212724 284.754850765527 285.065156073282 284.740760468402 284.952225459333 284.98138813654 285.293147983674 285.55723174445
284.878716304741 284.890843643862 284.758755205911 284.725109358005 284.803678555711 284.556489693345 284.77856470942 285.156013960067 285.014244427046 285.329005112661
285.043127649454 285.436994692164 285.150354006658 284.860834947233 284.974642280849 284.932272123075 285.246563735058 285.478089786564 285.304190361422 285.478599746652
285.902886177542 286.092709464329 285.885738463168 285.864709420442 285.733542050299 285.620350694805 285.746387083862 286.112232713244 285.908309316468 286.214899317323
287.043516884545 287.056188971744 287.062909162696 286.895313817665 286.839728099026 286.774195400297 286.984407739588 286.955838998073 287.0686196071 287.159259539916
288.016622481155 287.949421351543 288.042519332845 287.89219821402 288.047578251699 287.873300084951 287.875434911178 287.882266554095 288.045442398461 288.259891057625
288.688565669615 288.64648910227 288.728983329275 288.621539877405 288.742631569735 288.621593426136 288.663983225537 288.551114768776 288.713838935902 288.943318667684
288.993182803455 289.013808740679 288.926349447118 289.002554623175 288.900852874112 288.919971540483 288.968392511781 288.996384900703 289.088886076996 289.384949749518
288.713194161952 288.694010672518 288.736702543666 288.8910515604 288.869899290231 288.843397803935 288.971560063271 288.710709097542 288.747953520116 289.121364209361
287.916141636809 287.874437728017 288.040795151471 288.095701947672 288.048980671628 287.921564302755 287.995850599202 287.763002501345 287.958065039038 288.445729813871
286.982003608975 286.870442486096 286.898717132444 286.972143624614 286.920626779569 286.951664602493 287.012688184567 286.883785143495 286.809502357857 287.25418964456
285.966804155843 285.906858477154 286.119785343126 286.000204633534 285.86836436243 285.893010985625 285.998627483902 285.857394510459 285.766892029974 286.326733931973
285.089182400105 285.024834416341 285.32982713188 285.252144809936 285.144296877777 285.235248599582 285.173456968644 285.193355582325 284.988167119255 285.638105483874
284.982910808766 284.971629161518 284.934572852365 285.087705874384 285.048005054956 285.284666627251 285.22497881782 284.982725230052 284.851097010039 285.258011879931
285.204422676269 285.328232292434 285.280448299215 285.234072948444 285.426112306622 285.362350557278 285.618961617078 285.295933752696 285.222445414661 285.773554950153
285.973300404939 285.842061950807 286.152518124234 286.101113734037 286.081246884303 286.116959385816 286.279709583922 286.125882111542 285.829330375887 286.335749324887
286.940528775872 287.094601481106 287.056234221147 287.130812874487 287.013849581956 287.36183859117 287.175401572796 287.068794576586 286.980283256608 287.386812502045
287.878487054756 288.199559412728 287.988467481626 288.160875048629 287.943623486352 288.236681901569 288.140669614606 287.95497993024 288.010413122185 288.313938686598
288.586492694327 288.866238665625 288.777979013018 288.712864072737 288.649790581252 288.913662378672 288.742620186328 288.697389902496 288.82095732331 288.989460245616
289.014227670705 289.018676433438 289.026396241222 288.98126740707 289.022595513132 289.179157729014 288.993390119672 288.986151973014 289.117529347988 289.247749623399
288.862442337803 288.837251759543 288.923391137558 288.614238304909 288.870632334429 288.977866286527 288.597475422318 288.8013997297 288.919842479162 288.977610549683
287.87041647967 288.139719525553 287.993472301855 287.910375444 287.976342040996 288.024698153922 288.069640984897 287.915615008223 288.172549107462 288.20985216154
286.805665864417 287.095654071506 287.103828771442 286.8285747492 286.911632352568 287.112899919449 287.001453340934 287.068250511129 286.99192110496 287.269218433812
285.862718115337 285.893435983362 286.164471391744 285.679181034859 285.709267320631 286.084661058426 285.949817269866 285.755238309196 286.066378259205 286.015727760176
285.141742502786 285.257869826177 285.507359214567 284.957759289502 285.086599549351 285.459257443439 285.049887650685 285.164015868762 285.345058759777 285.198511635651
284.893994237244 285.144443194636 285.354861521806 284.774560171104 285.12724974423 285.40171966403 284.993144678177 284.687931886832 285.429063245184 284.891625433792
284.986556564921 285.381548636427 285.371386354848 285.073576062661 284.911411583399 285.525674165505 285.235285375207 285.313863220122 285.726601517194 285.046711425322
286.000004456876 286.067754216019 286.024197597762 285.912558104547 285.815558450439 286.245912789934 285.91393996606 285.961590660528 286.390509555887 285.824185754338
287.055831799857 287.062668438577 287.032821964371 286.94016952792 287.085774082853 287.269075488494 287.031868036506 287.0614498628 287.484515381458 287.110854284894
288.046139259644 288.045670108592 288.34143093404 287.884644205109 288.003312817222 288.434755173453 288.06854150658 287.998927092542 288.303475894633 287.988915051243
288.741247700654 288.772417331379 289.01820111734 288.524470603019 288.759297994094 288.938555132918 288.821066332218 288.745046227093 288.985444058297 288.788442441144
288.966892536866 289.212951717748 289.328851372413 288.814553411477 288.975933864813 289.31995962289 289.118569183031 289.122251959583 289.421704004345 288.89330010216
288.917656695946 288.796323193929 288.981106800157 288.88462515971 288.783150612 289.005752158901 288.915055731346 288.937035668883 289.064582293604 288.903415314163
288.027991355177 287.912525949502 288.215252775327 287.977693694994 288.090347127133 288.036290832658 288.103573982879 287.905426273375 288.000463219019 288.02950793994
287.011657877774 287.0166575206 287.186731652277 287.0448664687 286.990475101755 287.247162291755 287.07712958943 286.899631586741 287.197401261518 286.984290051215
285.964598246498 286.112895995456 286.037052336526 285.984380065452 285.725737297279 286.197362965096 286.051388317408 285.848560929767 286.119834838167 286.104279642828
285.260115825778 285.334258977252 285.253962235534 285.315092687219 285.126855192268 285.328086558316 285.382511800519 284.971781101387 285.292783802305 285.297149033861
285.114633953078 284.946617912568 285.386864850399 285.09714337845 284.963946251364 285.088519827714 285.16432720456 284.974866097048 285.216809215782 285.09863659878
285.367626107895 285.334530209172 285.37350331945 285.348919505521 285.375563020713 285.359784675404 285.345040232217 285.388588052888 285.49832325006 285.499657792375
286.210239954461 286.188843677049 286.277577372878 285.989327761528 286.285861951993 286.169891703836 286.268966591581 286.2729594937 286.261590459989 286.093124879621
287.338279251322 287.238099694125 287.241666882631 287.007200864192 287.230763055859 287.023149883875 287.282594128714 287.104268728741 287.360891185156 286.992392793251
288.236788295788 288.143534061471 288.164519448269 287.986116953395 288.19904402247 288.152462288877 288.324983019614 288.139956318217 288.23457491479 288.072287007789
288.877012982619 288.924765710938 288.960770353816 288.738495919229 289.001970678058 288.603237245826 288.857052361297 288.846816485628 288.998107995105 288.872861051704
289.139874264569 289.139654881852 289.179131350419 289.136701571151 289.154481603659 289.014922470158 289.252492411334 289.175107601969 289.376384462887 289.192630422703
288.947968208782 288.87356696043 289.01597196146 289.123498676778 288.951750653389 288.998467815583 289.050204531199 289.061679570897 289.190120847473 288.992719253771
288.177289283955 288.19282826149 288.080533418952 288.110519095295 287.892890249398 288.127584077859 288.197637718471 288.231455236895 288.25194667554 288.235428437622
287.283410648216 287.17498757416 287.067340153907 286.921232655499 286.950915325906 287.132798707922 287.10330576085 287.223224882878 287.176908992895 287.245971544146
286.258328081933 286.073551423507 286.253408747308 285.949421121735 285.928325389546 286.164392150705 286.197783400029 286.289055680749 286.097097367606 286.338620742356
285.700334544442 285.297465496982 285.296733651595 285.013851297185 285.247670098771 285.699341866553 285.183346587227 285.501439849844 285.357563580003 285.752936705623
285.606884755828 285.214399928322 285.207596571437 284.816128093469 285.146859077091 285.12888906618 284.973144041826 285.511908334403 285.118151564988 285.226876902187
285.487154698217 285.591119840045 285.310977950357 285.338744973573 285.452760972248 285.477814874722 285.359222581646 285.852388876161 285.607530420547 285.733353878892
286.335509048346 286.358284978502 285.830995697119 286.041518370179 286.042589653981 286.34737583366 286.041046295939 286.365395310186 286.335145910339 286.448106092495
287.439415175497 287.293239093274 287.041062439573 286.994578418005 287.014031369847 287.177249660434 287.123087466197 287.438926920684 287.343280624208 287.484789197287
288.374448573496 288.194969124732 288.075942238234 288.089796690938 288.214693881951 288.14876459241 288.201047047963 288.291600027342 288.128977062793 288.591173282747
289.146688372757 288.980866226155 288.918544398616 288.742443258345 288.882044769902 288.759114200869 288.922941412105 289.083197413343 288.945644960456 289.083680435723
289.282108021199 289.350168053217 289.19563261682 289.129698458479 289.105535875468 289.079663559608 289.20021990039 289.449273262934 289.236629288531 289.419420419924
288.941308297736 289.047457500907 288.926328893802 288.918565218567 288.832262669737 288.913158078218 289.06694314206 289.162015687043 289.02299957093 289.091582431877
288.300417945156 288.365286614496 287.998377260586 288.18107701139 288.114334984404 288.094678264549 288.368512089096 288.170383644822 288.099915015271 288.24634701591
287.200119242818 287.294331333192 287.109534492855 286.930696130357 287.044150544006 287.037080890585 287.189638813819 287.117300241476 287.106264132724 287.248717281517
286.201774243495 286.230149156047 286.174705285981 286.063586976673 286.075255011823 286.000849815866 286.017346978445 286.224371031676 286.028933407459 286.25194997911
285.219832087181 285.442198583027 285.2997923137 285.280287633912 285.217081115577 285.198773631666 285.386905539278 285.394766566053 285.14504551034 285.421081707146
284.81285224776 285.272246894622 285.181536917535 284.875024782311 285.141957261193 284.827977693044 285.213322115993 285.131235458202 285.124512348097 285.115497444672
285.15550241939 285.774319256422 285.412502670368 285.160772661686 285.597850985457 285.120728566857 285.583508174103 285.346237409671 285.268198192664 285.310794270469
286.11950595495 286.272081046443 286.08620493349 286.005197794337 286.174783269036 285.953935451155 286.173419855695 286.122651998504 286.259688762036 286.25460750745
287.068010326319 287.322171561928 287.340921143463 287.144605136703 287.133746932143 287.202228801126 287.244188213255 287.320772620194 287.085445237728 287.245962270368
288.011222623029 288.369651341118 288.282121474776 288.131364315128 288.243582886708 288.223746449563 288.171479497553 288.047887065426 288.20373420254 288.13423642606
288.865568341266 289.00901954364 288.941737708671 288.919844070181 288.920617822879 288.927452339027 288.880820582496 288.766626688936 288.997721956283 288.82696169586
289.028908842653 289.254936624036 289.236765978904 289.141281343785 289.329252903525 289.26973619007 289.140086659919 289.149779096398 289.305555064822 289.253358023716
288.991791995494 289.112688699282 289.031123704145 289.036397976103 289.150497307933 288.927017121142 288.980962546439 288.899992048597 288.880582098129 288.925203967605
288.057183126264 288.224427632736 288.248640005117 288.256402393964 288.3216262458 288.258479315089 288.250234979428 287.960863150779 288.081723884922 288.232806268391
287.075681169654 287.125974881395 287.175412808034 287.288761289398 287.23172944088 287.304827391693 287.263169828867 286.970640152098 287.276123486511 287.041817531123
286.056161298521 285.998725113492 286.357957294379 286.059100267257 286.095895060793 286.288695207045 285.895569042947 285.991915415335 286.127894330619 286.0200075679
285.261670949867 285.343447871433 285.511680242127 285.404835588073 285.570696837408 285.460813659358 285.179323519412 284.864838950442 285.230092766928 285.359334073492
285.148097108687 285.121347813861 285.274080329416 285.197166789915 285.458059294724 285.156008984397 284.885839778927 285.012963449358 285.083698700171 285.264067243157
285.399131739206 285.616889045013 285.31497808322 285.292094922521 285.864249360628 285.525890465495 285.446329741115 285.406905290435 285.35023624048 285.293519494959
286.012942365571 286.287341935083 286.296483166838 285.920231565095 286.432087099766 286.299154247993 286.13768664146 285.929223797126 286.151073547849 286.094637109838
287.136530784375 287.255271800951 287.338605681656 286.987704775082 287.477626523511 287.242681759621 287.281439636655 286.992019961254 287.098555319679 287.142325723791
288.140203134123 288.255637533141 288.139806069242 288.046883710977 288.351104975719 288.08462586561 288.248818770025 288.060738692012 288.035954610043 287.934587857557
288.784633025534 288.952683076444 288.983407055038 288.633972447372 289.032357943063 288.896037831536 288.923736687056 288.801494397216 288.916862120509 288.832819772331
289.233720160912 289.363450362819 289.264173889859 289.091086760507 289.431125285791 289.272714954455 289.221702759454 289.062824931439 289.061769976083 289.298189189331
289.072660980316 288.99247263387 288.902438180562 288.776170957363 289.379824434277 288.956297468306 289.074717264741 288.775162930443 288.949379384793 289.01508085049
288.302148604483 288.347493458418 288.142130135623 288.296555654593 288.439283532384 288.164839166996 288.296343960744 288.120134426189 287.888689683061 288.119077954255
287.25353471405 287.305153551574 287.179331945756 287.186390137209 287.187271955678 286.952962144478 287.250945299884 287.223745086468 287.045606229139 287.304083873778
286.163203189036 286.396910708626 286.070332974836 286.232843183123 286.136345387123 285.878829106 286.56466689173 286.173018738657 286.081510250631 285.996266416853
285.36776093923 285.759792679582 285.32741271632 285.367377265574 285.345413023152 285.084463698148 285.417301967202 285.330141090006 284.990403995649 285.269662411051
