285.448645567686 285.469862560023 285.48350892093 285.338196102869 285.456777991519 285.525326617239 285.370711994075 285.537068118715 285.453343463765 285.424562774747
285.597796457805 285.603412696809 285.739935907143 285.647510367537 285.713137534229 286.012257377246 285.78062573665 285.768995819089 285.922538639026 285.809527786261
286.274335795929 286.335762956852 286.316350073811 286.382259020195 286.304300879967 286.575037196827 286.492914647942 286.510554288691 286.427913610686 286.417305788572
287.303563425691 287.414037935929 287.440332440761 287.622837998108 287.47765370833 287.690895951116 287.413043358233 287.449702463576 287.452361738333 287.454488293482
288.32114127584 288.289725318381 288.424850021528 288.43482085237 288.447784399085 288.562185113755 288.381945263791 288.380194681111 288.390667671474 288.448871953936
289.01732281135 289.014128633507 289.028655171015 289.123773387266 289.303575375612 289.240529917406 289.117792600618 289.123921125143 289.17956897355 289.013634362206
289.390629606913 289.375742938967 289.472866432472 289.420124586273 289.576127687157 289.57184213009 289.459329979894 289.496810538416 289.494502169896 289.577165754686
289.116820711317 289.092234459637 289.29199626163 289.252434690857 289.327409253842 289.317387180335 289.146734705182 289.252787765892 289.261576033615 289.313776869708
288.134034845521 288.035894487086 288.211349465058 288.396948417975 288.351283170093 288.316217648998 288.298221538866 288.330724022936 288.488444512794 288.166187358688
286.970599494741 286.829327742668 287.259753543959 287.255587462834 287.269249309638 287.099210933492 287.106909265795 287.146721936117 287.000359866357 287.10510018418
286.034754262095 285.955577807706 286.064792006174 286.310030370932 286.076124071446 285.988351748686 286.115849901517 286.189942127984 286.031250278188 286.02276264461
285.114054786745 285.120090493771 285.294502145724 285.255899978079 285.676377059948 285.367401833928 285.386123619559 285.413736801476 285.136161621012 285.220448217768
284.767866815633 284.784798601112 285.018850665864 285.005032872737 285.243012112362 284.997668028767 285.065756345441 285.20869580152 284.873704844073 285.020069298741
285.388207732459 285.085573215133 285.459289862263 285.154707436895 285.451405767735 285.38755356862 285.515425876857 285.686676087656 285.128908922148 285.235750309289
286.022276278103 285.920598539117 286.198308491903 286.162531551076 286.348138098793 286.164087377606 286.191249880166 286.386391033008 285.95801157672 285.816195575522
286.871363095463 287.073686936109 287.154702728417 287.240645958194 287.136272121746 287.052877550369 287.310435985046 287.353544673802 286.969532367737 287.075948079666
287.860641887565 288.054366483684 288.079608512847 288.267910479675 288.189639182117 288.165143275974 288.084986284879 288.293492348511 287.968547125667 287.962738670459
288.746067813148 288.734763443748 288.904098710906 289.027670900671 288.750905839625 288.782447793924 288.827460649238 288.911851171844 288.666997918856 288.661641551188
288.976214632903 289.083824685247 289.016280861006 289.305512920964 289.235311368207 289.12248950832 289.028915612665 289.15274529032 288.924054404021 288.849196227997
288.720941405883 288.939611321859 288.681318786992 289.071223772259 288.817049877255 288.956165282708 288.771369625021 288.786900922363 288.827052645014 288.599361552857
287.824942106777 288.022669298267 288.161266294551 287.94289428943 287.766590191999 288.044315122701 287.763176493999 287.951732417367 287.962980978561 287.792186115056
286.656780314339 286.91764682441 286.85691357725 286.8206033578 286.772928668051 286.975166867679 286.528706070669 286.814981439566 286.757251645949 286.70041905168
285.680100435605 285.875549154759 285.927031546325 285.781578526409 285.545812492091 286.18523438957 285.432678197456 285.831005502474 285.33530976149 285.614948175361
284.72149572732 285.11754333459 285.282742136293 284.871571758257 284.845608168597 285.09163467635 284.590041979577 285.035028196757 284.63595369825 284.746456410429
284.588908050498 284.751578621482 284.849578067303 284.642359104783 284.561734768196 284.541616552749 284.300121133528 284.649909073234 284.480944960107 284.408108680523
284.706633455815 284.986564557128 284.672561999138 285.071193125178 284.715607264286 284.991554249281 284.804867644931 285.027284041814 284.721463603723 284.554466085576
285.441957641172 285.801840110673 285.734282563532 285.612568268232 285.662994519202 285.842213522599 285.351207727007 285.681565071536 285.648497657967 285.606144758756
286.582934601966 286.748019544881 286.802123148632 286.83133473152 286.919916212341 287.028141132528 286.580403478736 286.839947825837 286.927686033299 286.521785803561
287.794907913696 287.842988270284 287.788148401687 287.874611152877 287.726614731763 287.972637084728 287.498093707789 287.747545851473 287.81888205784 287.586014163778
288.396928812768 288.600220648816 288.455436447138 288.4940599494 288.448836892792 288.686187906005 288.341989740299 288.531781938482 288.460932013978 288.498341249207
288.905432430406 288.933111501484 288.839372158916 288.99600935432 288.887952265551 289.00269669939 288.647035777615 288.932211703708 288.838973470333 288.712969345686
288.617770415195 288.598344796056 288.603206688876 288.72441323702 288.598992589553 288.704415954297 288.400240040884 288.651363818949 288.531927546171 288.400269564979
287.732838835956 287.82933691049 287.574299250819 287.813130422016 287.810955988131 287.625057861085 287.699854890382 287.714447811239 287.620556648225 287.70927366096
286.500359096034 286.677744484115 286.662552804598 286.682451929125 286.599519385927 286.711701722626 286.488043416875 286.593921990851 286.589253716288 286.579805938069
285.355290053709 285.610702539853 285.700358525485 285.689074511105 285.487765407592 285.622673409622 285.424101204432 285.453061707359 285.54270214341 285.437179212989
284.462577588871 284.63244670239 284.639244318572 284.72135793037 284.563514994152 284.680283345639 284.48012836696 284.646512607661 284.752018961662 284.708948020377
284.225086198157 284.546243760132 284.550526067022 284.334754760722 284.461155441812 284.392341014504 284.368932301792 284.348642718927 284.185860920784 284.322286058901
284.476203693117 284.692824900553 284.725667068902 284.569153051523 284.699246354354 284.943204853813 284.73691883249 284.60380168597 284.713055342284 284.784206557593
285.435185980837 285.276779878291 285.510039282855 285.48038439565 285.382687382961 285.564420061274 285.445742562336 285.337395578127 285.613956119226 285.53675830921
286.500234005903 286.536133256642 286.623375686634 286.634846773701 286.457460322146 286.652136046982 286.465910289842 286.43352439138 286.66530024327 286.722545941211
287.629758911696 287.610570005414 287.633642260763 287.79416570678 287.466228037815 287.591491927377 287.549576354704 287.494263765467 287.771914150106 287.525748063476
288.315260648626 288.143366440197 288.292557043143 288.403563416677 288.287721683474 288.432245165178 288.272675371673 288.42275031887 288.37308950554 288.150126019197
288.534790841354 288.530527926976 288.611348842211 288.603078081791 288.626404641196 288.822427075813 288.71733454515 288.745657732774 288.62997633805 288.408517377008
288.253348931693 288.458969912714 288.673395963171 288.406672922256 288.415389753539 288.493298223278 288.371896572326 288.484976007584 288.389516693969 288.502009212903
287.423750996673 287.609481907512 287.606269675826 287.686758901022 287.410440027677 287.749129037315 287.567669496605 287.654842133392 287.58191402816 287.773805846043
286.511466876426 286.329315176127 286.552753082558 286.634559033573 286.470107405829 286.707042168863 286.486215202794 286.628557740282 286.461664850315 286.744812252182
285.415069533014 285.264171543459 285.562577424841 285.321715336825 285.189945291268 285.542612392096 285.326194563508 285.582242013336 285.319177913532 285.54988049779
284.464400376507 284.517269788434 284.697476577003 284.666752413844 284.59383058445 284.548260230623 284.731531459738 284.950011969296 284.624423284919 284.770105783433
284.304949004117 284.274351255516 284.196107011454 284.215179482002 284.270219683386 284.257301275149 284.565639654441 284.488325079617 284.635225470498 284.504958168996
284.374426060315 284.62579591616 284.64210160494 284.409879237861 284.704031520942 284.699386914013 284.844265521568 284.749656551596 284.511307572897 284.712103928219
285.2718291107 285.442802141814 285.506675661598 285.303942453877 285.345403827477 285.627597523397 285.615893455729 285.760175668155 285.550844540718 285.490349797992
286.592177849612 286.687497292587 286.688378076492 286.522384742773 286.642731799002 286.670940546224 286.783588049678 286.743931706557 286.641108596986 286.7190605913
287.504047757983 287.714924012309 287.600886205099 287.54920512683 287.614320461112 287.576134143479 287.819364183544 287.685583448216 287.734076892184 287.728914854302
288.333404683393 288.51669759496 288.320713617382 288.218883551962 288.480809642197 288.382277946832 288.431621775091 288.369027191816 288.517022511688 288.498572857154
288.742725254104 288.831293228586 288.680424308731 288.530668610668 288.876944588859 288.619489262923 288.780932459979 288.713490916889 288.948384636662 288.854575762607
288.400416866771 288.443893416623 288.586502916629 288.470812948687 288.578607132998 288.532636757088 288.598174964281 288.426425400691 288.494447400934 288.825728210208
287.442881080871 287.549157566749 287.666969933836 287.70329142108 287.673691978367 287.565602210547 287.683073279467 287.360182353525 287.593003166835 287.839096174355
286.416015723831 286.538913692958 286.661338424738 286.589931356974 286.469224360016 286.680602424857 286.520827441914 286.496907757969 286.446857422426 286.823771598913
285.17738210063 285.577790712175 285.387408966889 285.294483293958 285.359272418817 285.583334887791 285.453145647963 285.455953258145 285.421856333912 285.840549700414
284.470659796196 284.796097288761 284.568427770865 284.518989552232 284.524195865311 284.723111950415 284.65628196248 284.800014096609 284.536755190258 285.034220345888
284.115030106049 284.250448895745 284.336812522834 284.327049314816 284.418440099903 284.50970383334 284.289329981025 284.499503529365 284.263671017213 284.683236965163
284.496847079338 284.647885057558 284.658489140914 284.579913368241 284.538672474771 284.808919537482 284.542959506074 284.660883378204 284.557372688822 284.856877560616
285.362321332969 285.563027548834 285.21394216255 285.536630101797 285.458135804274 285.646724426734 285.416390276648 285.511427140169 285.356333912568 286.033701385976
286.569355606937 286.705923095141 286.445629508723 286.598645376158 286.715277920276 286.702476108397 286.565957461013 286.570563630034 286.51194416485 286.826438586864
287.535427408591 287.792282420453 287.590848400984 287.569369058055 287.827550324196 287.681896482718 287.519872268217 287.634465794693 287.705701231664 287.868563668583
288.255352421703 288.466512461335 288.201829527989 288.365171520116 288.430847710059 288.456646315908 288.26100670308 288.40297522843 288.397616845996 288.659408052643
288.648009459514 288.718873747819 288.479665661733 288.745600693997 288.824259687814 289.005213251013 288.520062417945 288.654231461604 288.725818180985 288.892957526488
288.491608024741 288.475067613177 288.285087613965 288.432909508025 288.553667253203 288.745333713361 288.632584535818 288.524396479527 288.569313650687 288.691326419786
287.551324648036 287.520338564688 287.477085626828 287.375748716462 287.861354993648 287.96726364261 287.776365018992 287.617107565011 287.571266858649 287.662317179365
286.559553939828 286.308478386884 286.458453444688 286.375923528239 286.763219089018 286.923020453505 286.425348707923 286.515410354814 286.486117656549 286.547286748322
285.259704412322 285.229138993379 285.198292046872 285.318266469011 285.462397413948 285.600048395075 285.316067105044 285.434638781449 285.398952171092 285.425376404482
284.502469157121 284.720575075515 284.268977391589 284.556858055832 284.559549318199 284.876044628549 284.510076739413 284.711757570714 284.42991312061 284.531501384339
284.293767145767 284.416139730684 284.199204249356 284.420268387175 284.364710971573 284.896358222545 284.347917767791 284.625223619889 284.310834950348 284.272036148133
284.575528177136 284.855919684313 284.605119661533 284.683298192647 284.436473265606 285.037908973873 284.847290770298 284.72303728471 284.704999379949 284.745494044478
285.315826800951 285.549027189181 285.420223836893 285.412635994483 285.667567641446 285.939017604238 285.340227815193 285.626860354067 285.445229759276 285.552757787649
286.642539686962 286.632608480657 286.650312660621 286.57505316648 286.733306523279 287.118031941026 286.525911319668 286.865366393884 286.400509986171 286.495065985644
287.710806976817 287.751357235506 287.561220899184 287.56754602736 287.858029972706 288.121949127812 287.472837708586 287.913654590392 287.600085705883 287.398537854548
288.336716784864 288.418353286916 288.394592312849 288.548995762715 288.430071460581 288.792974252738 288.413407399198 288.626005217766 288.373898667513 288.356878609445
288.614662978699 288.778452429153 288.751456468319 288.783622985596 288.875048610193 288.977848691835 288.707051603231 289.055289716952 288.553089592158 288.625455994837
288.320083080918 288.620039983399 288.483979333382 288.523111181712 288.7062238541 288.892752966531 288.640719591408 288.838930211003 288.352365187676 288.362831479242
287.612667608769 287.635491938963 287.593085284663 287.781042721408 287.589207175092 287.897678753895 287.771684870007 287.981627340261 287.569805971025 287.426031718628
286.554930586333 286.584730943351 286.543427342761 286.678655769693 286.40646678829 286.832078994473 286.553746115387 286.972921932647 286.594048742611 286.359124144349
285.4464661876 285.661244996024 285.452450276574 285.391973032181 285.378964696517 285.70052147046 285.666309505869 285.546322100418 285.47112130997 285.236745428336
284.706127878453 284.98633357644 284.787514871408 284.740457487776 284.722831654811 284.551821313174 285.026277590901 285.02538105164 284.648383428973 284.551335941025
284.329649153009 284.78105327957 284.235982057905 284.48164940722 284.574410868142 284.666432312058 284.54782790629 284.645569389046 284.512987456734 284.305110484049
284.544776727175 284.996946927883 284.613956986266 284.808176886432 284.881451593087 284.677350447337 284.791376350471 285.03967277999 284.567969926586 284.714907384656
285.346212121651 285.789961543138 285.528181942156 285.583899273463 285.616883483922 285.538158903841 285.834658510494 285.61603408745 285.451921490851 285.552722020528
286.458367170277 286.960046478673 286.744382054035 286.746808952774 286.549516544284 286.774402709778 286.958425888924 286.74504552656 286.501206614827 286.703206445548
287.647215295456 287.977404525874 287.794994171399 287.762773328259 287.5121902112 287.724061199753 288.115051555453 287.757523987157 287.676778319226 287.683289887052
288.428864846659 288.52321614781 288.585293110434 288.641184487003 288.325285693057 288.562401039903 288.7295804481 288.531910882837 288.339015834904 288.369929044878
288.64801521668 288.878293460783 288.924594554713 288.864267494179 288.712051451923 289.019461119431 289.122478554351 288.795896954597 288.753180918676 288.628514140273
288.556330096443 288.675412164279 288.711468292962 288.571378666728 288.383006692143 288.823003923655 288.804949771962 288.51254129613 288.43482388701 288.425199707838
287.651743198682 287.6836948995 287.78119731693 287.811103795577 287.701208366073 287.721843750319 288.028910975307 287.567895774983 287.529314576281 287.545578490067
286.435440318143 286.405342666443 286.386994696581 286.754448969492 286.556284782185 286.680728010519 286.976293793438 286.369479529662 286.377969927068 286.599565923144
285.52531318628 285.23729612762 285.423004529142 285.644946408988 285.236373026228 285.602344640259 285.972273673931 285.305141491472 285.289864510811 285.661544070424
284.596769892856 284.52453682521 284.653512632421 284.737540516132 284.592815528495 284.881513060334 285.044864227049 284.563480508547 284.34821244855 284.681639391799
284.342738166124 284.043550851554 284.459572899027 284.545065964889 284.399525631789 284.717537912138 284.891186855084 284.532918322451 284.024656726375 284.517545356753
284.890510635944 284.431333864294 284.608810676081 285.252989976307 284.584587532433 284.685552567391 285.065531670405 284.45736224022 284.162427155483 284.535215747313
285.458202449352 285.187842187433 285.331159258211 285.936609574766 285.438722739506 285.426632166043 286.128923379346 285.387334127669 285.425859991365 285.493103190349
286.623665159297 286.505507075488 286.577029643357 286.833029459603 286.54382199026 286.597513321505 287.07001675136 286.668317788365 286.469888698423 286.637465946153
287.582654309074 287.418487299576 287.554151033783 287.954007947625 287.700945989342 287.659377311286 288.003528039768 287.628509492882 287.474755372941 287.668379792241
288.313664591846 288.197635115006 288.426830742377 288.590450004721 288.426068981606 288.438700908769 288.76286495477 288.229324031775 288.271745396717 288.380687061195
288.823525220696 288.480510742878 288.59828873044 288.866811162036 288.690646294222 288.594758586322 288.876865666763 288.651197032065 288.68502415865 288.807797405979
288.422747043595 288.399022824947 288.448486001374 288.666118657257 288.509100739961 288.402628414477 288.582578588666 288.393226587773 288.388297405394 288.4954996359
287.655529920507 287.496411818396 287.593992538944 287.804577952075 287.689370557131 287.734345865044 287.822829498764 287.403238322461 287.546994981793 287.604310485114
286.709996145755 286.49897666046 286.543037179671 286.61312106358 286.588833545113 286.624217562777 286.885186395937 286.429002406815 286.362351296742 286.708290798688
285.707563882067 285.50237917879 285.469118131986 285.427544801943 285.495656320609 285.467829325825 285.582324689533 285.431393369155 285.395514379502 285.323694254297
284.929163693689 284.639059366142 284.937195501974 284.862430403662 284.717431550709 284.645956843192 284.717059729462 284.848031750717 284.59243764194 284.602168041059
284.834079183052 284.250922760568 284.486743118415 284.652547953239 284.644597502105 284.383367908579 284.482154184857 284.482174051517 284.461409989086 284.443361236166
285.039390812453 284.59755256677 284.934074967477 284.93804876844 285.022699949395 284.45272396416 284.714312007276 284.641130921734 285.126740598198 284.750201826844
285.836473295462 285.476241893227 285.593233173502 285.852350858782 285.814148179231 285.334962666788 285.532651055325 285.431279789492 285.618710119608 285.596856643488
287.016155537637 286.578695115368 286.887069300294 286.994467977513 286.806674102945 286.531822109713 286.726191033929 286.76145732383 286.815954591584 286.769522539165
287.99792990136 287.580322657783 287.706567890161 288.084458565313 287.945417568587 287.647696454228 287.630948919637 287.691489374528 287.71910205727 287.745905071567
288.659876550291 288.45354347195 288.529045750409 288.705443454797 288.659813503913 288.302011359945 288.336432691612 288.391106192115 288.553064816423 288.376010180369
288.874039585842 288.614392739964 289.02378084293 289.019982391214 289.030532715479 288.673474929161 288.684131984678 288.679909310765 288.819587350957 288.825187543233
288.671391945005 288.489885081955 288.71484006142 288.833462248142 288.637214368463 288.40897681033 288.311546174172 288.545508880634 288.61464598148 288.58005639656
287.769284423121 287.503701011633 287.86616719437 287.826388289482 287.813987273624 287.599071088561 287.658323158274 287.749887647974 287.794524680347 287.712459969565
286.795971353508 286.497310206247 286.803031041695 286.674678971343 286.808209765551 286.503435845613 286.670417536811 286.750247240273 286.628928009085 286.533844568535
285.71230992348 285.409237923926 285.729069610094 285.487742355 285.658714383124 285.313555034783 285.5070528489 285.523797128531 285.552491736944 285.295001963555
284.855453273675 284.559476702021 285.023489062574 284.881217550843 284.750487662261 284.607278255381 284.804508143287 284.904802360622 284.598800960585 284.495285337195
284.689183306652 284.482141717621 285.014629632302 284.820664400698 284.504563351324 284.31850802205 284.512631555294 284.5453625418 284.460852407914 284.472123445558
284.840552312168 284.76810075143 285.099987260507 284.961263687225 284.948863184247 284.743445486204 285.033346052847 285.043874805793 284.682119784058 284.753948838034
285.653298025674 285.629099489707 286.0911274243 285.782920367052 285.785509962178 285.634257882259 285.550700275906 285.57951448453 285.629872334106 285.25220993865
286.733198970189 286.705508134156 287.040134914604 286.870690715341 286.858168081964 286.752569233829 286.609167439997 286.765746383069 286.806191761872 286.538157063936
287.728897099644 287.772570602659 287.909824564735 287.875795024787 287.617068948215 287.774880373661 287.614795157331 287.784069938688 287.789554514884 287.742600260542
288.557184205882 288.341288277224 288.522364029189 288.48512330356 288.396052828109 288.499837123144 288.397700893039 288.53572100548 288.626735394727 288.40396067781
288.877394988697 288.710358327732 288.92485019774 289.093510150233 288.750487665657 288.905317768897 288.7335272221 288.92560412069 289.00174507444 288.789133770568
288.565477015932 288.71609357459 288.560646880007 288.754384162393 288.5124051056 288.617553242117 288.429210228055 288.628383951261 288.624193007342 288.502879077507
287.732210965811 287.737605782049 287.825787255066 287.92987390388 287.720446524529 287.615312405851 287.634446849372 287.750139716706 287.661887316758 287.745204638792
286.619860175086 286.611483764785 286.642850549688 286.791255046289 286.507280889906 286.701167850071 286.584806439891 286.811508289692 286.718567662429 286.58721868639
285.444251594039 285.485247301066 285.394347170863 285.817448399711 285.296353842001 285.441601637697 285.678865546692 285.688596633112 285.584899992941 285.330140419322
284.869778867125 284.653002566607 284.808165459609 284.881449688451 284.572999300022 284.708862191075 284.955817917466 284.86012765269 284.677760968781 284.553441537135
284.395770129988 284.411225316716 284.475512950673 284.545702916992 284.378506247933 284.480215746279 284.631081425577 284.636653695049 284.242981473915 284.746023687388
284.707509157397 284.839340105167 284.545296284339 285.002990547451 284.850034484184 284.922893791792 284.828837428935 285.264076671733 284.611506674761 284.908890111092
285.452319792763 285.722851427631 285.362232258351 285.717437459569 285.458442174377 285.705625341502 285.656444979475 286.005919804799 285.510071109731 285.887382752698
286.533843282052 286.771665439485 286.491495456753 286.872365184975 286.712020960591 286.717855722578 286.841504870257 287.195539883429 286.700064194539 286.743513605554
287.708579649798 287.789570577929 287.517311333656 287.898112873824 287.595598131077 287.751971980707 287.913398702351 288.042471303583 287.811149135802 287.816046062418
288.509866582597 288.504042520349 288.280852222806 288.680798609192 288.34905201607 288.575955319021 288.504689476282 288.836997507109 288.49577173694 288.633312287744
288.83880506062 288.895976547932 288.682912151493 288.898703391126 288.709126402619 288.989436533255 288.941439207956 289.15154091106 288.874722918256 289.113265884855
288.595677255233 288.810444647382 288.411814761059 288.81761198705 288.622683686567 288.691563214245 288.663230369406 288.81578601325 288.53109552548 288.900139712568
287.685566440455 288.066654773461 287.537355911562 288.003114390572 287.744038467221 287.867316937827 287.970391902759 287.995657859616 287.864411520151 287.981383434805
286.773139011864 286.920530100481 286.44386553516 286.868386379731 286.62831893341 286.836744941245 286.789242195658 286.921283356644 286.728004281213 286.895242334904
285.683597266083 285.947481661929 285.474177149225 285.871609856264 285.496899554926 285.866845167571 285.416336225021 285.712322506238 285.699063158985 285.798870610864
284.905052686458 284.871170865321 284.584450021906 285.038699631091 284.748071912145 285.129876271863 284.749144889914 284.75320036875 285.007756378863 284.963959503635
284.678356225283 284.820916771197 284.624193749043 284.856858797254 284.444969524109 284.993475789299 284.470406289222 284.729004822872 284.726095536709 285.02496273881
285.183199639554 285.274093938215 285.079409729326 285.102225473087 284.691379276896 285.266399301949 284.874183091512 284.723926918563 285.045800479111 285.450287256321
285.937797721077 286.057297014758 285.839568266228 285.803166837631 285.531592553331 285.84174207568 285.648725385713 285.666098164172 285.879926919046 286.057823623983
286.914402659119 286.957319868065 286.720339938792 286.95030268897 286.761076272617 287.069488371915 286.840559681316 286.820467672235 286.89352118112 287.090297926383
288.021071547313 288.072024186291 287.886005944022 287.764793256513 287.878302235155 288.011878174719 287.978735885957 287.906112923551 287.942830399326 288.045671665284
288.656356061319 288.828666268233 288.489074767972 288.469960410031 288.532077373511 288.865837040219 288.703991844367 288.684300790836 288.775260679583 288.836290363231
288.992374785043 289.079296281227 288.82514040129 288.908089868506 288.981660005187 289.022440624763 288.952715765943 288.997007430055 289.01266992951 289.178348506
288.908083863545 288.853804749566 288.639438061386 288.592956885487 288.798658789291 288.744866464494 288.821676362167 288.749641969296 288.867850379744 288.909268323348
288.005946054836 288.045302796874 287.895776124436 287.922022729646 287.897958483181 287.98965753874 287.831385860986 287.776099045032 287.783727075518 287.988668241077
287.028485271053 286.98883937207 286.799203269528 286.841544976755 286.786801997301 286.893497187713 286.862404232745 286.815871959546 286.864469297387 287.042340650374
285.715006367174 285.785719521054 285.92497776397 285.680559121723 285.733153645146 285.650144024432 285.785380900135 285.693725598261 285.929288615856 286.048274612121
285.019697903521 285.29906602991 285.158012391531 285.065865589691 284.98836945372 285.057825784164 285.171530875991 285.01626947262 285.036040114443 285.452589598893
284.885653530639 285.201474394455 284.875094043518 284.839188216055 284.881999469304 285.117706065132 284.819771020035 284.964538044852 285.031592504151 285.078761274473
285.354232048858 285.567809767894 285.383562357502 285.00817716796 285.280327352299 285.184606716582 285.174528209851 285.391452031521 285.121668664054 285.03576621781
286.105315071208 286.321497449047 286.030444929427 285.800902952615 286.008013452177 285.957649931393 285.990292369225 286.166107303064 285.829336217163 285.915961517235
286.972630876004 287.303534531431 287.302571162438 286.937425396487 287.144610650749 287.16980019293 287.026209847433 287.290367791029 287.07870608606 287.048854139567
287.990398785414 288.217761288485 288.004220435507 287.961760216634 288.261478159781 288.139323656989 287.943441213967 288.218719061249 288.072753832518 288.11287000791
288.746192933773 288.952559938296 288.651420972041 288.729614130118 288.931047690812 288.816773654783 288.767168633752 288.77814110425 288.793369611634 288.861416805356
289.118483088622 289.544545628949 289.029912021205 288.991132908756 289.087379271268 289.221478378021 289.148703679345 289.141155719664 289.199846110298 289.06573731192
288.825687320325 289.20172075478 288.943532519043 288.931659778268 288.853903312633 289.01057958796 288.802343348971 288.926846024185 288.983722678936 288.935752740692
288.025740550375 288.285692129695 288.073802407858 287.963256756854 288.047536361884 288.236644563902 287.820249205022 287.915764791609 287.939244315474 287.99578263988
286.946085947566 287.105271771532 287.110759608476 286.86367618421 286.873934810651 287.108844067332 286.758249872433 286.901639275984 286.954292757945 286.812980874347
285.872742709122 285.965766149599 285.891593026014 285.637839619549 285.449820463266 286.086517905576 285.635373257802 285.915959846181 285.736216719734 285.842187101024
284.99637811679 285.178147733409 285.319851226572 285.05630476542 284.927253211715 285.404198826378 284.813509742257 284.875864730507 284.954481175445 284.994990730969
285.116887073512 285.010458642878 285.112394248622 284.803744342043 284.617767818865 285.423862494098 284.701224485897 284.748257909319 285.197127821928 285.008896648763
285.226839422761 285.178055630634 285.355049275231 285.192233533014 285.163597154072 285.550883482171 285.04073666903 285.099472801515 285.277372159012 285.128046626204
286.031910569742 285.917726091358 286.001268088352 285.908602243419 285.618292270758 286.135521461589 285.735758704291 286.002161621761 285.949049670359 285.648542892675
287.032217233086 287.051798100467 287.204424407921 287.163213536642 286.745956706691 287.293372539595 286.939481396781 286.852093718965 286.975659799023 286.812800536835
288.084408128371 288.036411724585 288.217288782612 287.97262130715 287.765472672903 288.285371515005 287.769254172677 287.883827790316 287.890567007514 287.856009282732
288.834891712895 288.733957378707 288.920224441179 288.683677951586 288.567279969036 288.942374686176 288.642993849874 288.602930264655 288.561459433554 288.455010065111
288.99096853764 289.122537099759 289.295677398857 289.104988935816 288.947653134547 289.282614653047 289.032777438024 288.829804459719 288.908097752586 288.841271220292
288.869372780055 288.904376335569 288.967946402656 288.843577128017 288.71920576082 289.015394122753 288.955080699959 288.550335004089 288.762678206335 288.736917801989
287.925145994434 288.075773668494 288.133753469954 287.957666113055 287.983031229557 288.269885141538 288.026423683887 287.829469783381 288.091414243015 287.758929928591
286.711888728948 287.068275627842 286.800371061208 286.940035409678 286.948598318474 287.146746850478 286.908800027785 286.879656954883 286.876424477724 286.740326669981
285.541064166089 285.856611400275 285.70562191578 285.678537261886 285.748096232919 285.93110462318 285.949297441863 285.680056178042 285.508790051457 285.518329240197
284.833749152621 285.179533316404 284.897102259688 285.010082169849 285.126400398307 285.154435857705 285.486564538555 285.046931617965 284.873316366791 284.716265043119
284.601441721452 284.90916331617 284.87850022651 284.892357084372 284.828562895193 284.946579579603 285.237355496956 284.805553735787 284.60528809941 284.461141541314
284.917097369694 285.046010738088 285.211387089683 285.238534816659 285.120396628958 285.341677171937 285.608651294307 285.123363286081 284.795417024795 284.710407831274
285.734541415796 286.018512726692 285.987370255904 285.988712718712 285.982919728309 286.170092404635 286.269118106733 285.704891877296 285.715929835515 285.741876200844
286.882680103696 287.18619882325 287.120952138078 287.002912673729 287.1420048736 287.137987763898 287.346973299683 286.913971268881 286.877649107427 286.92319116519
287.904377377635 288.102891394998 288.11865596357 288.217972916269 287.98858061191 288.213771154332 288.367043695407 288.026404819699 287.934851792552 287.987735881694
288.628456969825 288.738179790278 288.753035626267 288.949961045614 288.734966466046 289.055395135709 288.974075375508 288.7828794011 288.821387860737 288.729187418431
289.077894996537 289.10059682707 289.11899370895 289.240774597519 289.041023510183 289.324904161023 289.19628771932 289.133144703507 289.1374519876 289.05076102371
288.765805806095 288.945868395615 288.935998966693 289.135142006356 288.817132312565 289.111090525606 288.954940825057 289.015178740237 288.864519179068 288.796456410064
288.02288467338 288.018900305814 288.178352793243 288.315421369254 288.145828812767 288.253070890782 288.075312956196 288.130605820286 288.154704307872 287.806003664205
286.676960896582 287.029714176812 287.045985996807 287.245543230438 286.977314175066 287.081315871425 287.088769522318 286.91788090026 286.994535612607 286.859627354934
285.761832722678 285.817732326824 285.842923461476 286.109377787047 285.883409585975 285.925518656173 286.017451184411 285.91958974667 285.816943201276 285.763706144551
284.707265811151 285.15693093666 284.989967528392 285.333978965012 285.132044459484 285.067820280807 285.063629622361 285.071057188557 285.055882064793 284.979282103578
284.499926723912 284.991166318892 284.87274013128 285.257622236978 285.054706277157 284.80521790191 284.934718389138 285.18561218269 284.821327869896 284.740814108248
285.138473628064 285.20297247862 285.072610402114 285.390647221968 285.248753528146 285.237629010679 285.070468985337 285.324156184057 285.301216785956 284.928553306206
285.797206482993 285.962447960459 285.881437168456 286.309668850135 286.244069755362 285.987985406686 285.956543363883 285.947441875652 286.044128129545 285.872663713419
286.861870937255 287.080258452715 287.023289357148 287.384142679166 287.27098423131 287.277558323384 286.894718373853 287.287138973667 287.029768725881 286.832203338474
287.882878183075 287.980007732676 288.132687323864 288.332754727016 288.258893997446 288.337666005476 287.988460311817 288.303756547469 288.045350395385 287.848363342933
288.758473391585 288.915860071446 288.975736894522 289.108129474212 288.898700601392 289.053797518866 288.751551795345 289.019161172671 288.918317114014 288.636619050312
289.043764144612 289.231970604049 289.357095164187 289.242387662093 289.27419532198 289.636156964979 289.130242682149 289.420402918594 289.458837578903 288.933582971499
288.8683294113 289.113725170848 289.070326243741 289.063055780701 289.162210003344 289.376784647586 288.891654368824 289.440762109422 289.207223530385 288.914865158493
288.060477098337 288.314451454592 288.182078113416 288.29275033551 288.144323372727 288.455517919229 288.010541684221 288.445892725939 288.324947277669 288.124282379176
286.98616300009 287.321902424364 287.028058595373 287.13562018998 287.214885447858 287.310384730884 286.882818234286 287.419011435895 287.251211951939 287.119292169157
285.789433443395 286.165964833528 286.041855284839 285.872939743607 286.117848782034 286.124195651974 286.010662335219 286.210295390293 285.849917869422 285.797317662737
285.021658838869 285.447664302061 285.20137153221 284.894322743086 285.154585312683 285.397414467199 285.227045565927 285.319890802436 285.136461341917 284.999590658856
285.007219871733 285.176090337065 284.768918083299 284.989695492961 284.927898527387 285.137290699301 285.220793875384 285.287541622088 285.24879741495 284.99923845682
285.392149494365 285.419461785351 285.281262047277 285.079524987574 285.193021020132 285.115631482975 285.229370337703 285.649745804397 285.326602090112 285.253009894173
286.111813650667 286.175723675306 286.109784176879 285.948271664311 286.035048070006 286.181952716238 285.919702597074 286.437527914575 286.280835573975 286.055144178184
287.276141153057 287.296404415784 287.230751444334 287.114011049347 287.315202438899 287.442579989132 287.106352772646 287.532721498639 287.314145734775 287.200276390922
288.291044008657 288.184602096526 288.272727673356 288.097347914311 288.239359092414 288.359759535007 288.165758390925 288.490073088362 288.381340524322 288.194441437879
288.865085722494 289.063669600207 288.950354757366 288.837568344627 288.96863349346 289.039538399776 288.926397252229 289.321654510366 289.009233255498 288.999340668337
289.145571243193 289.305740775236 289.526697075249 289.35580512722 289.464485221385 289.467513869008 289.267967415991 289.423787853946 289.343390964629 289.373646441887
289.062291553341 289.054949395456 289.215129764927 289.07265400645 289.296250280208 289.46134905651 289.165786243538 289.174181037597 289.212996016719 289.096708345624
288.105783895611 288.1722013236 288.418060282173 288.324692806884 288.243892947074 288.407021111923 288.376987982094 288.215532614779 288.271905209381 288.074666399507
287.049709311871 287.14245925492 287.387536787261 287.241180310159 287.016603502033 287.3207510623 287.307792164959 287.240703130778 287.199512761874 287.112261690693
285.990451994628 286.005137089703 286.19953066175 285.999872341287 285.978608083811 286.028257049017 286.079958727949 285.803943242443 286.132432046338 286.029851705128
285.074862381671 285.302810546948 285.446014698486 285.464031666357 285.138017408662 285.071112647499 285.364407886282 285.19044257581 285.371488798422 285.011828098964
284.945464435029 284.732046911496 285.389717724418 285.209051205147 284.886338697041 285.003649349486 285.073460511816 284.963828225979 285.284941367618 284.876425938058
285.453976315758 285.051429027673 285.573946801304 285.161666835646 285.25740407309 285.242544622569 285.316214311979 285.375836911497 285.565263331289 285.127509245643
286.00908364284 285.993735106784 286.443386846931 286.258554902084 286.139392082084 285.965007778606 286.147117436877 285.999817875246 286.182455710973 286.057519321696
287.194305904819 287.086345147534 287.526237321136 287.215512258468 287.273424361379 287.278582653699 287.445919112206 287.136539559682 287.383002893345 287.234428321467
288.297643819682 288.138434122815 288.434765730875 288.298007460786 288.114327269517 288.386352228597 288.443454556299 288.150540762674 288.299078404716 288.295384586532
289.01395789123 288.891463035164 289.18554302742 289.05481400507 288.803040265009 289.160853726429 289.095139697763 288.967557418752 288.952110177617 288.988516891978
289.344756956576 289.374472441 289.363119902263 289.537209339112 289.238670817199 289.529876139167 289.562224462125 289.34982912031 289.359745564929 289.349714142658
289.043051023817 289.263043615096 289.244556498983 289.416888637315 289.208188644256 289.270133138029 289.294816110624 289.296994708351 289.29600435914 289.148409842899
288.169251415819 288.304364848585 288.232647573569 288.587472943469 288.315041114589 288.448477880909 288.430769997638 288.430252389381 288.429563829229 288.171278296868
287.069491376805 287.131489344002 287.231477491256 287.373091564439 287.212699909539 287.324226559937 287.245978266546 287.300858791717 287.139204798848 287.07337665271
285.892074252363 286.001730242697 285.895522766545 286.250044744392 286.031048394431 286.131946136932 286.082665763098 286.255707426495 285.919926961296 285.944094842359
285.117210011372 285.117352243538 285.109758599206 285.511865088833 285.348673857581 285.470414434519 285.284424358793 285.097957137136 285.19200059961 285.021455004131
285.066652858317 284.880715607437 284.936978218423 285.505097008339 285.332853041812 285.474557333509 284.967839300065 285.214331321172 284.917335049433 284.856496579878
285.133767355407 285.186086532844 285.170987184037 285.65284897253 285.273372313301 285.670487756609 285.51007396442 285.357859972216 285.448874709354 285.186391112847
285.791541344182 286.025852742648 286.150740769933 286.518853940407 286.16806156608 286.518611056362 286.136599507962 286.097444206881 286.225661807773 286.197804581749
287.193943889086 287.298862563076 287.102924298805 287.456453246825 287.224857885593 287.5669421139 287.251528497596 287.263826196662 287.239338081753 287.306449390416
288.188739260008 288.243567126862 288.220924664797 288.504548249886 288.257334638959 288.539185173834 288.359188996379 288.291658550793 288.295330573405 288.419681704723
288.942564628897 289.032304850033 288.931903275936 289.269848363201 289.039002006132 289.28750699027 288.968040362028 289.137482858303 289.223527432634 289.158048981128
289.400212916386 289.302001083091 289.352336252168 289.745299164584 289.323388130053 289.650811148294 289.464082062996 289.559119814993 289.50380109457 289.483006153822
289.265154801462 289.246006064192 289.058444609194 289.364517929286 289.110730310033 289.438691641289 289.34819626709 289.292575724359 289.366320554959 289.268666069229
288.219917579024 288.18458365316 288.241046250021 288.583030656267 288.213477686214 288.550114265141 288.472916252233 288.430331979657 288.445270098631 288.219941986089
287.315698819779 287.177502312073 287.062579269638 287.423329005451 287.1121799965 287.22854426858 287.213087882001 287.204813157961 287.325520516452 287.130107645692
286.152465007539 286.126309365274 285.876819061519 286.266180049298 286.127002160837 286.077197679248 285.938171575751 286.084770269483 286.034659328343 285.959403895981
285.243907734882 285.045179395826 285.206954967696 285.556221026622 285.431372926428 285.425166049764 284.936883873191 285.315064979162 285.515412652218 285.391044137039
285.021508662941 284.825862461419 284.931502553084 285.354152111465 285.016159382273 285.167471238393 284.988263652051 285.088624510418 285.505070515028 285.199425779707
285.489123263312 285.251475644394 285.26048237654 285.510928125154 285.464264542212 285.357401201407 285.311990397671 285.383707051047 285.702663815914 285.367522182079
286.184720495127 286.056608706723 286.177620455537 286.148157256923 286.105958248041 286.30006787709 286.144621640066 286.007881339046 286.337435816849 286.240353065398
287.315028438664 287.130878008546 287.269215036447 287.451634805553 287.085910093681 287.318573379022 287.241353041591 287.151498247413 287.423655940398 287.234800378749
288.488927742367 288.305307697648 288.276411172604 288.472679063058 288.183741151105 288.166921701114 288.323443480348 288.298850855353 288.654410425303 288.378560809372
289.216073162047 289.06930194413 289.102533487215 289.209294084732 288.88768913788 289.029756239632 289.160458560626 289.123918229095 289.176359988547 289.134591092538
289.671798379089 289.312951231448 289.527989687245 289.483618424261 289.38205761516 289.458333656168 289.616525502985 289.537971062365 289.488964200362 289.466806907402
289.307097219869 289.295075067369 289.260658315988 289.312108440736 289.094866970984 289.262432543995 289.526300094236 289.120053768462 289.423186009939 289.324157942661
288.59310423419 288.399697405309 288.410100221111 288.397125018275 288.237875807608 288.233627689466 288.572460557095 288.387338100285 288.631532606479 288.415703636261
287.377158987915 287.424593060806 287.304148898942 287.313004753623 287.201903835174 287.302269311544 287.386165568396 287.297893426293 287.480674748984 287.447468502709
286.353868448531 286.160537231248 286.246775632217 286.281401329354 286.17322504233 286.122185120724 286.249494539772 286.054104473406 286.39751039142 286.160624921459
285.557767180231 285.37055368101 285.564850095956 285.316944647635 285.361229937084 285.196962478505 285.432260251504 285.390016124705 285.532482755668 285.276807234819
285.188480022937 285.309407992661 285.104801385046 285.211982395635 285.150232450636 285.082505266037 285.320059895062 285.395273136638 285.337721455933 285.24152048471
285.672057986987 285.704675842271 285.540231780497 285.287240367561 285.432876366571 285.412253121148 285.723306438318 285.65147359749 285.665972812415 285.219054881931
286.360889380958 286.434508165337 286.409863406655 286.080760057824 286.183938843387 286.077553834546 286.300264289379 286.374867540308 286.170221634741 285.9713119112
287.459385198904 287.500198196965 287.446045495599 287.181448316189 287.260072370302 287.285148285302 287.590710966895 287.467688689922 287.561842117589 287.267745848892
288.560536309015 288.417908631397 288.487328453017 288.163401386293 288.327217112563 288.251729662084 288.546089348705 288.29241109184 288.4313435626 288.209961783494
289.116631255284 289.153458044749 289.206260978538 288.806253930578 288.924986405443 288.921373871608 289.239813897098 289.146606222243 289.224543543762 288.893999035481
289.520863905867 289.413031658677 289.565186568996 289.25264819307 289.15383963431 289.32799687668 289.589397865285 289.467028128677 289.57294911838 289.221535464579
289.13876424016 288.959885029102 289.214217780718 289.150193581857 289.166773220738 288.993232421281 289.304692491122 289.337235114363 289.401476317891 288.904263532364
288.270474832061 288.141769055199 288.312825827642 288.25487168232 288.07928821848 288.123750818879 288.415238828055 288.402933032249 288.56203995797 288.146419516363
287.157163593345 287.036157643308 287.040501120012 287.095783324784 287.109004007979 287.049292655571 287.31282815566 287.167612780865 287.400514429482 286.943606642965
285.88173898635 285.889114299096 285.706846753717 285.750633157108 286.04112776772 286.0498272803 286.153836858187 286.135932900352 286.245440311714 285.611760920705
285.069538294445 285.191932931628 284.805452804486 285.030617357424 285.288952942861 285.216217517927 285.412179765378 285.32231444374 285.72575101687 284.829268137999
284.866537030234 284.9040850635 284.757863331349 285.150944883972 284.839266791313 284.950900231603 285.259749227742 285.064112583546 285.484678563349 284.753525407252
285.291933090671 285.330693281348 285.034367751923 285.346762606121 285.041973393064 285.279989536527 285.429803401828 285.523582471784 285.768038191317 285.283631417602
285.807051138529 286.087968182222 285.977232157097 286.065895942813 286.09233278435 286.219364991317 286.27327838719 286.264098371598 286.460728725475 285.843824218723
287.222321074311 287.134100882104 287.102629224925 287.074528333349 287.166293485562 287.288698372508 287.242218488466 287.359311360837 287.525524104202 287.069685481845
288.068303377322 288.041945985549 288.140514626743 288.178592208001 288.231150028196 288.265526161118 288.332046708514 288.273749724496 288.478635878869 288.075136184799
288.876847551338 288.829159251497 288.87760620498 288.912630850296 288.998819059036 289.081346707256 288.962668834427 288.947921742011 289.225043056789 288.909468869441
289.229776451843 289.176111921918 289.244551648827 289.303986492002 289.379107629847 289.480146006314 289.278589144481 289.225919986444 289.515052177049 289.281580845483
289.154416933286 288.991727973376 289.061594546712 289.172685148931 289.140952633054 289.312848033764 289.159206921395 289.127106031651 289.345138400318 289.083700141818
288.236095693843 288.177267961151 288.156338969951 288.303137140537 288.344518078034 288.606288966856 288.161067625725 288.144443520725 288.570176905596 288.13287365316
287.084726760715 287.162922246296 287.021515202388 287.201662754856 287.330609965292 287.442963035554 286.871030905501 287.05853823881 287.320015829811 287.068882824638
285.838882385256 286.086171205779 285.747024629009 286.031400504839 286.095212625717 286.252645882881 285.815239615533 285.835307929586 286.18867037054 285.896083105509
284.937678304891 285.064722432024 285.070522664101 285.409229215255 285.073556476698 285.511176544846 284.858522357806 285.054186072048 285.441485638994 285.021463817615
284.820203645797 284.859907886598 285.10958737639 285.162259334949 284.943528045078 285.294712317345 284.631835147293 285.058688235016 285.274926312076 284.969742418595
285.16406374798 285.23126938641 285.169812044651 285.703427615818 285.462648751138 285.620734744823 284.74027793607 285.272723828275 285.679675788658 285.218483757637
285.918622253757 286.032626945432 286.166612258448 286.446677978579 286.196998309464 286.5345519862 285.7363176498 286.048080782399 286.300523028245 285.978410443714
287.299998521897 287.15188738106 287.304362817141 287.507297864238 287.454329392325 287.737566759672 287.105662290681 287.099501718109 287.42013946738 287.175048399045
288.289586737486 288.105727183608 288.408022665072 288.479136243463 288.448278870929 288.672143097946 288.093716662611 288.190720832252 288.427097135663 288.179969872219
289.329539484343 288.823187007365 289.21031797057 289.305645825012 289.13889716416 289.381337301157 288.909805374155 289.077616055525 289.078410266008 289.036893457234
289.722971377184 289.360950211161 289.569954219535 289.610935982932 289.501611772949 289.662487666553 289.363453916256 289.43600209333 289.621550376795 289.216779850874
289.49793579395 289.318514924019 289.569689947673 289.41429037563 289.390678676998 289.350090698249 289.06920094964 289.248905546348 289.469214304142 289.206476726101
288.464628341933 288.311324915371 288.707200291531 288.530055688119 288.344969150505 288.43531397326 288.265557369748 288.510453213947 288.582078373256 288.274225948394
287.264785104205 287.181057311129 287.403457049865 287.426269676777 287.345314234744 287.333786496826 287.072175576395 287.309843222555 287.395079940527 287.01766699478
286.157166869478 285.957292085306 286.222733194823 286.07624738913 286.074997284155 286.222861795861 285.844463128686 286.096268473323 286.142378580106 285.719587846604
285.241570792646 285.060896206597 285.467651337438 285.187670089613 285.14515112415 285.273940904419 285.29406331835 285.197575441837 285.231640937265 284.821474064637
285.008179007542 284.929021097431 285.228316175068 285.225629645334 285.165967960895 285.524425332519 284.844892119304 285.133065382826 285.054654718099 284.50177690833
285.228360833721 285.302479933939 285.499852168385 285.436272373864 285.383052050455 285.398667083559 285.031121575125 285.553458376436 285.454353157414 284.998925256129
286.092615396308 286.086357064534 286.074929666645 286.387045809613 286.175011430989 286.331563661736 285.815377464441 286.198956378172 286.033676163035 286.125803561723
287.195068475967 287.126806460277 287.233832586042 287.473654412146 287.328170705237 287.473444576372 287.048921815927 287.382979749729 287.198308420237 287.088823772716
288.321896279265 288.270160442534 288.281479543524 288.568175600546 288.425329984744 288.475816157106 288.147051433145 288.545958457359 288.310500617087 288.0420595169
289.115500333962 288.994247829146 289.083442936682 289.169780166059 289.206768987698 289.233162015165 289.027150257216 289.241350143898 289.045089881933 288.914953257811
289.537856928553 289.458682875296 289.463748886607 289.467051983603 289.641482090597 289.63781618301 289.317563797397 289.453374181671 289.458887654022 289.336080217916
289.29458669077 289.309614295144 289.205726478726 289.22077770605 289.280918424076 289.388935224552 289.208702290083 289.367976981828 289.386581149258 289.105301884078
288.364063376792 288.389342151632 288.396237775026 288.440256316285 288.50412745399 288.521546636857 288.213018807305 288.448600870876 288.42544036618 288.126681962389
287.17673121642 287.305741583451 287.334509542089 287.469328472025 287.421461819261 287.242504651833 287.181853238903 287.271582636739 287.151628263356 286.886908185434
285.995472569832 286.020114483066 286.117806777482 286.542985425407 286.41336438175 285.917129351467 285.770138413399 286.1321818449 285.937106433709 285.807167804049
285.110355021516 285.298032838568 285.386735628249 285.43869815384 285.652936055207 285.093676217014 285.282420691367 285.393862363952 284.981966162902 284.998853156828
284.760388064991 284.877671491342 285.198956166735 285.33020800067 285.231927304237 284.896474385262 284.99856810601 285.149697013739 284.753884424929 284.720804950536
285.195542828487 285.112722468747 285.40257423449 285.460627863938 285.488061719008 285.278051695929 285.223130603272 285.381626194357 285.13867523727 284.927156365512
285.976074070304 286.200261755566 285.950206594715 286.375143200766 286.365765105965 285.983629371627 286.147665236921 286.402945371119 285.841514566667 285.890981713885
287.221669128186 287.377666044851 287.222907949371 287.367161491699 287.416925056089 287.216243863389 287.331161306039 287.515705659584 286.944956124076 287.147571793044
288.295409350949 288.457621961016 288.355006263585 288.435467883745 288.520186145407 288.29863230973 288.320932963324 288.540569013075 288.022206479939 288.024229746359
289.038909251031 289.214023152515 289.144765687501 289.161745743218 289.258503792018 289.053314922421 289.019430886183 289.132018545706 288.801344733088 288.877762891
289.407026402001 289.492688841821 289.467334541007 289.513411873254 289.554955904731 289.369989539178 289.41760056849 289.52081683098 289.215528128797 289.247169120824
289.291025462449 289.374804852296 289.175981920298 289.487113769341 289.348987660471 289.141841739518 289.304312287655 289.281381213281 289.233100110462 289.237591344478
288.394080813982 288.564327908139 288.361579760315 288.587226290646 288.443286527566 288.383241888397 288.374195655125 288.382889619897 288.42760762617 288.25875456157
287.213756196577 287.492020145795 287.262056755734 287.413897274638 287.26282090659 287.310629694407 287.216276420097 287.334797398015 287.23807083202 287.233658742376
286.110546030744 286.140097559195 286.096585840227 286.433447714788 286.029664712288 286.232940333511 286.007428220822 286.118411274746 286.20300512904 285.966069508233
285.29546978346 285.251580617273 285.239043550474 285.374677459205 285.275158243446 285.417501412397 285.382999019788 285.389520130161 285.377800827439 285.192357562935
284.975342862372 285.233232007842 284.895576689865 285.338697769935 285.184117405051 285.304313019839 284.838632645216 285.583411124446 285.127060811339 285.056839852263
285.091117557314 285.576390933174 285.401604379354 285.535614643566 285.549877865806 285.555937038708 285.228570029043 285.801544210394 285.743832688707 285.253643739715
285.998812230726 286.400169967513 286.087058436984 286.19954444692 286.272788897254 286.210424388866 286.163228797574 286.349401912765 286.480327965234 286.033669870834
287.138415502047 287.48879868538 287.425765238473 287.481966693299 287.292667863838 287.633317595308 287.463784438849 287.540151254659 287.657318871268 287.228598951485
288.573561192943 288.511485376738 288.423935722437 288.535820955531 288.406416911224 288.391966199424 288.43792025983 288.572827073832 288.515693420564 288.254502278623
289.16631130601 289.202083086152 289.134748723542 289.264339425435 289.042285214323 289.150194448848 289.198049002993 289.247917031366 289.430597804701 289.046252523821
289.603996666068 289.599479353816 289.557053499127 289.646652244948 289.457223238116 289.583226200636 289.552958988873 289.571412011002 289.755795389845 289.531850133754
289.386197953915 289.470902139484 289.249931249216 289.595872953096 289.370076496592 289.275394501992 289.482446922708 289.386346587428 289.698798722273 289.311196334765
288.371715094839 288.723119233725 288.448404041976 288.599343523632 288.499754785458 288.371955722812 288.63253937897 288.551108511692 288.717219770984 288.45709180229
287.18370916661 287.71133873385 287.359104489162 287.408734474492 287.291705638428 287.398110799589 287.606453966533 287.46705845054 287.551730708218 287.442832244223
286.172411449548 286.292067916609 285.950428525252 286.203773257418 286.206799300495 286.347582547974 286.265759724725 286.482082741002 286.499540672376 286.302288011905
285.162141035041 285.572247946083 285.090205201528 285.409490755607 285.429176003904 285.649634180397 285.72780987014 285.669600708138 285.616813319501 285.375817738706
285.156366794511 285.478680049584 284.956500112731 285.246088424588 285.347681541631 285.243128488631 285.491331994982 285.327748261042 285.528638625212 285.305634079822
285.412020517784 285.411830166206 285.442756333137 285.439939635065 285.640382081724 285.424598715258 285.729204111764 285.554005953247 285.897787928198 285.39986435332
286.300123817458 286.388362310994 286.241972562535 286.544077533506 286.30537092579 286.486973225286 286.524111933486 286.435997985294 286.50152560659 286.271587816498
287.213900784228 287.593834089617 287.254780349387 287.501939098939 287.6489041703 287.538192558693 287.756573810074 287.566081347316 287.487099665973 287.389191551278
288.252166717265 288.673407066906 288.322039676159 288.617685784695 288.621442913486 288.62839005188 288.771250749929 288.655612751392 288.684887557808 288.479537701467
289.039887851345 289.34313728989 289.159281811548 289.337894405754 289.291067484915 289.268640549745 289.4986037762 289.424035162452 289.521392577504 289.255473849714
289.559030756893 289.785015302409 289.553259360531 289.613569694024 289.705935325465 289.649176049075 289.779609050894 289.837448487234 289.916319266173 289.626522461597
289.39862298721 289.756308395797 289.354549185693 289.40566445934 289.683510689624 289.409172533684 289.441123426877 289.513283564488 289.762707205868 289.38913473436
288.723350919173 288.763109905411 288.58713687324 288.570628656259 288.876372525074 288.552870175516 288.486897741546 288.64353000108 288.760016407755 288.576726972375
287.623247808858 287.590273355943 287.442047658208 287.420139952962 287.570371056215 287.389379912329 287.480441062459 287.435007978284 287.767502298773 287.401876662587
286.404161959415 286.40300678202 286.334162709175 286.434910526421 286.416345518422 286.324826861883 286.293891298731 286.13941360042 286.60792473664 286.243296147957
285.759307428634 285.524930841998 285.62439135846 285.491765117095 285.672783050752 285.512756775419 285.465846102268 285.313441852987 286.243978994739 285.610317577945
285.505066066276 285.203080142353 285.269080059464 285.085373643933 285.31948255624 285.412925822485 285.333029605063 285.070902333608 285.810429708397 284.957432575965
285.787758865221 285.365002602355 285.241933168089 285.55275622775 285.66840641611 285.630738536291 285.648921996862 285.357660588713 286.167607801951 285.669716120347
286.566190862104 286.343756495123 286.252156932236 286.30697733579 286.358900310196 286.58032994897 286.479742544417 286.27296409836 286.696642751677 286.447726647214
287.687949259733 287.600497406146 287.487109926241 287.477737109163 287.479649964898 287.718533014974 287.49413730169 287.350709986558 287.843201800809 287.650803759971
288.673717560823 288.551208980253 288.545981446011 288.581245738457 288.480706750327 288.769662156217 288.568636452674 288.423802514095 288.767502213566 288.653604023986
289.457251388043 289.453222813576 289.311525937587 289.338160845337 289.377981100381 289.364645515455 289.314868531756 289.17629939322 289.379539984729 289.462568614326
289.787539295673 289.853806488842 289.69404991445 289.626814056348 289.846579851124 289.745347751432 289.714865019996 289.555624792079 289.707180205834 289.888536620184
289.571425619276 289.667555848274 289.547679869451 289.568072228371 289.722101623561 289.723131680261 289.38425840029 289.47987269525 289.672813965389 289.584037776721
288.77803968159 288.75727582647 288.60612495427 288.606185944977 288.836479587256 288.724603391357 288.659863927892 288.549623526211 288.65887942048 288.7333794133
287.52483407197 287.695430658698 287.599071544009 287.435366045649 287.632219239409 287.762788890101 287.598508924495 287.39300494342 287.375262647152 287.595597633467
286.484791063706 286.606061076617 286.369385495981 286.380622947351 286.597997214607 286.714300395554 286.441397133821 286.184612504619 286.444933781871 286.246147883107
285.585966236896 285.712572168743 285.531997950909 285.831641617573 285.768789765124 285.888361325952 285.686192117025 285.469679871124 285.547398646281 285.491759078165
285.180110264926 285.431485756766 285.315773956037 285.759896594722 285.663709783574 285.52457345927 285.448725865771 285.1942761059 285.330930162988 285.219038885172
285.482147603101 285.551128118238 285.735136294401 285.791133405145 285.99999373925 285.796527028176 285.850329408063 285.52070158375 285.731708615225 285.653949153633
286.508877229431 286.560703898494 286.440281630901 286.494063742164 286.667263252628 286.700802781685 286.657679101836 286.515912233951 286.399219381862 286.455108050926
287.546561994143 287.781013085577 287.657646457781 287.597404141402 287.709640663959 287.929104957524 287.713571686667 287.565574229225 287.390661039839 287.695442123808
288.620616987262 288.730664167574 288.590269333939 288.60704113319 288.714565714406 288.901740639178 288.743881599441 288.636539619903 288.496503168493 288.690610877983
289.389766769249 289.445727846897 289.499635850473 289.337266868422 289.437797339382 289.597667610729 289.575288952529 289.346135994327 289.22230937778 289.390978382404
289.798372071105 289.808624649619 289.934008814623 289.745066436598 289.825496756447 289.941962945283 289.754918809929 289.752561408043 289.659242407113 289.796730175012
289.628611022894 289.629787196129 289.651430111901 289.555377562756 289.717444489143 289.712074959539 289.466226720069 289.588505371958 289.478649177446 289.660784164982
288.749830302646 288.70967114771 288.86877414927 288.525454937043 289.003836132375 288.902818392822 288.585482390933 288.536552559972 288.626906081798 288.821026168807
287.755947089607 287.659177182438 287.767754593604 287.456673280932 287.797796566523 287.706479229711 287.506697286854 287.30215484334 287.634682132995 287.719740261499
286.531542374999 286.509962178332 286.636268076452 286.37772872069 286.619589943461 286.703561306563 286.138297276793 286.4757612025 286.240134384691 286.8538079879
285.74566473279 285.948115563012 285.847097773091 285.462357696751 285.797976978739 285.729440134256 285.411233738429 285.458497756121 285.605706247871 285.898516910055
