284.901648105102 284.992963626905 284.715306519523 284.958343370786 284.825399346381 284.867116242069 284.706811227403 284.615795418731 284.890857168482 284.881946542306
285.04537515986 285.153383645648 285.115060112257 285.007449603803 284.945165344897 285.127987413935 285.060915246159 284.828098311287 285.166979012817 285.217555704301
285.88316355484 285.82051173883 285.857071586947 285.763133373685 285.77624319052 285.685737906241 285.679188548861 285.742184042206 285.843850826708 285.914713695065
286.963319117908 287.065282536768 286.982999634799 286.827547289039 286.849625250894 286.903996527086 286.679321450457 286.86590735788 286.946901531748 286.979742196874
288.129784226696 288.085471215207 288.038149630085 287.845457230466 288.057002434454 287.907985837203 287.954153946558 287.826778360285 288.00240262607 288.067069962221
288.842684825516 288.994466953719 288.94309009183 288.824901519622 288.860753895399 288.883112281238 288.702267191961 288.801851157832 288.993881623751 288.828525093865
289.162711665524 289.432515722588 289.390251253999 289.319405969334 289.300336950153 289.224755199442 289.155418576055 289.205548104595 289.426329695958 289.133833782176
288.92064116828 289.17532072026 289.026540591588 288.93833463114 288.975169654338 289.033062979333 288.958814717068 289.067315197177 289.253917898749 288.850913335987
288.219926340766 288.313828439797 288.142095603996 288.026388127049 288.182183666958 288.181361218626 288.052286627787 288.044939893348 288.294919876398 288.153940720739
287.075369576967 287.458412341075 287.060929720356 287.079893645808 287.170193952501 287.136710147817 286.974567028503 287.272422709243 287.367621562642 287.223602779696
285.790377842938 286.147440865137 285.987585503013 286.152310388101 285.859600265912 286.020886449913 285.88026670178 286.146200317198 286.395067374905 286.023092998878
285.080926579995 285.311319454265 285.154419308241 285.115390463288 285.054268977805 285.153898841676 285.169467195294 285.378614214249 285.618187921805 285.229165697585
284.743411540548 285.035357357742 284.670090898851 284.815365180655 284.668091626945 284.811579172326 284.849790439674 285.232506554502 285.410798545065 284.796959262223
285.156923046569 285.493623221723 284.632645989968 284.912513115788 285.151341633829 285.178907729842 285.009569583089 285.324742451997 285.463368500585 284.911850984867
286.134176091853 286.092791423975 285.317501397774 285.61524713773 285.676983423773 286.057960323194 285.870446210227 286.209569953919 286.287118517559 285.673604323463
286.999002633611 287.107742496351 286.643600617347 286.889209544772 286.78876141862 286.853450372415 286.880687514361 287.167800280682 287.291890886242 286.955283160148
287.99020952138 288.28651286305 287.790562702126 288.018398578314 287.69465044347 287.985432817702 287.967915928141 288.219761193414 288.270796306186 287.99548638556
289.072304400765 289.01888772609 288.577548307594 289.098494851308 288.688171695981 288.937993073192 289.046237784445 289.100997828147 289.24029334259 288.725830364649
289.484987491741 289.368251931628 289.068430181182 289.321649521746 288.950821485653 289.233781914348 289.179463960821 289.2835794669 289.472447475727 289.171707739112
289.143729276057 289.047448756492 288.831219608199 289.070754013105 288.764814956606 288.995759298286 288.998002435989 288.968686245912 288.955549401157 289.04880858469
288.387800972772 288.193084377298 288.054305660822 287.996814349302 288.071290444608 288.210642849835 288.270325590137 288.000719059117 288.222725771752 288.021954017018
287.223242906558 287.329989657891 286.766588448426 287.172820458127 286.940368620064 287.053216146716 287.10352013236 286.844565863009 287.197168539592 286.953019501253
286.176565651132 286.220971787016 285.616706680539 286.062867726759 285.920181666259 286.011962197417 285.950126559439 285.604404108942 286.019103189915 285.98401595103
285.351340962512 285.282341937382 284.731914656673 285.192834407546 285.125272178979 285.135852378072 285.051518692476 284.793103853987 285.267263682611 285.192643958495
285.020641468405 285.09027218717 284.486575996237 284.92884473786 284.743846062604 284.794930831232 284.649258417242 284.372138993081 284.830109961069 285.009230029255
285.121376285767 285.324969642566 284.787522597747 285.146709273043 285.053320268387 285.165473695417 285.076847361758 284.732717783412 285.055111921329 285.001257783404
285.930841401025 286.055573832514 285.528940620787 285.987239325886 285.885923577212 286.100334183526 285.88345877497 285.632973409017 285.834155530052 285.966657719876
287.326702162944 287.276176571528 286.774094376602 287.107168558371 287.174606768538 287.08051038526 287.065813936798 286.645563266564 286.917567310472 287.065669179518
288.137935241176 288.01123900397 287.858385005113 288.023496726168 288.067675360365 288.118047100894 288.099769465932 287.696067507279 287.903086666748 288.068226679938
288.996218018073 288.985032246098 288.823338732955 288.829696666256 288.887545995027 289.053872432099 289.100222376416 288.591864105005 288.880828661106 288.965050068444
289.212372590664 289.384439186481 289.129023649151 289.154966699731 289.297834299711 289.270923888428 289.385701042648 289.278007960271 289.298812662502 289.361773946905
288.997568645664 289.227187721464 288.893486257421 289.053345583258 288.981718799783 289.003099781418 289.10619028251 288.799195102875 288.980265533978 289.071261171364
288.204426137687 288.253741624294 288.062204258367 288.172450773002 288.17651728259 288.010422429457 288.328884186574 288.009210966367 288.223983680298 288.391292351728
286.988297043147 287.181261697006 287.004243301393 287.366648073714 287.174881385394 287.105276931383 287.246724291107 287.014551847858 287.329315721951 287.098909397222
285.875695624881 286.153850509285 285.958351422663 286.215749242021 286.20010117005 286.138912006787 286.112335765031 285.916859874618 286.05155614585 286.03594477339
284.973690860699 285.268805818053 285.172191976708 285.506430797782 285.259497430049 285.293820299183 285.062953211031 285.064818621184 285.307988330034 285.265469765356
284.628776475601 284.962636164203 284.885184509831 285.271750132186 285.017803034241 284.960825792243 284.531465970801 284.779969686882 285.017538873002 284.983102890322
284.71421160874 285.383878756702 285.398283089803 285.359193058423 285.329350709238 285.336683942219 284.891867855611 285.249674984444 285.349828049625 285.566515370768
285.606855202142 286.183338010796 285.911953503625 286.08346728523 285.897755188315 286.127972641356 285.684554642401 285.943777753196 285.860432262138 286.055848294726
286.78330571645 287.10685046358 286.990805432451 287.07507494659 286.967583568903 286.978195319283 286.780909118145 287.065892533218 286.888052432882 287.031161674508
287.825766081399 288.022995806493 288.071363868385 288.194967591317 288.019535223277 288.065812275953 287.967867773589 288.06272038113 288.048622946121 288.085307262558
288.763482481913 288.901504521757 288.958362346981 288.954535134539 288.907247609821 289.012375315941 288.693387912603 288.900858600736 289.016625186927 289.035579945101
289.124809015998 289.24590480783 289.354686337461 289.283068222424 289.282742756418 289.304627542347 289.354533739321 289.208884947434 289.360323697168 289.427418662834
288.796954321904 289.124110925758 289.033331533857 288.992419807721 288.983354325067 289.119641565662 289.022956191755 288.870726152508 288.987728007564 289.075012165559
287.831468315094 288.3812741227 288.18561029169 288.274472543175 288.223470685045 288.051355210393 288.189802940788 288.001274668105 288.094766293904 288.264472282017
287.091652588391 287.497916856496 287.18007649841 287.116067395991 287.163399812691 287.060192789347 287.115102636762 286.98799813374 287.152884709153 287.313240571853
285.988130284364 286.387894246836 285.956118521439 285.917743681009 285.895325579902 286.036260773946 286.005598230163 285.807553031746 286.19449159433 286.389600530511
285.10308115157 285.331740551323 285.052701269793 285.12319915057 285.010508917141 285.020030426032 285.231901283579 284.999263592304 285.1438544538 285.555538358029
284.679045783022 285.0848995607 284.775045726617 284.839561219463 284.532379317497 285.023686488843 284.987672025716 284.795930767478 284.898601647721 285.395299569283
285.139867449388 285.447338172719 285.130403213386 285.006670909982 284.669569794592 285.330365383287 285.077102939903 285.031755090563 285.074798033925 285.472283287243
285.882319237929 286.204553824697 286.004671162714 285.85420936074 285.541430402355 286.116428070975 285.546743110269 285.607269520129 285.770781909194 286.276892698239
286.89302043655 287.139039218767 287.012843747295 286.808019917436 286.759693135863 287.323223039205 286.816032221908 286.75622052839 286.799451710524 287.074472281332
288.02166187388 288.408176256865 287.958531581911 287.910158362761 287.867552351441 288.422305504042 287.919269012925 287.839322916849 288.040581379894 288.111359479497
289.043248154249 289.204848447448 288.817076293373 288.831489463413 288.733332624207 288.949226721169 288.9539212015 288.776012318238 288.917725342808 289.169410506286
289.491437620065 289.501010260083 289.257641218258 289.306573856631 289.221949441222 289.412030954848 289.125637388886 289.156925653001 289.183254394055 289.550256819303
289.017497605192 289.144732691514 288.920808318108 289.043052400541 288.910390184734 289.06767225307 288.979480111045 288.965281810699 289.014592126839 289.114544654925
288.370784393017 288.324035226068 288.047964682988 288.174766467926 288.1467208896 288.415676786697 288.072376330239 288.096400079097 288.134946881578 288.214732749429
287.37376575553 287.366431595386 287.01142500526 286.967342172279 287.117453281273 287.413489113541 286.920629893398 287.076010153813 287.169584334048 287.289409944822
286.087596485242 286.042665694083 285.823180977472 285.947002575629 285.851217396984 286.210322153873 285.754194571034 286.019609180867 285.993783670943 286.052175982078
285.361618131801 285.187091788571 284.944360272219 285.249492227484 285.147764111364 285.333576694232 284.835333725676 285.343226456713 285.106783394667 285.285469303656
285.108186563754 284.78037105263 284.579137180208 285.197466220113 284.883847306956 284.708997072431 284.799108061602 285.137764862203 284.748864881704 285.021073640595
285.186522762074 285.06632429453 285.063201812533 285.331890133416 285.134172239545 285.115634893911 284.746574476242 285.343419599594 285.120093443184 285.387137330936
285.883483684214 285.997092601847 285.740337101711 285.934499259789 285.98114686817 285.80979104437 285.620729134023 285.939666975481 285.961753325031 285.786537113708
286.807857420339 287.070699331086 286.809194977013 286.975809192774 287.042935689531 286.931321971425 286.772867861565 287.144685298956 286.882469036019 286.828700827042
288.009889895774 288.145415175371 287.896962705309 288.118621096517 288.043426532053 288.039271266061 287.707166805323 288.081143098917 288.037406111418 287.910692153938
288.863765999197 288.809736776547 288.876654329822 289.088401539819 288.975039983033 288.860878995272 288.695852389291 288.895677309237 289.024696106411 288.727333823452
289.268122835727 289.378024063783 289.384602681868 289.279714943689 289.198730801416 289.454567146542 289.176406078387 289.291077956446 289.211655808376 289.058458314884
288.897039528331 288.985217185827 289.038592840286 288.870998020068 289.013972689383 289.0182550614 288.935457942896 289.046394762678 289.019977064054 289.014576925132
288.196688166915 288.091965037888 288.128130347696 287.998094665082 288.262997638508 288.171944531259 287.966681001951 288.05120320825 288.105790270044 288.281472465412
287.037749037083 287.131052148117 287.15838593515 287.066171192415 287.219406721301 287.063562621393 287.222517357264 287.089093617708 287.126200858096 287.010772239831
285.905269579714 286.143839987353 285.967358550116 286.04189791875 286.071262920363 285.950196116006 285.979586857945 285.949873215148 285.968530091064 285.702989281592
284.991039574831 285.28092049055 285.349294118697 285.330586034265 285.172777760623 285.148935341961 284.933893948903 285.053444679967 285.138116562136 284.830131426343
284.903462947072 284.990747619923 284.971127850144 285.011327050682 285.016608443704 284.629860663212 284.740673223381 284.772455083381 284.63762352138 284.73522776536
285.024222292968 285.170723949457 285.124091085416 285.174483841048 285.155887385392 284.999398670523 284.97591742223 284.92891513049 285.038267658457 284.87190334475
285.919225486779 286.103099817781 286.116897442039 285.893067025764 285.950248828538 285.769471629021 285.798792801027 285.620362832552 285.736198495543 285.762139601114
286.981243175374 287.018389994425 287.0569978183 286.933529347281 287.152420053749 286.989490648051 286.946346443655 286.693879564676 286.656389548516 286.751056376314
288.070730339174 288.179691533048 288.154446867303 287.875877730878 288.322874095999 288.052442230974 287.984106828128 287.782400654439 287.971666549967 287.736627613523
288.884942660068 288.998560934668 289.099096614774 288.673185263334 289.129553691429 288.850762267686 288.841693782635 288.950730449284 288.94985640153 288.662953394525
289.304700977816 289.384410890166 289.527600105883 289.261130459509 289.299899513753 289.050539737888 288.983349466844 289.202728619164 289.202540113667 289.164497179962
288.978938958417 289.331296781194 289.161677891855 288.983728106731 289.108131083579 289.039499214941 288.876955679835 288.916001406913 288.941452946106 288.841121412826
288.227272136361 288.262237463719 288.200412657045 287.995045319638 288.113026639216 288.024298004754 288.048439535169 288.046371691654 288.125706005431 287.84178063833
287.198127115514 287.302023914365 287.153352735038 287.025967588176 287.162281933235 287.00448162466 287.060450182948 287.129380060824 287.186777805902 286.886231648841
286.126342089652 286.139795949759 285.973819412239 285.848520153573 286.039611748124 285.804140614224 286.024321570464 286.096869086518 286.184618637671 285.612628514617
285.322599128137 285.215853120943 285.209260591883 285.128109892103 285.356174218612 284.898471490541 285.115616642977 285.077485550898 285.527297120583 284.743808652034
285.061381960164 284.902033438228 284.969800039999 284.77972564809 284.541740375631 284.509828558728 284.714881922839 284.668066728757 285.295276240853 284.579229472786
285.234547946593 285.225787453873 285.278770070552 285.1751859111 284.825048422104 284.54298222606 284.806432765373 284.845360624344 285.20529351057 284.791155473885
285.975445098841 286.11449064448 286.066413653 285.888579682926 286.000787212195 285.504706631518 285.68870042868 285.724675291082 286.132203056188 285.472603982394
287.031696274941 287.104658034924 287.049017524344 286.888298955139 286.832571261292 286.57701676542 286.711904109746 286.709486733023 287.061532233473 286.626702010793
288.056130430584 288.15507180313 288.066354989956 287.718724123901 287.990642395546 287.791523073557 287.898367834221 287.927936499376 288.133068624135 287.896559551302
288.935470706702 288.984201150984 289.01969508041 288.743994775714 288.885797166739 288.691688142838 288.877746646307 288.799272495321 288.958920928962 288.72536251851
289.190254976998 289.215288296398 289.282533935288 289.097013951161 289.399572867571 289.173360784536 289.065910139139 289.290968944674 289.220031632305 288.985778892306
288.920867076677 289.000214185791 289.099337014256 288.825115194738 289.088223142601 288.865296303001 288.762213031695 288.849256588401 288.907404121278 288.805998987422
287.99164402956 288.35421453697 288.248160455877 288.038950847217 288.131230730892 287.824723012297 288.026099668137 288.055593756675 288.154092734471 287.883977575096
287.025929376654 287.047281328974 287.0196259744 287.138075744025 287.063510979163 286.903284907245 287.07489851905 286.905764882272 287.162941281588 287.053077659576
285.836025303551 285.968202944963 286.086952214929 285.965531837359 285.972567620562 285.631215170878 286.036634108796 285.885431530604 285.8035742755 285.856214291632
285.251917707059 284.995902155727 284.937513944834 284.925290444267 285.07907788898 284.83077510671 285.13496759977 285.073304993922 285.101730485492 284.911637243844
284.814403375787 284.70922219239 285.001814995653 284.57375501382 284.829316710026 284.28963631362 284.647652047821 284.582740250538 284.724722890236 284.829465562548
284.943984237683 285.042956814987 285.084187794904 284.868138255655 285.192670863393 284.761230910886 284.988681176817 284.875785714999 285.214164810418 285.158109560087
285.761374594847 285.744799072907 285.865472817621 285.621781659189 286.057399067922 285.453037397554 285.679106186716 285.743276217983 285.719718904174 285.927455796036
286.731883823515 286.751733434857 286.827138437779 286.876109873996 287.056328491433 286.570890928584 286.680059449405 286.845310993029 286.810253885232 286.950439004624
287.883527778518 287.814512478589 287.997960607754 287.928272523574 288.037499957264 287.767119504734 287.87360869877 288.037378832901 288.028814716059 287.937487684748
288.833115947299 288.682698036292 288.994565203183 288.936537294298 288.867758153987 288.75973198624 288.780230101934 288.812165426825 288.918082614058 288.940883966543
289.243381902702 289.054275199141 289.39423427609 289.123115592995 289.151061055633 289.263227617658 289.236998775854 289.346893128341 289.215599124012 289.135540873202
288.821821062384 288.9119240954 289.186994482833 288.912059660853 289.046498599227 288.914188754231 289.041933762934 288.965622847804 289.040565233756 288.83420825395
288.171141902987 288.209726647197 288.207455315036 288.202213817948 288.075220690349 288.132881289246 288.090169651408 288.096176600456 288.19691059344 288.135586205798
287.195583749301 287.029828043206 287.292705925844 287.144596657862 287.102730582757 287.013453087342 286.999186386313 287.244838696145 287.249425504272 287.188051888489
285.861687394554 286.045842866946 286.073341968685 286.040126597084 285.947461119134 285.965006138359 286.062354043471 286.035946620736 286.123254343591 286.080423590077
285.004422990103 285.311380950396 285.348515546394 285.267531733047 285.216299753735 285.137878971942 285.138623389742 285.212339000542 285.127106866677 285.088766204152
284.924484748181 285.034691729912 285.057796941864 284.92624389413 284.957714876124 284.906022607493 284.847537514708 285.007143530299 285.19231891933 284.881656811492
284.925674366634 285.155835195261 285.470486556036 285.265611779872 285.391741325534 285.260927402455 284.905699764623 285.125611436527 285.400397139976 285.064343883817
285.87808308981 285.969327219797 286.084064781308 285.884028679363 286.041212623292 285.86721464253 285.828652358917 285.843273725531 285.988995004956 285.633682009014
286.866824252091 286.948825602545 287.197638392812 287.021583051025 286.916039983562 287.167919146901 286.743691360721 287.215939464278 287.070062012643 286.87741387436
287.787406701836 288.043325535745 288.303696285145 288.097886357275 288.048689567758 288.073410751157 287.863240345347 288.248791700607 288.100461554762 287.971120132063
288.724754004401 288.818110482749 289.078180234409 288.965716188158 288.874881801205 289.004764761516 288.827350630492 289.008644023482 289.039594805038 288.825936599575
289.167387116442 289.223778328845 289.386028960825 289.377130325757 289.322341632849 289.337083250177 289.12791266332 289.336516163716 289.495656933657 289.192565629089
288.954163470845 288.918106323031 289.089936445626 288.899610187322 289.184238848388 289.022327028852 288.880040239702 289.221225612108 289.038538975704 289.040594862062
288.00586343844 288.081130748793 288.400469276266 288.147507254519 288.079557355642 288.161021690324 288.021860342137 288.081249345156 288.205293418933 288.074670194554
287.022170626693 287.093642433051 287.081087337539 287.243588012137 287.224683603159 287.138286400286 287.053627966418 287.326458551801 287.067747788607 286.969089682677
285.854937257704 285.918754851175 285.915981393287 286.070713104634 285.896491058698 286.05660041395 285.882539365228 286.091114174862 285.992194489505 285.80101921841
285.037438744708 285.182957933508 285.052080231569 285.248489311071 285.046807873852 285.161104589158 284.939078023707 285.204230235925 284.980652729971 285.156088259393
284.680789119919 284.816335044188 284.648779663295 284.917314083415 284.576612435651 284.680745131655 284.769393239473 285.03008668719 284.502597676544 284.705189960465
284.834320357024 285.001864273617 284.842841207586 284.982669485826 285.103642245939 284.976004179574 285.132199907279 285.109781995585 284.991329451616 285.169715833719
285.866190316255 285.997181411638 285.742587795999 285.682173212815 285.785403174129 285.769368252002 285.999786247986 286.012502985374 285.704804079848 285.706327763407
287.006791507395 287.083148260327 286.884703941858 286.780373146158 287.092076828833 286.864982356455 286.905006333907 287.194070825902 286.857591188991 286.987301271341
288.065923895716 288.044925539127 288.119416621622 287.952282331625 288.081011960533 287.991140077564 287.992630152655 288.509290354613 287.914576377606 288.060412710108
289.064069766035 288.941354669288 288.784730146704 288.832437764613 289.016055925187 288.869923415594 288.907479118013 289.235566471166 288.870121670453 288.790267953325
289.22497104492 289.379122801666 289.260971482203 289.185948743383 289.317670478376 289.257474408238 289.312413710702 289.543216371832 289.211285318247 289.18408241436
289.06649528748 289.040905857534 289.01599968285 288.849000365831 288.91634476976 288.926145842801 289.033261827034 289.307891483957 288.917731345678 288.880655150695
288.338656623656 288.308233049534 288.184136615189 288.162505718876 288.20134247743 288.157188401086 288.095007894494 288.429040087313 288.117342893023 288.02750243948
287.409704141747 287.155721968435 287.120376084469 287.212691798591 287.214804932246 287.045659795632 286.960652984379 287.312284695958 287.094299874527 287.162501976636
286.203825427742 285.954535293087 285.940329554605 286.005090941407 286.181737978389 285.922919173033 286.079973044611 286.115370071662 286.061797597722 286.095465347648
285.124702483532 285.118834659586 285.160910673985 285.319831141461 285.335632544256 285.071223760203 285.154273892033 285.263945532119 285.072384419675 285.286186472297
284.867242387323 285.049238674005 285.079985394148 284.9809453999 285.024452284639 284.715057691914 284.741282634531 285.184164511567 284.879306334822 284.887204699246
285.184651539493 285.395068022722 285.332168338015 285.152656555146 285.069950388749 285.077963447083 284.827686967842 285.49222250074 285.197084792991 285.244168796348
285.995202492524 286.165066284184 286.127082614923 285.909439195929 285.73163739091 285.916472849511 285.546412991394 286.233353082593 285.684627285357 285.824858972978
286.998184493309 287.283229727084 286.933522624866 286.835370304588 286.855798669564 287.116011862106 286.88117107883 287.175689019746 286.863556666472 286.96408834187
288.11218865922 288.217057441649 288.163258903318 288.089940728888 287.907451893452 288.046922906552 287.841332008361 288.151092345404 288.05100133461 288.194412571081
288.848842828545 289.175171955625 288.928028153079 288.869422147494 288.910360308577 289.03412727549 288.841717870384 289.00856939282 288.720262185638 288.889605259833
289.357015228017 289.566330956869 289.358465597881 289.329587780785 289.228688561895 289.410701677987 289.183181282642 289.535910689324 289.095477197908 289.316399221593
289.087175020482 289.191169364881 289.031744012682 288.87622911525 288.760805336628 289.176678760297 288.806499245795 289.35114842407 288.939635725788 288.920174555928
288.111577091099 288.340877542379 288.352732458954 288.148188045754 288.025678989941 288.209787035362 287.942935570648 288.466998534183 288.04125393694 288.099109423175
287.10253213521 287.197195421234 287.391302396398 287.067754004521 286.851839762537 287.172055784095 286.88019091306 287.456352941374 287.012736341707 287.162009228437
285.81492857333 286.00053634474 286.360853561465 285.828589470942 285.750032596589 286.02578600388 285.815815243266 286.28694652416 285.998418901455 286.10797484989
284.781502026418 285.321033711161 285.452593637602 285.054521611159 284.81159348096 285.121838971706 284.986459440055 285.602680822963 285.252398753173 285.094100428036
284.458522397147 284.944352308982 285.353108071549 284.659068130958 284.439365876268 284.963167894437 284.660191692485 285.226118798639 284.796598114402 284.671527611241
284.800410624855 285.376867537149 285.345178060892 284.962509090576 284.844297407911 285.142404744375 284.956139464651 285.491376482423 284.753473285383 284.830363091046
285.862161702901 286.085070681647 285.96961679645 285.874814231643 285.807511148364 285.815811347868 285.533081491459 286.047542079515 285.680063235185 285.669890282991
286.953030051713 287.101985629812 287.174874498824 286.920358006185 286.810340956065 286.872092440284 286.582532480379 287.166567121091 286.895314100346 286.764443309201
288.062783276909 288.078947610319 288.227270148473 288.050318745424 287.916649119493 287.908999786803 287.789830473568 288.169679514581 287.945834414041 287.803007431694
289.002690598008 288.860253076363 289.17652927859 288.835899018789 288.899542967688 289.004863150948 288.64516635807 289.084904308995 288.786426456335 288.830828653681
289.349409800947 289.422877750482 289.572236008975 289.153256049089 289.327162962478 289.350139444451 288.999495513389 289.314551338862 289.288164026461 289.217918139059
288.97776129814 289.092997198576 289.246562147814 289.056588987505 289.003415808339 288.919343639106 288.769302349141 289.006151131944 289.090671449577 288.881394055643
288.09128887167 288.208992988943 288.225473387548 288.180340765584 288.07674946905 288.140289358729 288.006779930975 288.238666319657 288.382272307755 288.033204375673
287.072955451977 287.217978679972 287.192283816957 287.060371656094 287.065868001844 286.998765712997 287.02957375824 287.1306903575 287.296962079159 286.922793589999
285.833461797092 286.288862698268 285.906016390247 286.073711875937 285.94121481296 285.815530835174 285.722977395489 286.209385939666 286.083812167957 285.680066778841
285.053346315771 285.345242396035 285.153051689916 285.296226517366 285.139536619245 285.137464284889 284.842680817287 285.227501786248 285.088065664564 284.836916360555
285.042056385976 284.941873669816 284.746428831204 284.934267531909 284.740058876082 284.632024345269 284.835518480265 284.892508487118 284.754693496848 284.70598261325
285.404472117831 285.1880669933 284.783602285627 285.181040632416 284.966843434979 285.017748039687 285.054160964692 285.049364280886 284.814911062289 284.827286644173
286.155976313667 286.136064978746 285.835874927802 285.922863419429 285.725381059501 285.695981488996 285.773280511332 285.841044011947 285.691602074406 285.520967922071
287.333594494439 287.211350872974 286.78703419598 286.909529072049 286.66604895892 286.728304365163 286.622879362067 287.104742478053 286.872164791251 286.640983346969
288.485297982992 288.131277413749 287.900315769775 287.980361615137 287.793384160957 287.730049782392 287.811229409059 288.28286022932 288.169465543044 287.820016027121
289.288133223987 288.922184491491 288.946452810287 288.823861713834 288.815503194284 288.797701501571 288.815081597987 289.121957153198 288.853718204449 288.685618609551
289.617767078169 289.388372783695 289.144898656948 289.298115792779 289.255520037853 289.324833164129 289.138958255014 289.362710116278 289.219785243677 289.180014280133
289.409535254199 289.093838813878 289.00295509227 288.922079309835 289.028063283258 288.927414871959 288.920916360909 289.152263188854 288.948343732569 288.839730949507
288.348476150895 288.086739847132 288.192452937262 288.154627784357 288.104571126224 288.11354167963 287.961877340496 288.201437991878 287.915546548066 287.986361004884
287.428371897024 286.939370182071 287.273754983166 286.937469768033 287.017295149193 287.004707309294 286.944002187811 287.067379590119 286.926671218657 286.910302617423
286.245324949429 285.711496483762 286.116223553794 285.797795146503 285.870893800165 285.974555785095 285.856064495448 285.971718557234 285.88837213656 285.793136274686
285.369582112421 284.848741581049 285.152192362877 285.086267568749 285.020787583629 284.954673032817 285.021997607121 285.024270982047 284.765461886925 284.714316270041
284.825248424807 284.540620812259 285.159217327072 284.68160707173 284.624011019267 284.699635622715 284.659175300905 284.541572988444 284.633129358413 284.397359822783
285.009945135544 284.571989664926 285.218304085502 284.802326009875 284.918283749523 285.040258696018 285.162442234753 284.787999688047 284.932933844869 284.881035708295
285.803894834103 285.391619277562 285.939318393257 285.6652705382 285.892274498321 285.801392862943 285.670875559357 285.521444037437 285.608125132896 285.528116411802
286.98929702586 286.529738402673 286.93541848033 286.805067985403 286.988352597666 287.105928865651 286.783453999305 286.632170930584 286.592737294031 286.893062174846
288.012211157721 287.601079078463 288.068063121894 287.918813389553 287.789860665234 288.042844214487 287.893087001966 287.771110983351 287.689454878905 287.870688298647
288.944493406939 288.648735446934 288.944585980136 288.695327192798 288.841673078393 288.938025321285 288.826849515046 288.610506217036 288.585417793982 288.744030287265
289.378027356273 289.089696683426 289.311614401666 289.027123362736 289.16719933441 289.276994486134 289.233510982809 288.929932369412 289.024439431553 289.0979272314
289.144058058102 288.687942694295 289.139602456779 288.939010601055 289.07180177828 288.986266684893 289.08446665911 288.852962902657 288.765996597354 288.840076367578
288.193923334829 287.779379047022 288.388385923328 288.244558577329 288.098145812872 288.084609600229 288.26765002051 288.011701285717 287.893319951189 288.061197505556
286.958814146461 286.911439914872 287.167841487473 287.189464824695 287.125997799737 287.103857996617 287.146591474866 287.014780498135 286.907121508708 287.106014655704
285.711690370106 285.7847286513 286.171195056044 286.101064865806 286.210605633966 286.10647213593 285.898738197121 285.754434999445 285.655680561126 285.837180513148
284.948837029247 284.961987656226 285.05777936887 285.408637240454 285.154449449266 285.176385855937 285.317259828424 284.873975018524 284.952763290398 284.935034048865
284.515224626873 284.750330975265 284.609064819098 285.008920283533 285.032443683111 284.970679984476 285.004959281362 284.708481976208 284.896443698589 284.733907979911
284.645105725395 285.060330910801 284.903009385856 285.083122305763 285.205493319683 285.311700484382 285.197882995012 284.975804106545 285.169179663823 284.991742644392
285.496534370049 285.735622050974 285.797568493786 285.912128817851 286.109102586679 285.840833688913 286.098103695333 285.576866149456 285.864891167483 285.707727101953
286.65952614295 286.771958175568 286.661313329977 286.918566243972 287.042302813105 287.005859324233 287.266017286235 286.791620893886 286.965744546142 286.985740456332
287.87088829821 287.840376959201 287.928333725434 288.036121122268 288.158519584614 288.0545412183 288.336964123275 287.969709833025 288.15034690232 287.908092485681
288.733569577892 288.739178813637 288.839768335482 288.957973224554 288.986366652555 288.90545323734 289.074079300256 288.769602324694 289.044037834893 288.717957770092
289.16978345245 289.080653329562 289.211008258787 289.205673234301 289.278570575273 289.195821799038 289.344473996522 289.078300151801 289.302025257385 289.243948831111
288.844911077593 288.884874757553 288.798962125742 288.837917394903 289.152536837423 288.914998425683 289.035109065081 289.011657813367 288.86643288858 288.873840198885
288.042588176036 288.059470995791 288.058980366322 288.0560311877 288.316991280416 288.358267875991 288.428473528724 288.123974358463 288.14676061987 288.220061298688
287.150880580879 287.093348657091 287.128109916368 286.992947221287 287.339854848586 287.212933444027 287.290386069003 287.020353166514 287.309002377211 287.070511087364
285.902784020999 285.957487984306 285.890829771714 285.882479396271 286.086204324356 286.144686819511 286.078250937468 285.911133637665 286.036447365089 285.819746391631
284.965649332929 285.131226623215 285.059877454295 284.907943136186 285.24054646827 285.417602183007 285.301253700328 285.256609119484 285.399910045581 284.950850259095
284.723802112704 284.887746069591 284.766268727521 284.668958895343 284.891235311937 284.926106782814 284.825595395841 285.012343434375 285.036610278455 284.729171263115
285.366692783973 285.212399624584 285.271695489988 284.649022009246 285.08757540202 285.250355409153 284.991063545721 285.29391696671 285.271750301244 284.876979365284
286.035026414166 285.827745049937 285.990950525314 285.582309377666 286.098551329037 286.005258952948 285.678799021249 285.949566430977 286.105567230673 285.633696104446
287.001296501005 286.866899696346 287.107273455336 286.769515757726 287.066237213985 287.252097886959 286.971392245871 287.005511632388 287.143135464838 286.910654333944
288.271992008111 287.929226824191 288.166524921335 287.989739169046 288.199372451153 288.201179422467 287.986074732113 288.142839083706 288.154437616882 287.928310892414
288.897924755789 288.833687637679 289.082425624355 288.821151732439 289.101960297594 289.078204511646 288.810263422492 288.938530211585 289.151806195391 288.9460392568
289.326965846699 289.143199434039 289.447020666366 289.283937531597 289.34707346312 289.460766696521 289.206518105396 289.449660697182 289.442331950711 289.320212051058
288.986654151533 289.014104780424 289.040080411102 288.90339732055 289.108263047844 289.226557614839 288.967291454439 289.225878752964 289.105104076132 288.979321676232
288.39540690887 288.308150136176 288.186612991065 288.09053485862 288.204733415941 288.27161430367 288.149075540507 288.181012267348 288.347899417105 288.082944878073
287.213373631232 287.127642672228 287.211750323395 286.989140361137 287.136579249853 287.221457980604 287.173058004729 287.142494703365 287.279246740338 287.095024156727
286.176577051645 285.953150790585 286.10687739227 285.935131145356 286.124662794978 286.080797000599 285.987206883563 285.98472093437 286.060929038851 286.137300544023
285.264301353505 285.032095752841 285.166871812896 285.111446272585 285.156529463863 285.42931033316 285.235025711747 285.044538786106 285.330730065074 285.346798010048
284.869115538848 284.720002243176 285.072340309548 284.640371761112 284.834162847664 285.108098805668 285.062656363302 284.889670739237 284.740261187604 285.141304371615
285.169753422231 284.913235752058 285.244666405569 284.97506792538 285.161163618885 285.191393830999 285.221161260115 285.099759555875 284.900104260814 285.291611741006
285.821759615496 285.737564336996 285.751714379385 285.644942059547 285.890867816588 285.998093936003 285.745259403725 285.965141205713 285.709013332976 286.002522339453
286.994338845732 286.865334322123 286.860461453315 286.570593323566 286.974219318971 286.947536720189 286.913240617672 286.985119576848 286.874396240179 287.040439179612
288.128902163468 288.053313665054 288.026092880328 287.814737961154 288.125889795136 288.101549494206 288.140326439538 288.087687231589 287.909127847165 288.190187421182
289.063033735341 288.880247852604 289.072050289411 288.879620682706 288.836417761362 288.995687258967 288.955203246061 288.842622255519 288.839335442627 289.037580879821
289.340381987248 289.186363146267 289.399446819011 289.218523040484 289.232113317925 289.482679937043 289.362266919533 289.216871137046 289.357224560829 289.381003120119
289.088090071755 288.858754255171 288.897232627701 288.943118842654 289.112307668576 289.055911308838 289.062540770058 289.126234226985 288.941675240115 289.181921328493
288.257697101795 287.998212605216 288.118256319644 288.040702378956 288.157041584299 288.167338268784 288.157004477762 288.200176087333 288.302165989318 288.285480160573
287.051636125823 286.860029062736 286.823795898084 287.079947251769 287.192881913745 287.077082437295 287.201349672528 287.305914366087 286.973941272381 287.048419742155
286.006054548634 285.57377112255 285.629937096307 285.945560964788 286.235653942346 286.057042649861 286.253568660613 286.240793230219 285.812402226678 285.843306824424
285.150956943366 284.930309534416 284.699669102606 285.095240376556 285.226211451781 285.204192320912 285.288563917184 285.489188982235 284.923352059631 285.251921768642
284.832420567083 284.555602760644 284.408394936869 284.661640085651 284.95046836505 285.039774909684 284.942316316706 285.150563887879 284.643809908228 284.634145835832
285.16543099338 284.927582881174 284.531202848356 285.152742041146 285.038394236049 285.185499921253 285.024873345293 285.371642123298 284.957412446108 285.080591782798
285.688160785966 285.665536845171 285.64384856569 285.907051439048 285.86275751942 286.005747609967 285.777847888133 286.213138333594 285.673183661657 285.750936591095
286.786739048338 286.785134199226 286.575277570568 286.908572318735 287.016743904801 287.047945818013 287.025186732049 287.263751751308 286.831855778082 286.864964167
287.846479578703 287.940465485924 287.733574544716 288.011906933588 287.984260762153 288.138786644704 288.101796189379 288.28485276619 287.881851513033 287.856917343701
288.900466217304 288.768082052482 288.690261069687 288.913184327661 288.978419274268 288.925875945604 289.135442525228 289.197897018622 288.815553379966 288.809883516209
289.277031177939 289.287659137334 289.212048292 289.265444199343 289.211558460286 289.262020001315 289.352720146786 289.181964384223 289.095529064194 289.150250174776
289.111756470635 288.858312272058 288.901977554851 288.836449649602 288.96810145387 289.085187100334 289.102954273765 289.1793506051 288.910720935915 288.887763412632
288.203166593109 288.139136079919 288.052277957786 288.158904289166 288.190538292726 288.389302732759 288.185860237824 288.101966232241 288.093235306513 288.039079158617
287.173313599694 287.129010335076 287.174137161737 287.047939720802 287.14677177207 287.214286607123 287.263277163843 287.099750180434 287.078388245446 286.949955248547
285.994605498474 286.106434887932 285.947198527959 285.941372564517 285.862963462785 285.992037782172 286.029870948228 285.973217289561 286.009409505341 285.788147480028
285.18162314338 285.36521376094 285.221315385093 285.172138546823 284.798915586824 285.178361732107 285.141735290345 285.17524797128 285.133461585327 285.016563846882
284.915774634693 285.059149455584 284.82576362757 285.057721221175 284.611718964691 284.830324048573 284.986026363661 284.745535142701 284.997817145063 284.671116757521
285.296217208103 285.06570585771 285.083096044583 285.226987110125 284.899909420672 285.337411744608 284.904379778113 284.911444907793 285.38096214519 284.824529558637
285.819075757211 286.01607084373 285.684384356038 285.863216653731 285.826353337419 286.087984902143 285.823128555493 285.72023817576 285.946155020971 285.704473925117
286.770682736738 287.188419640761 286.841236420086 286.941550485689 286.902313944494 287.126016984573 286.892077119173 286.716653198654 286.984812100281 286.872257254337
288.011989779211 288.191004621538 287.908419045308 288.006860254963 288.058384411991 288.087426496957 288.031291977984 287.80984838027 287.997793614563 288.02962924847
288.927669535621 289.144943175751 288.87845477676 288.975004525094 288.796390735617 288.968935683176 288.741583105934 288.891130519398 288.941093292897 289.033423475272
289.279380885064 289.394272422242 289.251451632651 289.337762610556 289.214317826508 289.222498653521 289.248011712077 289.246329224434 289.211164970766 289.136085686863
288.990025690748 289.123798589731 289.037160162585 289.150515547436 289.255645826958 289.016706607953 288.928685859812 288.912389511726 288.994095625083 289.093230840184
288.212477942748 288.287031226572 288.112917637637 288.36947255322 288.161492914322 288.082383373014 288.066797052708 288.021196728674 288.072627249388 288.286704660509
287.289093326463 287.201636814713 287.022229737014 287.433520099009 287.155677921222 287.091543092354 286.958254490652 287.110424413796 286.943607398537 287.091412646332
286.035118364421 286.191620080518 286.032595003516 286.242902441854 285.994941846127 286.002416927319 285.927086421177 286.058877732452 285.653741615551 285.992553902091
285.279337181725 285.468481713598 285.080304540405 285.493299221117 285.221487491348 284.981599389539 285.149096348155 285.137905638988 284.882649125253 285.273220102257
284.867878654392 285.267029805031 284.611837538328 285.255630213137 284.974962732652 284.81127942525 284.788945080569 284.756399302246 284.449104669128 284.92092379334
285.172362123878 285.465331610256 284.884814090313 285.571048881218 285.286548343164 284.974337287802 284.964733207401 285.218525744397 284.904740896518 285.352863984258
285.909537480521 286.133979415159 285.689677381287 286.227704314635 285.894813677863 285.875735253419 285.821100080128 285.730859658412 285.616506032053 285.934431250467
287.180652776628 287.012986666106 286.729317616161 287.439718199438 286.942448546192 286.923771607991 286.753343443099 286.690861550102 286.704296754936 287.111849722283
288.033026162817 288.193868333643 287.710858806886 288.364318145577 288.115956720647 287.832941075327 287.796810765249 287.935639464707 287.899688054076 288.123523514991
289.017363776794 288.96941044335 288.591488360325 289.227761331343 288.873488358226 288.919246262577 288.567487345124 288.72193886599 288.820129107446 288.956574279002
289.339121753914 289.186710304885 289.059678978592 289.575470591733 289.425919184727 289.457945469994 288.994346501047 289.263315733354 289.256188548173 289.118608417891
289.111462758743 288.871431483949 288.88412593258 289.195455491656 289.115693933255 288.983749125343 288.808449684924 288.92099432195 288.835695559875 288.718843053782
288.085299149086 288.085160868739 288.075801349435 288.422152969735 288.098886385496 288.20744878471 288.102105354925 287.964136216439 288.107003839628 287.836978600596
286.89648640087 287.004343718091 286.962064939968 287.23702208738 287.137186026298 287.151692015677 286.924550205618 286.788693344837 287.075471714829 286.597823103517
285.877859918007 285.790879735065 285.845476717144 285.929425214147 285.751708453688 286.067284211305 285.826470592655 285.628964189352 285.949603271862 285.687343855035
285.160497854511 284.904939812331 284.903232278339 284.969134062303 284.953269996193 285.311473073022 284.996846906859 284.962713768853 285.339017281311 284.662591231105
284.787370200786 284.55168620993 284.659158981099 284.837937448382 284.660758181573 285.220351831554 284.808570555983 284.69875288419 284.834268512032 284.516724994821
285.021496057286 284.637242110001 284.979531990554 285.142608382966 284.815315490326 285.390547001128 285.074420408994 285.029470469288 285.223073616749 284.871526148518
285.792031941446 285.515387438287 285.957917160737 285.769529098133 285.610264239128 286.080095032198 285.715208120624 285.743605237398 285.973898999282 285.539351879074
286.786820543871 286.725324299398 286.840619485481 286.953457447719 286.814290446195 287.10619029265 286.830311215883 286.732496609303 287.086548942842 286.705343726118
287.912998778652 288.014333961554 287.85032385756 287.987958209874 287.836076029774 288.149905595539 287.896692241589 287.669205490051 288.174731853908 287.710851981634
288.85695243717 288.802219723109 288.880255267819 288.800896355843 288.729603688453 288.984602580322 288.84083368845 288.536635808426 288.984027524877 288.718967727057
289.18162917829 289.02297838345 289.198928077283 289.188321375145 289.281754166101 289.291703572937 289.268303336494 288.960849968888 289.392427410767 289.134288265228
288.845224250501 288.741904027991 288.939506514404 288.948974374992 288.920820465295 289.119995784802 288.876111599258 288.709303633883 289.115584652404 288.892465716008
288.030820697077 287.960009584886 288.166727663623 288.123342303651 287.965075240443 288.245600618158 288.116021948432 287.819471635383 288.345828405074 287.944922111006
287.031528623766 286.91089930882 287.123561245201 287.068973555528 286.914595478347 287.165097756698 287.12924532029 286.759710810726 287.397513073727 286.825860402007
285.863022866234 286.121800871748 286.053468530919 285.777864584443 285.648878280772 286.101645428205 286.157866625426 285.655879372623 286.378642446078 285.654355244365
285.08222020087 285.221693832304 285.164691330857 285.200609293688 285.053123261966 285.126127942625 285.054246724097 284.816427187257 285.474302315813 284.826895991655
284.707425646874 284.875014917677 284.814703897756 284.897668254371 284.512106043099 284.930974010516 284.456727392876 284.257105925255 285.127906504082 284.696434787802
285.121549665034 285.192739301224 285.140071625102 285.184122518674 284.630801717447 285.076649782699 285.110067194137 284.56354990393 285.372962691996 285.033456294632
285.663313640572 285.833441060197 286.060415976982 285.989885215401 285.594476413482 285.624642455431 285.945409632555 285.48001783004 286.144477335758 285.864119284514
286.82689819602 286.897575838253 287.047952768552 287.190288461028 286.619735516163 286.912078819326 287.049852736654 286.596351691769 287.223910085881 286.8833837651
287.909457319238 288.015960687798 288.166685206462 288.200581256615 287.755583905745 287.902763377854 288.152693398299 287.635965320319 288.316923682761 287.879618325152
288.623792036696 288.835868441306 288.897284952937 289.081902527564 288.841445511567 288.807393591847 288.981432823793 288.508976924565 289.123711347409 288.795946152333
289.330001428612 289.200944082994 289.243638464611 289.466443277668 289.335056543118 289.136003463255 289.395756456656 288.948169800258 289.465974360611 289.195094939889
289.174790720605 288.746700608719 289.068611387681 289.1633833896 288.871426278541 288.979301064094 289.070149761058 288.786510054652 289.166078750307 288.957440264595
288.312134404119 287.93263552754 288.148420655998 288.432309323467 288.327630204686 288.033737982589 288.172456268333 287.968127561983 288.248461334638 287.974388337381
287.143789602152 287.15748158107 287.288312174417 287.515431221093 287.213126427594 287.063565509911 287.033759820948 287.029588756189 287.288599801072 286.908798539772
285.897830305117 285.829642398541 285.99931919647 286.260461450894 286.052226437981 285.964107771177 286.234485611281 285.989351060582 286.181979031716 285.739335998551
285.260360374057 284.848422671346 285.149686857095 285.453287674408 285.001728068954 285.234556792488 285.381315439714 285.150335680378 285.109224106327 284.982019104739
285.158035488522 284.579925507651 284.921456108397 285.188147970438 284.757407328696 284.816524046888 284.896487842893 284.766060753992 284.85223368582 284.755343879246
285.386576803479 284.8506256773 284.898434061374 285.445073463625 285.145133687251 284.963888920095 285.216050599811 284.776088202478 285.177964707215 284.950365165888
285.788656175718 285.574928952779 285.66648711482 286.212719665787 285.917754298859 285.764635632257 286.013283095564 285.666946789798 285.793639756084 285.716945993777
287.068807392238 286.716391328839 286.722685310657 287.296476074203 287.003093498916 286.816259911162 286.90965855644 286.964563113224 286.851358362116 286.598754053777
288.160729537659 287.69821782274 288.105420602357 288.305720957137 288.073951501173 288.072180769345 287.923241778076 288.041011853346 288.099030654976 287.811790219122
288.90610717155 288.6232372009 288.767287533614 289.119311567948 288.988747074875 288.875252508334 288.827277135621 288.932153073801 288.953442318921 288.756432605988
289.278767071946 289.220597537632 289.345798478938 289.630132874918 289.374003375904 289.238095301534 289.249406209993 289.245721054617 289.543112489699 289.218223683388
288.847224493499 288.791280260649 289.027786247067 289.224892336215 288.971969550019 288.80956650351 289.030012888789 289.013566859433 289.185117986801 288.911727561634
288.066145874973 288.028008939238 288.115806392292 288.421659470122 288.157061488457 287.971512068234 288.249926141283 288.393025755399 288.287144989161 288.269670471412
287.128836560197 287.089363592234 287.309856675295 287.252093019504 287.213474463756 287.015373741508 287.140594114781 287.165190466858 286.972715679647 287.063407705457
286.016128695402 285.831805650921 286.193452278468 286.093426624936 286.09861453977 285.905379734554 286.039423459856 286.133075615221 285.814148811658 286.113915663219
285.188251896306 284.965865902874 285.453333403316 285.193418615715 285.360801543435 284.9770253711 285.032059471635 285.312184242336 285.109511699061 285.401008482026
284.682001014312 284.569841970115 285.1106858922 284.782532453229 285.057662280857 284.826383696195 284.79479596441 284.813013137739 285.024636508187 285.135609156822
284.885790752044 284.961618114814 285.461724803952 285.036508089887 285.203371020399 285.071412809164 285.020291954711 284.914268913792 285.237597723847 285.360984467813
285.823907064799 285.782770891966 286.238503741882 285.969592972515 285.842690119151 285.899657929602 285.791144703129 285.703849938494 285.763855810817 285.873646688216
286.773776622389 286.678622037092 287.313265304935 286.992299768723 286.904820918957 286.977267002301 287.050356829245 286.900563184928 286.758352264998 286.88020402756
287.908573524018 287.910851950072 288.322271142382 288.201251222164 288.126013876946 287.954715685898 288.001561605265 288.092369845452 287.894717897996 288.053765294859
288.85313103884 288.96720746547 289.219540010697 289.082885791572 289.007920493804 288.809100650733 288.751009074734 288.969454083511 288.701408367519 288.760784092165
289.032006921712 289.185562531948 289.528443489095 289.386269071249 289.31889553256 289.349307131808 289.095673106082 289.328658721713 289.301030195317 289.32188455028
288.856838253187 288.795110628322 289.290982411077 288.996720445452 288.950870850314 289.073487746998 288.765881725372 288.991245632531 289.027645403837 288.921258450097
287.895195853772 288.221210808081 288.377777375096 288.14142589016 288.155712244894 288.349882002494 288.102637899771 288.233145126049 288.196165229894 287.993321014076
286.871993113998 287.250767920266 287.185617227598 287.058062713628 287.124232888961 287.229343461684 287.036142448596 287.171936570215 287.307258461379 287.072625553087
285.801408168227 286.025484149998 285.993924954698 285.995594701302 285.908097297487 286.020022918771 285.86235248954 286.013388465118 286.014111196824 286.113460769966
284.834508124915 285.298256998379 285.050980747182 285.289531607189 284.952494033004 285.333210501834 284.829026415205 285.200128700214 285.152469688751 285.277692022926
284.322891641074 284.750368270649 284.53659644096 284.844961926788 284.76941978919 285.029439564446 284.82053799153 285.105377350826 284.832447803107 284.959127326198
284.643194714689 285.184812995019 284.662099656196 285.106596127623 285.059854463184 285.178175904491 284.951923482424 285.29715873173 285.138392902612 285.142102625674
285.60119747956 286.124723288007 285.715579569324 285.741170957243 285.871453444357 285.987112124434 285.719641424352 286.040216330606 286.014546064992 285.881885170149
286.631414783536 287.206319692821 286.827169016392 287.023848916696 286.879033960372 286.9882436919 286.647105140609 287.189599596219 286.799899967762 287.00991349991
287.667135766168 288.138171644057 287.942266939145 288.116134439323 288.073621027895 288.160471372125 287.857242210392 288.256835540752 288.007121972181 288.0066497604
288.517475067328 289.093233784893 288.877783719027 288.979355028046 288.856472482522 289.080611802156 288.755352096046 289.298773979155 289.004117312558 288.792779291883
288.909079959142 289.421449478767 289.422724962435 289.403880080457 289.290690528871 289.31064321929 289.200167628752 289.541603313014 289.279953545294 289.157258279439
288.802979945828 288.964938336996 288.964766966553 289.219524560051 288.98359107861 288.992493388122 288.812193046978 289.230689903105 289.028872569751 288.944376794514
287.732710638731 288.116162548072 288.159134474263 288.304717385775 288.269813512148 288.16903171054 288.053225029444 288.282949420576 288.110402574827 288.059714202992
286.775528477046 286.890604524231 287.210970924457 287.267983949437 287.100587875044 287.237789298316 286.971613880425 287.438476863716 287.130626709575 287.054043918961
285.524688731023 285.861335559338 286.067457159412 285.968502676247 286.090190232899 286.122861975109 285.967685537875 286.409347558437 285.943640695029 285.854364978928
284.888274919325 284.954827462713 285.177731728577 285.231324297054 285.035879548939 285.369092561428 284.964322996678 285.295674784165 285.036504214381 285.169738599346
284.576129283945 284.549926233147 284.802243659216 284.919194194491 284.766156652416 285.141708711123 284.6483428686 284.721052522489 284.861241862998 284.775541534284
284.900790008824 284.780035026227 285.059647814565 284.942874164314 285.048380234927 285.080357893167 284.975207089222 285.294868490925 285.038946157644 284.940797702088
285.662518391104 285.574941143501 285.989185587002 285.607503862549 285.777936041245 285.879457603214 285.792424389644 286.176769893579 285.693063869257 285.642622337955
286.778452304042 286.656260855563 286.91720869625 286.875997951685 286.862254437454 287.111688630847 287.011226704289 287.144343950683 286.808054423005 286.702498160749
287.969357189401 287.802759405029 288.097429204283 287.991242954927 287.990694207746 288.193448318267 288.198631626959 288.182936783397 287.895130623066 287.936596282794
288.771892042339 288.633015307324 288.967332187459 288.906769702046 288.636984775273 289.060481939178 288.915889622708 289.01033479157 288.816412107009 288.827038472042
289.173753993904 289.320539993333 289.261993153078 289.28076973113 289.151165303394 289.356650438142 289.172568874306 289.517877164916 289.109788474567 289.14300961721
288.98418464289 288.891919133817 289.028740176825 289.023655233108 288.855465288181 289.070643770117 289.067881557166 289.144777094719 288.820328183196 288.948859294646
288.046334587999 288.018371219138 288.234436087656 288.224680802458 288.028148383122 288.223777634408 288.152816350609 288.459174001303 287.992734011118 288.083843600107
287.062767521423 286.978274329613 287.102989730989 287.131873691724 287.01278189495 287.29124170192 287.014261838672 287.169355643282 287.042823560174 287.160953413866
285.790888680356 285.73647958453 286.16679043623 286.150605896677 285.910643658147 286.004064306043 285.727347009336 286.045214003705 286.150227506161 285.958937897332
285.009930505071 284.929514153348 285.332005312108 285.224121748877 284.901179359648 285.182405184337 285.017991934684 285.223950557121 284.966341082934 285.064711433066
284.769996719929 284.667592505728 284.920692539561 284.998628712693 284.583536528787 285.277625146752 284.73133103219 284.736092426943 284.834862940649 284.725467819465
285.052531106492 284.946176162253 285.224819083471 285.115843431336 284.933997785415 285.422387183768 284.815896051698 285.189945095078 284.9289665523 284.878160719686
285.824383926156 285.703463083065 286.036850202611 285.811628408494 285.933954631085 286.206507990796 285.688651825212 285.943472012823 285.766349743256 285.515870991639
286.925123424513 286.86994564396 287.130290239153 286.946349504286 286.895090709943 287.236506600555 286.925838460924 286.906632199051 286.916120497539 286.604100547664
287.795450441877 287.768459529601 288.107216629176 287.933473739263 287.8173325982 288.158052513891 288.041186103363 288.078204485288 288.119703012875 287.719813141699
288.745781352975 288.961492586986 288.974794221233 288.913270993558 288.793494186599 288.795525361196 288.918686450651 288.955927129466 289.045625822519 288.658216772072
289.320639730217 289.140775816873 289.383531010536 289.259198264023 289.429817431536 289.416862201668 289.303053007093 289.299615027098 289.356132154899 289.120144838396
289.070772601416 288.913128021099 289.060755757874 289.064520166787 289.071324916767 289.126029404954 289.073277016839 289.134584943319 288.985228433047 288.828731265284
288.286853956821 288.228056468607 288.324696081018 288.202334256321 288.120325942719 288.042360987836 288.109449017506 288.513443249209 288.301259241761 288.027723949465
287.047966675213 287.169506936826 287.244018588062 287.125116432563 287.197801065986 287.101515504732 287.105348783151 287.392385402923 287.266391668006 287.042119770165
286.095297678038 286.03008380109 286.034654897806 286.060707760345 285.958493006189 286.058312264252 286.022017833817 286.229860746258 286.033094789293 285.815295035027
285.055449013925 285.145569654542 285.339055049664 285.338903673789 285.101185576574 285.028801132339 285.103965918117 285.216546538794 285.088822064813 284.705327233045
284.995165541793 285.011253627397 284.896309016034 284.884579055472 284.88664929959 284.820136327385 284.834663070559 285.096735427467 284.748505898965 284.489061896603
285.518786128113 285.357528709135 285.254093092398 285.202378855491 285.174175571363 285.319636643706 285.231061855991 285.184469865358 285.028514697358 284.755576225158
286.153953648246 285.934191198552 285.876297467705 285.853077449373 285.969884365483 286.053536372913 285.799868299461 286.12045049853 285.648185187591 285.608949931388
287.212479999187 287.033387319335 287.115128815535 287.040495982249 287.195209012594 286.86267617904 287.010257091789 287.310265489754 286.814527753636 286.648422232105
288.317754271785 288.004245631225 288.021500079202 288.07502758941 288.229335510633 288.03975584063 288.137032380147 288.228845100104 287.95182387367 287.712222725547
289.109466725423 288.902915126302 288.956895736941 288.931034024066 288.952785610278 288.761694439784 289.054790058041 289.046773374397 288.83871655266 288.666156958917
289.51928687596 289.294905755966 289.423311618724 289.343147129103 289.34997348719 289.073096873448 289.299000375806 289.377071407284 289.128774126834 289.12849618158
289.279254021587 288.774231248178 289.103065521404 289.026630882769 288.975423184168 288.906808831347 289.099536197583 289.130527404486 288.833136934822 288.748734203488
288.357570487231 287.93644174069 288.177451683548 288.329941584633 288.296595493251 288.054841691938 288.160206690001 288.304733259436 288.101514917844 287.970840222601
287.284701864153 287.192065793178 287.222128355367 287.464976798509 287.28689761045 287.081526191408 287.070308924444 287.42260169949 287.014562359818 286.952411895379
286.096730330776 286.038153262101 286.134417877771 286.230363575358 286.044151754271 285.882514155165 286.087885672823 286.490282146373 285.918149550377 285.700969217529
285.246902736884 285.258189906718 285.296674788653 285.347823251326 285.065845686564 284.96094127144 285.341574074297 285.469638855072 284.940039319129 284.812039273867
285.081828809691 284.874516663661 284.949464064238 284.99293266841 284.859908204972 284.678641732966 284.998904502741 285.111214984574 284.591581539408 284.62397538759
285.332931018273 285.335851556338 285.213658398254 285.270365099284 284.973461002516 285.123144415475 285.225826295812 285.391785287817 284.843874204261 285.10391399192
286.029505453017 285.815511262135 286.131083838293 286.117147854727 285.81151888089 285.750997437104 285.963886512593 286.129868271988 285.740974910903 285.758509644451
287.202187376378 286.873497804735 287.140875760642 287.080640677896 286.745871397594 286.798293189 286.997514118572 287.235129828091 286.703414307152 286.930329696574
288.144233680898 287.932213337977 288.085991498472 288.14227302329 287.927483369516 287.924949098042 288.18658984504 288.191979079232 287.892679720115 287.849583284739
288.928682856832 288.837098428108 288.982467420673 289.065023207996 288.890936847827 288.657172320496 289.000180073195 288.992880637247 288.878023238775 288.838932873541
289.27542898651 289.177006622091 289.406100338107 289.34048380816 289.181538903857 289.118615288234 289.482186762409 289.46670787939 289.200836053801 289.157178014808
289.021211480165 288.790257100164 289.178359009345 289.188853994252 288.910302412972 288.943334732645 289.136919344661 289.228352300002 288.901534907187 288.671960640934
288.430708927681 288.189484709791 288.246268273178 288.406576492043 288.128889942828 288.131729939872 288.077271928428 288.138430511788 287.963745153121 287.982928054894
287.25354501509 287.187951989073 287.205562533958 287.243945176005 287.030114786102 287.016957957113 286.942476256668 287.003270362854 287.075546075151 286.867281726928
286.039425862993 286.129125189307 286.210513862612 285.87799597446 286.051048716015 285.837311699162 285.794442298084 285.96498664669 285.843497757529 285.808357544946
285.245819983094 285.241390871901 285.180201398133 285.140800158288 285.120203598436 285.120992846161 284.98200325924 285.061734323048 285.135551281249 284.930190897856
