288.723910650786 288.665754292586 289.367786181419 288.944963006712 289.237953302709 289.141255060448 289.16171945928 289.28721878847 289.211644813449 288.993704262343
288.841287017468 288.564949505379 289.482043724095 289.039660169225 289.426933264627 289.091799329072 289.061622240406 289.305166137161 289.383867275436 289.002911002318
288.23240148575 288.008855686899 288.769738928447 288.221720306211 288.616649775274 288.572142262544 288.362620017783 288.792050412118 288.770909354099 288.353838031438
287.023055666573 286.724165065775 287.576729330107 286.961770779198 287.478903183483 287.228935973943 287.244912028387 287.521666799575 287.530583281375 287.14722654015
285.352302625115 285.290173141933 286.141308781501 285.463135275782 285.863626386653 285.941974788115 285.699714007246 285.972535193387 285.961309502224 285.354807795872
283.742530352068 283.641219117238 284.530377715118 284.111645766725 284.440959023816 284.310823593622 284.134473387855 284.250073730007 284.291446285472 284.14460902141
282.898508933169 282.69628062441 283.560855525252 282.914817329247 283.46645852329 283.230532923069 283.067015236124 283.339850779269 283.301658952198 283.049476486589
282.618206589448 282.571115877669 283.068928664819 282.687130798228 282.974089117069 282.899527471384 282.777789750441 282.841024181063 283.217075033703 282.508859459457
283.327266629676 283.275495668616 283.252729121537 283.235842138 283.516464014799 283.537136016749 283.643988727659 283.098155340191 283.368344498618 283.006284119332
284.810288277858 284.367129860769 284.788505791206 284.6737092197 284.950787056378 284.826632074128 284.86294989194 284.572450075498 284.762627547501 284.314113266705
286.496174148221 286.302142394524 286.5202934888 286.356352552222 286.57243268443 286.434352696331 286.43137522621 286.365122803255 286.498172738571 286.054516782393
288.190206888054 287.786816011436 288.116986413218 287.82709334411 288.220365307654 288.015803070373 288.27487560611 287.952171880475 288.281392434331 287.526122559285
289.216047940523 288.577428775936 288.983370810976 288.868513411096 289.132744042128 288.967204384642 289.197589472108 288.844246111484 289.29819215538 288.357349223715
289.208910442921 288.632421598287 289.12897113246 288.915753847649 289.127708113297 288.906841036873 289.311112826158 288.896666493933 289.330957453766 288.435747481354
288.61670252679 287.949551867877 288.377921153084 288.177931246591 288.523947383141 288.287492353711 288.665565498971 288.125482106717 288.480496217643 287.871260745854
287.261474351343 286.726628213023 287.271334832477 286.975436040262 287.180390003585 287.045832093216 287.293890465611 287.025461187981 287.13968813682 286.635166628739
285.68409671738 285.222766894551 285.723634123158 285.554085835935 285.554049400743 285.693340386242 285.807458106194 285.627495918303 285.619892568158 285.270121779316
284.268717534534 283.677716526199 284.209381833472 283.915575776401 283.791042941463 284.357905122247 284.334050207607 284.36907289772 283.918985179758 283.62398674411
283.208410885985 282.889196968993 283.414310256885 282.900794742941 282.989017288465 283.110470076542 283.115310003997 283.239906405316 282.770217218999 282.509690590996
282.763810533864 282.802218340525 283.090115398014 282.428229597244 283.022041513091 282.990497444868 282.801515180786 282.884256207251 282.731328280732 282.260006430097
283.391478933746 283.398265802891 283.421784390626 283.212195121342 283.498324765785 283.45735668387 283.481625060879 283.466799052124 283.250121364744 283.227722991286
284.800166976042 284.722792322326 284.589177939737 284.666291221752 284.384108015197 284.653124105366 284.708450279751 284.830474856738 284.615217958974 284.536938407152
286.462338302943 286.613377422078 286.417690310649 286.491488281248 286.283416343478 286.329104986173 286.356607140627 286.410513724822 286.036205496275 286.332762147666
288.060071815165 288.114738981953 288.01671293448 288.1968451623 287.77092363981 288.03047900451 288.195458683689 287.931540964229 287.633693834019 287.658080895453
288.923037286969 289.050936229271 288.990024678603 289.151241229886 288.642814990858 288.9590887533 289.100719617137 288.949752747531 288.73212076551 288.731206699853
288.993003299323 289.165531699591 289.068824977108 289.19949304128 288.797760832733 289.033837253641 289.153167098781 289.064427734814 288.631114537463 288.87487851827
288.298774059359 288.381292055341 288.510886790533 288.534337393558 287.987890985458 288.428410277721 288.384563495907 288.41799253517 287.80756942252 288.091029827324
287.062514350342 287.382354964154 287.267948303337 287.395790068136 286.935223513642 287.002043263724 287.256054363656 287.408453372076 286.507209173418 286.782484090523
285.375448254664 285.77634646946 285.704993628498 285.846598885208 285.372290908939 285.531031799941 285.728242460394 285.646792245319 284.899317831321 285.361168533443
283.923609540093 284.250260769167 284.280708263933 284.178797192577 283.71247401558 283.679578574036 284.206287128554 284.02893674336 283.589277626431 283.593880903084
282.720394560373 283.259442465008 283.168144688532 283.089458796623 282.791402234657 282.860894255456 282.8829337878 283.055297368728 282.481409479444 282.760845031869
282.629341062412 282.706071184999 283.16415343186 282.937669839994 282.604305627699 282.327982018033 282.7577031959 282.766944705614 281.99553714549 282.537682945159
283.241603521849 283.330523707282 283.193373929203 283.318114913107 283.146216612635 283.09360697538 283.371891901383 283.55698499988 283.045214196935 282.823468607344
284.483163935097 284.536386904115 284.437290654795 284.464732035893 284.712195651753 284.223671004446 284.445037481502 284.468168451895 284.297737865395 284.34226349926
286.092935075852 286.181148846928 286.344265387002 286.209708775614 286.620318080583 285.924246158303 286.479016960641 285.974622593254 286.085522810701 286.327191149646
287.75902198317 287.88337590248 287.800928984788 287.654293089611 288.133235069934 287.545144218462 288.006634669755 287.535651123101 287.61400084229 287.887107007418
288.721137827996 288.675791841836 288.723254620716 288.443692226711 289.092611691531 288.372978903731 289.000063000911 288.66011153236 288.615609815436 288.967043607538
288.590379047164 288.772888919211 288.86722824746 288.565524581044 289.050233088894 288.539197790185 288.854678347318 288.653614658633 288.674723788239 288.85464221557
287.961523878193 287.977099686312 288.300074636915 287.888029393221 288.310305353332 287.78942335727 288.256195273913 287.970583068824 288.030329284411 288.112970743786
286.88344872448 286.74526696213 287.044007883118 286.639219457829 287.220194550825 286.530526053611 287.069170403904 286.913800829355 286.826523953119 286.909901478846
285.076078008296 285.165679315157 285.479366089651 285.006192053895 285.35918759253 285.193330764607 285.429033599879 285.116170833093 285.348375379848 285.359293072482
283.769174083405 283.669342873944 284.003045693615 283.627455263893 283.984409825475 283.783837705468 283.808533372308 283.866310666359 283.754634565596 283.765275880655
282.658832266405 282.773145957268 282.861202429076 282.58024930414 283.058086934447 282.300291669742 282.566016992383 282.729437565548 282.620875759357 282.870503068371
282.145750554992 282.288640658154 282.56168352442 282.694691373849 282.525125753232 282.062225282599 282.870992555752 282.437013035904 282.536442059442 282.694061579756
282.990178690975 282.712146313076 283.076119968175 283.034166015141 282.98766568921 282.780884633278 283.140217997815 282.813168641277 283.176120826237 283.377728932343
284.409025295811 284.544483208274 284.547098720659 284.256479654774 284.176957860772 284.248404099536 284.676496670897 284.511797938582 284.428957194465 284.558355192054
286.252759147801 286.208224744926 286.134502620447 286.143380539083 286.129983334464 286.175503489201 286.163769891343 286.323250435274 286.140231023872 286.336851658648
287.815373307014 287.623365249209 287.954477069918 287.721224554652 287.675091648023 287.759506871706 287.631680401142 288.010609622653 287.724828093114 287.802059335103
288.821424863165 288.676615973816 288.790389116615 288.684433492319 288.648524162058 288.780512517039 288.72583141914 289.046498204195 288.598774090287 288.769072116639
288.924884117328 288.791507079587 288.854252227843 288.658162789609 288.700866551085 288.988516995345 288.735015590171 289.154948191846 288.643371876957 289.011635231133
288.166007354337 288.270536865945 288.189662070097 288.072383372612 288.040334189615 288.375627776236 287.876620670935 288.685829592397 287.963930485765 288.397418721381
287.124628428638 286.971879530745 286.977067132542 286.867547049845 286.871230754888 287.2406163847 286.816714101634 287.479655111437 286.718227970327 287.05799637731
285.76263133157 285.485871282492 285.487814699953 285.589452580501 285.398157816015 285.569196972817 285.053276540823 285.897053685288 285.153674878625 285.5394269538
284.128151968682 283.63507455416 283.936262473395 283.829668176086 283.94316365098 284.069664669636 283.658987167786 284.579429550973 283.881637653168 284.072021674005
282.989232805069 282.522233059379 282.914505022338 283.022286546875 282.655476583755 282.942130671553 282.541891527692 283.22673058426 282.697423885833 282.935639300635
282.57248201078 282.590382066641 282.34132391468 282.469926494856 282.505890228932 282.696726106279 282.544889684167 282.940571732719 282.386719482668 282.54957879921
283.241954600529 283.107563719877 282.788907953963 283.225707680218 283.189351358061 283.279458455489 283.063566198403 283.560362411764 282.996052108972 283.10161285195
284.405168321082 284.149167662297 284.092284584878 284.639899816986 284.54956794431 284.707866762235 284.534778277864 284.680910213231 284.499052818769 284.438989932341
286.351137903369 286.160536119924 285.975955611788 286.417699409458 286.417627223136 286.617183644858 286.207262567625 286.415055326385 286.346561825731 286.122939233485
287.854267519348 287.930861827939 287.381911917557 287.997214175707 287.945895419965 288.093275905909 287.714591136099 287.91668642308 287.96450244951 287.694724647307
288.937094146425 288.77350132805 288.424429824374 288.897701835134 288.88191714409 289.059328019981 288.528104362227 288.944039211249 288.833043766786 288.74275942286
288.844333428798 288.839565907151 288.432983620534 288.992133158172 288.831109121037 289.234575241714 288.564071925811 288.928095287116 288.872277830254 288.962467198327
288.223464212474 288.099280044223 287.840496709353 288.148076931505 288.288388419101 288.501277589484 287.860590157717 288.403403375161 288.130105755702 288.040280833932
287.126710483696 286.977850935358 286.519350811093 286.85169438856 286.883675726905 287.309128972076 286.770652947013 287.041621681809 287.026048039292 286.754973910272
285.311024331915 285.371500620033 285.05505042602 285.532700090386 285.219912014295 285.770826866093 285.129154600658 285.640623627921 285.491188904959 285.290254310481
284.087584737548 283.9741472314 283.502052312751 284.003329459428 283.753356207618 284.07899182036 283.577096214434 284.074989838268 283.997420161655 283.586310148047
282.916671679933 282.816800283143 282.826151680789 282.709036663453 282.81174051322 282.992620018637 282.680415201134 282.66175660296 282.95271411381 282.677670905473
282.757493117071 282.413659090404 282.364483431004 282.673618897852 282.422544257663 282.733231992445 282.700801132938 282.588045140601 282.285592724038 282.478922355683
282.954244271811 282.751337867036 283.027234913104 283.147797962784 283.113868323196 283.358870006356 282.859630265326 283.11601519918 283.085777358552 282.995387469335
284.672575292816 284.320557947515 284.404793103269 284.594080698162 284.252084179789 284.526103482399 284.286384657928 284.24484407893 284.400415553158 284.325028441708
286.52622915416 286.12367768717 286.145257777328 286.540162127674 285.850852797025 286.148387436786 285.929155251955 286.325203385104 286.27442913795 286.396359853622
288.047675067444 287.738771594933 287.644431902589 288.122253749331 287.528026361936 287.794843606184 287.684870053465 287.79973491832 287.919800777998 288.024813705885
288.937639155546 288.593230994933 288.741591641677 288.986562146513 288.626304551673 288.745610496228 288.684129234349 288.71916664694 288.769522071688 288.882858480584
288.904272374238 288.527354086025 288.939643185328 289.174663028809 288.758344053587 288.746980518693 288.729734066448 288.799424484678 288.855287218234 288.904046621872
288.225747796218 287.835486072756 288.232706998218 288.476843563906 288.088319885577 287.942230383872 288.051102091796 288.228589555652 288.240510677603 288.157079480685
287.058652738726 286.573673023267 287.005133362415 287.155214977776 286.596521616521 286.739627361526 286.78598960089 287.180922699089 287.124864478105 287.168368096355
285.407764215414 285.098239736435 285.435606505586 285.557683433064 285.347146626683 285.232714076202 285.249551517259 285.706220134636 285.476964994818 285.61161739342
283.960902339246 283.394457967054 283.926359759447 283.956145928351 283.598518623949 283.840904063167 284.077425704881 283.9978917215 284.193118063582 284.259703213955
282.746820040681 282.655402832789 283.072543368731 283.062586456636 282.516769219783 282.767303536628 282.94454144357 283.106420273998 283.122643317287 282.975138073477
282.370216862571 282.242317924977 282.49837273058 282.715576563918 282.290555734537 282.273409740648 282.534300305581 282.707073708227 282.499882533501 282.517701426897
283.120525643731 282.568816601826 283.131228878051 283.249376579915 283.023600689406 282.99327715675 283.13793369043 283.423031520358 282.987440107442 283.094898404925
284.555694170151 284.146225960424 284.376851301983 284.831148393872 284.371682961028 284.467981605991 284.439754984431 284.650412731879 284.469367807106 284.35281285184
286.245882339078 286.167136337651 286.268225174239 286.492442649805 286.241449652416 286.321310676608 286.281147223812 286.439277157765 286.414236306748 286.339397531314
287.693578047863 287.729859629023 287.65116817883 288.215074751569 287.961816156514 287.886548475494 287.813465801754 288.063219614884 287.942710054856 287.978310015433
288.533720916646 288.848740993504 288.628461209484 289.146964417748 288.942675235246 288.995549864335 288.76132127454 289.001239662492 288.901060271261 288.857402031215
288.591136311287 288.760805261336 288.70690839655 289.109537310551 289.092854621277 288.949769731196 288.7572771697 288.910443645811 288.959851402706 288.898786880132
287.960298112033 288.152150555319 288.008428987846 288.481016815766 288.375606416475 288.239104268094 288.097594517243 288.301945168339 288.289761491167 288.173345007697
286.726302116938 286.991256373856 286.803182215865 287.176497824825 287.230853767777 286.971551085859 286.756678134192 287.067906458954 287.01887094824 286.971724849389
285.518886076529 285.646505133995 285.513488554548 285.711034193838 285.561137696791 285.388247271956 285.384885293491 285.601653118731 285.42375873426 285.15092617319
283.763819331783 283.961445427089 283.911833230168 284.303327878228 284.124014062215 283.95228991776 283.703415859232 284.077461261045 284.191819599151 283.582135763036
282.944840851073 282.829443733728 283.214295721699 282.958848027683 282.980945193661 282.739194502302 282.971477339692 283.217647205949 282.95587649925 282.768946946624
282.374968169776 282.688648500184 282.54465919938 282.691000470946 282.603545786658 282.558418543197 282.651147626294 282.794432245807 282.777949567031 282.474201451855
283.25818355121 283.410311849233 283.396174228886 283.181579344471 283.31680488414 283.365341096656 283.056983967547 283.428897449026 283.340744188325 283.170503097113
284.48824756122 284.530580429911 284.721606688608 284.845928417634 284.48134662003 284.397656420312 284.531393202914 284.86373860695 284.684697588356 284.313647589985
286.347132413238 286.293002233348 286.407930185137 286.297217369369 286.262638454006 286.246746561107 286.216584727784 286.433602040731 286.394196396172 286.022086298749
287.89343326679 287.93753317642 287.965490007783 288.09920242829 287.933748169862 287.842315954196 287.940185239062 288.05335146503 288.034348800715 287.623223831304
288.780308680405 288.860021287484 289.021404613696 289.172467879312 288.744550672531 288.624967213671 288.686550416287 289.087555040963 288.919242175705 288.632854017781
288.785443666124 288.945581806487 288.976115356521 289.182707159283 288.7357434412 288.630696267643 288.757157901835 289.088210810425 288.910968326178 288.762157000554
287.985786303923 288.218459215807 288.24201534447 288.379082817209 288.123880940894 288.078756702694 288.165523327539 288.428525432989 288.255906962148 287.972525937633
286.87073007266 287.011286715201 287.076582476353 287.139484260037 287.042873528777 287.038563768761 286.947703887917 287.264635634619 287.009579972205 286.697739557229
285.185671238383 285.523640678438 285.588640450242 285.806401905864 285.268345815863 285.496082409099 285.375161998824 285.702528066675 285.239902307379 285.108042601596
283.759543833033 284.199005504504 284.283763985387 284.325017147604 283.892705792472 283.534900130675 283.606405303257 284.066145946456 283.814048480915 283.939118644854
282.74817904101 282.957088319946 282.892156466133 283.000859418779 283.249625161649 282.903503493459 282.646979806607 283.170849905474 282.866137654257 282.584524477158
282.651944986639 282.907644784134 282.849260563899 282.958988997747 282.980311099899 282.661775036489 282.334961919943 282.671629984286 282.924621475085 282.351852855222
283.166554846309 282.900416810076 283.106938032853 283.306057933584 283.226794998702 283.163617297198 283.008726585148 283.126389983626 283.296747630505 282.704604014618
284.530359951274 284.490965760353 284.697793186746 284.524529825646 284.703732368468 284.294076712527 284.770307590357 284.57596896358 284.576612236016 284.269604389877
286.266564232191 286.401267227545 286.336109060913 286.472302647364 286.641999734308 286.256745553194 286.228338758679 286.293884688535 286.321258784852 285.786310085514
287.927587382501 287.84131594504 287.951057258882 287.973155293839 288.326743600195 287.932392122505 287.846951203527 287.912329171582 288.0150105244 287.578995264634
288.805956412724 288.82024774863 288.814723522396 288.905783765719 289.300059303899 288.803267399022 288.759872675172 288.706379944637 289.012303219661 288.639704801975
288.760544776964 288.762910534435 288.900468134991 288.966658655258 289.444832084557 288.954607182525 288.864517040342 288.894340534936 289.053233271429 288.624593951668
288.100804252508 288.086696836158 288.152881407613 288.258577701626 288.720392152335 288.379971959495 288.234591559317 288.270527930741 288.227436460176 288.007624084579
287.132516993936 286.953065122368 287.072794003705 287.061149225577 287.385805619837 287.270350575388 287.047311661973 286.925300475511 287.05632122602 286.801882590304
285.538476670638 285.63814049158 285.531534302427 285.570400993731 285.823217201704 285.629491183879 285.72486604073 285.442518952125 285.454285138506 285.272183647781
284.035288311016 284.176694911514 283.783062000849 284.146029610012 284.479397878894 284.192010164456 284.054845810621 284.037261460794 284.019301368103 283.895716867445
283.018675515957 282.865538607235 282.7611132599 282.764655664019 283.145679465289 283.103693127219 283.18532137461 282.732566764342 283.005619309994 282.972006376817
282.525618414589 282.617811255329 283.017965367501 282.599214633559 282.957524148261 282.916631836501 282.77608231795 282.61306996493 282.616911130855 282.347670558876
283.446986494569 283.324805419851 283.572762194248 283.168851959274 283.068827218871 283.195421738129 283.262870231537 283.027306705505 283.363189616182 283.051180903053
284.572605089709 284.592568406432 284.723197848218 284.587849499604 284.667811930768 284.71437366207 284.607698073738 284.444072212183 284.531197687691 284.510260619874
286.507740101252 286.159550915343 286.389558387238 286.541038092228 286.369768117054 286.533869250616 286.22199512142 286.329881369662 286.556800686209 286.290832154266
288.196653416614 287.911250538284 288.16703857356 288.126584207905 288.130396435621 288.213856571727 287.777682430668 287.840181943942 288.144728221217 288.050869659181
289.186666354905 288.925692875679 289.126192953393 289.075131550788 288.967327984478 289.261482448697 288.571833371606 288.746001843792 289.183212997453 289.048155857391
289.392227039137 288.85330538784 289.224753418581 289.031515508529 289.051697602592 289.269785464933 288.590886329415 288.754547333735 289.181309869405 289.087867925558
288.494922511442 288.156975050773 288.535596538187 288.366174259627 288.328328555512 288.618045503726 288.093466100386 288.039233818563 288.445662079815 288.3865995219
287.320197068264 286.957828168916 287.26433850691 287.228448771172 287.155522248084 287.417937096025 286.786273409445 286.993331466953 287.387575820853 287.365314351713
285.920136368177 285.309657385719 285.692056372978 285.596016368035 285.679316501388 285.975009865958 285.312237723291 285.319196468043 285.71282286423 285.595668606793
284.254514246393 284.185224032047 284.159349409578 284.011436500976 284.238691962015 284.187503302025 283.717399968375 283.900230986902 284.339514296645 284.285089593447
283.096164275302 283.058031594309 283.108281918912 282.833985247484 282.928166583038 282.850126328057 282.849859032517 283.202788313269 283.06771538502 282.827383800134
282.722204458334 282.572739213345 282.725329932332 282.632078553026 283.049678923349 282.551744123424 282.461038765515 282.836856957465 283.01201360779 283.099888716459
283.208136588525 283.086675161614 283.296973435438 283.301964123667 283.309557789657 283.689461429521 283.168474893155 283.415738214631 283.510717737659 283.315747933338
284.465951488495 284.612836517117 284.443438638473 284.288345996406 284.769582976275 284.766125821705 284.774227439572 284.810946068101 284.456037863835 284.695411658345
286.151990446459 286.61743803347 286.402806773549 286.174201021294 286.319292690736 286.41518307074 286.459063349875 286.622089832572 286.296926895319 286.293478077087
287.720029732073 288.129385528186 287.840253319379 287.643410513255 287.962600278891 287.996514434651 287.870368660889 288.041562707845 287.94747653837 287.95614057324
288.833638935407 289.008453390523 288.784345449693 288.660064829611 288.763158490924 288.864487409845 289.093246262776 289.042646427831 289.07777375203 288.928919279286
288.831280128634 289.182813952609 288.793304618129 288.709829882816 288.811763457289 288.850097352169 289.122964856095 289.070538903763 289.167563059214 288.89634967989
288.214742865224 288.542778293929 288.226932270862 287.972593003095 288.036840150332 288.086776553029 288.325986064838 288.528567342581 288.37272969632 288.38061143248
287.058094800132 287.29684634251 287.131184673962 286.990750693664 286.933275573882 286.869190460998 287.116941411836 287.387147483321 287.21654353704 286.945140842904
285.45759549427 285.59153215465 285.547480487361 285.388987602041 285.373250042113 285.279184843133 285.403505041446 285.623791862268 285.485842255166 285.579517893927
283.827540775836 284.028264621503 284.227018583991 283.819877561266 284.076856659327 283.618554367797 283.972592333716 284.130198096478 283.63710215372 283.726948389449
282.715735881082 282.843937391651 283.03239968739 283.016936341439 282.969627595826 282.764060987422 282.857189346881 283.074611147596 282.751798891371 282.872361612344
282.618822562521 282.895220942665 282.656009823385 282.626954773795 282.551601591467 282.780916535788 282.57325247884 282.710145475916 282.522778750676 282.683380332897
282.896814166617 282.958542033213 283.350128727948 283.184107879031 283.138271061275 283.386729750289 283.179170481944 283.164187054597 283.057532262126 282.99848736446
284.323181448321 284.164619702163 284.800946143543 284.591381759978 284.712070800344 284.643164004551 284.360893430025 284.405119409332 284.549796364464 284.512567994119
286.10589681518 286.066480213967 286.432608822575 286.413526229266 286.311629237379 286.309237549455 286.295698868227 286.327492481681 286.057648252523 286.473206139259
287.856852006162 287.621339050957 288.007109683102 288.138591491016 288.02809700503 287.871076851828 288.065170806263 288.087975592509 287.629852389042 288.066226240633
288.791123990296 288.485161621137 288.800434355571 289.069498460273 288.962432029733 288.705444855282 288.871515008368 288.994325116022 288.60430102097 288.868167218736
288.844904243502 288.586029733068 288.758679640003 289.208025254937 288.990853472634 288.835874328146 289.035822813446 289.095356078354 288.770867680836 288.87324359554
288.192330800195 287.946780940284 288.140496468569 288.45727049065 288.504918968667 288.232086776431 288.353257640208 288.554843934054 287.921370684858 288.147556634036
287.132589650129 286.588705179526 287.10817948495 287.231583573205 287.328904731932 287.157577098367 287.178011471331 287.257791935204 286.847894210539 287.075966602538
285.725598519838 285.044908416398 285.567099320681 285.936496122709 285.683098615989 285.852395213992 285.693361275812 285.541439547936 285.359951616696 285.39637524356
284.133672085676 283.736456679281 283.871689722451 284.223333138489 284.138007169252 284.11277249389 284.348729491228 283.774607302982 283.793337354373 283.819265026634
282.877160323978 282.524245487754 282.87474262652 283.047990188947 282.856316922687 282.938159653604 282.850997106236 282.916649201466 282.844316404449 282.769171567026
282.457126635686 282.370061036125 282.750132032032 282.407044432787 282.813844421317 282.854262480622 282.559412014544 282.36297155708 283.032530498707 282.458331572633
283.350833545266 283.162526229622 283.212873926406 283.428678886413 283.2187013926 283.269420029544 283.239487906307 282.854813400316 283.277360612806 282.984660839411
284.789909450347 284.530959475445 284.753714653826 284.477610034859 284.866765959714 284.532992197612 284.474722975842 284.176608573739 284.399843806586 284.602258977328
286.384187062973 286.300137160052 286.39473516552 286.286948670707 286.502759608033 286.374600207828 286.426382574743 286.362907415714 286.40785655815 286.433427368451
287.907527873956 287.804933159908 288.047383717301 287.982968128013 288.033012626396 287.723253601415 288.022064910339 287.738117649306 288.002715095437 287.862886683803
288.943541877862 288.740970933469 288.854881585595 288.617057744348 288.958502352409 288.75042430337 289.054971864241 288.742687138807 289.037203967454 288.607847669726
288.975160981824 288.758170579313 288.914509144017 288.862880915289 289.009693943636 288.803016950088 289.169017750329 288.865856113693 289.055228216847 288.816606199417
288.27718557199 288.039358874545 288.228861133642 288.2666681364 288.37226209501 288.174668415393 288.407370633531 288.225192292124 288.337549241336 288.158076117601
287.069366683377 286.953286379762 286.969699287477 286.938570970163 287.18058590779 287.021979493941 287.08488937433 286.980367130943 287.370674258571 286.979152931086
285.467723450476 285.33414471154 285.461914187185 285.379148735658 285.666808116469 285.534063577436 285.596063026149 285.460031146403 285.633285196446 285.496232901739
284.146274153783 283.575275642016 283.901238783642 283.873997224325 284.103534923146 284.096884277356 284.048615982346 283.814649911593 284.098692816282 283.763271993219
282.925094135235 283.009884987871 282.952145668242 282.864248115723 283.221630935816 282.944511408133 283.20759500773 282.912027819855 282.913136567281 283.093020815944
282.723447317734 282.740752143792 282.831191763075 282.768432280523 282.814265719813 282.594578829073 282.960098331085 282.382303909848 282.432502751929 282.900485374649
283.163433090359 282.794563036687 283.285872652697 283.11799699728 283.385387773389 283.148748613461 283.245875560672 282.971037734695 283.049703905694 283.326961688056
284.288501647755 284.459027266175 284.599633105045 284.150300549029 284.814309062467 284.693992015703 284.413403828043 284.527038444954 284.490142666734 284.73836289743
286.198028027045 286.270633184408 286.230094914614 286.128955914985 286.77032686872 286.459204836674 286.46467057469 286.41154445245 286.426996460635 286.579907675752
287.717930489354 287.668065927675 287.783561851262 287.839975682184 288.265495501813 287.826345981164 287.98147618635 287.826916924349 287.800819919911 287.983078902378
288.6070145732 288.669492881718 288.76076748026 288.594963386827 289.326621418471 288.75832395022 288.852369602335 288.886992960781 288.745327457555 289.132079193026
288.652171042014 288.826047382288 288.887408401868 288.778315517514 289.240206314129 288.766122830764 288.992255771285 288.801748611171 288.707801114654 289.245002641613
287.938226210627 288.09300517788 288.121144517919 288.163081954557 288.50894308063 288.234416987612 288.444264334823 288.090554484825 288.117768402115 288.515737929133
286.704399789276 286.855538589264 286.891166740011 286.854233814045 287.493772964187 287.011777051294 287.134370147566 286.942336499813 286.932445481058 287.452779069968
285.275045884968 285.318436812026 285.276508209701 285.45269316131 285.679111454093 285.312618128991 285.559778625089 285.432763308674 285.52034627763 285.750301398908
283.744311383856 283.927144087567 283.85299557203 283.897396642917 284.215278217202 284.05513544547 284.267522341514 284.019588534282 283.846580981329 284.287171569829
282.892615591667 282.970710083324 282.993929336981 282.77528149609 283.249229632852 283.208343985049 283.10078501182 282.810657810624 282.992809576434 283.219295028939
282.582424320934 282.467472563174 282.757061683848 282.723192874196 282.761734967034 282.855548576476 283.154549938335 282.407201832161 282.917715455378 282.748983635961
283.105890274041 283.047353799246 283.308253920696 283.265940136477 283.267139982661 283.24454386496 283.388358459622 283.001672091391 283.517074224423 283.329641524907
284.555709457404 284.48342560057 284.918907937051 284.498218821954 284.80151529851 284.550014228738 284.71333093347 284.788093156572 284.674037053418 284.702775481243
286.424708246098 286.419995855782 286.489207983707 286.560354770678 286.470456361612 286.467534842108 286.652871584331 286.535271115629 286.416554833593 286.489799682086
287.937537928189 288.165051258563 288.172780235236 287.986331941236 288.408152871381 287.918126575593 288.266718715677 287.929866015345 288.158447947836 287.954674169432
288.917904129228 289.080439028517 289.172503798277 288.906105554132 289.314712155559 288.934224850695 289.421930904753 288.990122870491 289.025617023257 288.858251105914
288.830792387379 289.109730675046 289.163031452623 288.97349200924 289.245427447739 288.944764224616 289.486306083629 288.829071501842 289.191926140848 288.79565598021
288.100719658924 288.443127843094 288.65034514197 288.19110904003 288.602570914152 288.249801227325 288.787920475819 288.191829477761 288.48252714281 288.055290640827
286.977648597563 287.244042802767 287.345961409421 287.267228592698 287.454837628869 286.975730300326 287.692202304644 287.00036192949 287.419244077361 286.98110366807
285.456274578935 285.633869552216 285.832955162735 285.5801396909 285.868399440592 285.724396832647 285.956098211226 285.318753133446 285.77074023638 285.532152397348
284.107009209789 284.214959786434 284.312473364439 284.035308522142 284.120111071632 283.961972108688 284.288948044454 283.799600412645 283.884989871458 283.82144046149
282.927392512473 283.200784280534 282.891535190474 282.941643253459 282.949639189647 282.869903264485 283.242028561745 282.781525817186 283.312506749513 283.041495201676
282.541721315035 282.85191413861 282.947726660866 282.696705992316 282.648819815368 282.953527461951 282.897456686232 282.429028016167 282.891395811776 282.730519021023
283.310791036338 283.566156795397 283.273821231421 283.430462085849 283.038157233944 283.436172534472 283.276313990245 283.238522202604 283.189997745145 283.085568456717
284.676194552356 284.705175930878 284.665464518518 284.598508839599 284.473806548117 284.533715706928 284.511195654368 284.438309220873 284.540899740245 284.549448207351
286.485249943182 286.657746175647 286.576468162712 286.428231771447 285.987478962207 286.295855287955 286.435602358368 286.226783049075 286.45068643113 286.411260136776
288.288650999889 288.47627479175 288.053543752204 287.981521911576 287.676703071903 287.896959571025 287.800440929393 287.673817770301 287.96688183759 288.199532292665
289.320164470258 289.252452071697 289.027972374355 289.031133390228 288.576670736071 288.706692140466 288.910902004532 288.575760745972 288.97522403945 288.972860026576
289.429769409106 289.366349480066 288.955004182468 289.039528978367 288.63103558745 288.817813313503 288.84769165383 288.79544112423 289.054748981501 289.161188660248
288.817229324682 288.693160801037 288.207678430627 288.417000586977 287.960262016614 288.10400573021 288.17114845824 288.088143330479 288.373594977461 288.541879494669
287.646720331345 287.314566051205 287.061104689376 287.115087284737 286.836866171804 286.907512433574 286.948215231934 286.837012632275 287.06417595798 287.328628188913
286.23938652432 285.804025718693 285.567246846708 285.635365355862 285.278469653525 285.465813053308 285.566493915952 285.483958152633 285.639811937372 285.911382144894
284.875566523504 284.287503920417 283.941197748851 284.355852382992 283.785456088279 283.908117991894 284.043333244737 283.960778130367 284.503211357552 284.544205335754
283.619414518147 282.919927022962 282.89609676757 282.85730597386 282.705497065255 282.904050475206 282.842725040439 282.834449197022 283.40020470625 283.118632688942
283.17057082535 282.824589368908 282.577204929237 282.675224915221 282.71393103348 282.696576604638 282.753702865914 282.72484310276 282.999533687705 283.099785693047
283.489678118181 283.453136926529 282.906436593465 283.262046453081 283.331813559116 283.449554017248 283.470364234173 283.030638050214 283.846267241354 283.343491063071
284.716606848813 284.983797936869 284.3293023781 284.628284185721 284.582890793919 284.534251105371 284.460516367519 284.626530927734 284.976887993225 284.663811065781
286.456378705793 286.483148380809 286.197641227339 286.547948883209 286.650095462092 286.472059356593 286.336016347446 286.524178768812 286.810234936146 286.362083896278
288.236280582475 288.088229643923 287.881488132156 288.304061431307 288.178215457698 287.891132667035 287.84404878744 288.101529415436 288.396396321088 287.949817910354
289.257045957672 288.964919184615 288.713849206977 289.162913428836 289.274567216975 288.847755220453 288.87765389166 288.982445055751 289.402161320191 288.804634074551
289.239292968999 289.082753522564 288.895226603473 289.146757328772 289.2711886934 288.932383258342 288.879965698365 289.095420512605 289.585238997201 288.765026852639
288.363577963285 288.437548289562 288.247916110339 288.632698955343 288.500436599243 288.285175905699 288.279741464497 288.390204149945 288.826172778669 288.224010040043
287.189299669641 287.239081221252 287.133701949198 287.546771624937 287.284754663582 287.186327277933 287.217013885727 287.205887929854 287.700973934899 286.893278532024
285.860585245174 285.527536307827 285.52142146732 286.121967559877 285.769063866912 285.628137398389 285.667950480697 285.611995012391 286.154508895372 285.398489510062
284.234151763416 284.009470322582 284.074861165549 284.551800175096 284.275911521006 284.2360959509 284.051206233243 283.849776755681 284.637525934349 283.989616545013
283.213588417226 282.842258865294 282.851134134953 283.27400166978 282.96440831409 282.934706375923 283.130424303222 282.639217949697 283.223441884144 282.858642473109
282.85620490281 282.643907971657 282.737898587 282.90487664124 282.639332496449 282.840090586771 282.672770717829 282.839069356049 282.865188628059 282.897834199136
283.60312577844 283.425116592528 283.349761472574 283.387533813752 283.436190306152 283.669479997685 283.477035241123 283.450681917066 283.505659866075 283.173177299163
284.993473430722 284.548211395469 284.540022550942 284.715401583849 285.021407030708 284.648037036017 284.75431938475 284.738535460974 284.923158504873 284.69696473028
286.63402978698 286.58681298533 286.628698637411 286.679809234393 286.847169948073 286.367458748142 286.402590143266 286.648122906106 286.759636208259 286.789993238927
288.331642154959 288.029300894678 288.219419423583 288.162239758255 288.356925230708 288.134356906821 288.07819678659 288.124983264426 288.53266079143 288.362840697447
289.45736609821 288.94277981414 289.151424766445 289.382316373676 289.490850969464 289.102765167003 289.083631040516 289.112182195422 289.460399002894 289.314083302357
289.551827255803 289.061924988501 289.232946226117 289.310013545444 289.572995756025 289.159981753479 289.27242290726 289.166151925579 289.468432752828 289.498423539882
288.888276496036 288.463011172838 288.74255438668 288.593469848902 288.833804689283 288.494143692261 288.68517345411 288.672032034534 288.779963471063 288.81927169286
287.697386982974 287.162473401239 287.640696291029 287.559201656557 287.646004348691 287.650194634226 287.379456808888 287.323920159139 287.630780509536 287.599481861406
286.111047616641 285.661016122861 286.134831482631 285.909822127292 286.245498828652 285.955630157979 285.559887113376 285.888117636491 285.854586576195 286.098166377181
284.455526401837 284.071544956433 284.478122771404 284.275410348368 284.599180525389 284.411837637939 284.424229534102 284.458848651897 284.479603382153 284.457936143403
283.217647339584 282.886502667893 283.293096256013 283.42097692537 283.354817806378 283.22091406314 283.376784285132 283.365300924555 283.472440416617 283.648475076019
282.918829106689 282.741556161426 282.939656403499 283.003487078726 283.107048775769 283.26162915882 282.936157538253 283.09927090676 283.20309276699 283.153649436528
283.567160495208 283.30134789734 283.489882650253 283.525718579477 283.417745920595 283.592615712933 283.720120256531 283.426559518302 283.724167430364 283.596542397313
284.590975110449 284.714242831291 284.677657065292 284.8655780577 284.664094397838 284.992937902768 284.995293149315 284.580561618952 284.925773097788 284.785232700154
286.497300269573 286.536646941783 286.551507814559 286.57195542444 286.593505643385 286.922740135341 286.747570949212 286.419485205434 286.647127625579 286.661169222203
287.846807449754 288.225357880625 288.319462343751 288.032797575671 288.304582508792 288.396652656536 288.220401723075 288.156208867006 288.339313934812 288.388563817287
288.822372738301 289.212055966705 289.078026852566 288.874536654454 289.110477191343 289.39160435963 289.40038735358 289.186128738884 289.213063727861 289.195145550745
288.867774473114 289.323811152898 289.177300899856 288.86263252382 289.200168271357 289.570720788331 289.406236477071 289.301093265902 289.267168972922 289.306228805922
288.268494295263 288.535518124202 288.570684820875 288.171176470797 288.418418216446 288.905968956363 288.795974269032 288.365995591726 288.578304549599 288.730235495016
287.116025978827 287.436583298308 287.339172947971 287.071910579488 287.188904249657 287.93462613431 287.525566188918 287.168529238755 287.328586149677 287.674375112382
285.788955017209 285.780442123609 285.774983963547 285.422336089387 285.63222881528 286.608659317726 285.826406175744 285.726845158855 285.626624223978 286.10949856715
284.021602390892 284.32136722247 284.491977240464 283.959892053627 284.434167801157 284.844397526082 284.244194077446 284.100976620085 284.179304275561 284.507902220083
283.241954464007 283.486967977576 283.359288285924 282.869808957372 283.07422443428 283.822484121715 283.309736066165 282.93406841098 283.119383819391 283.460275597469
282.937775160718 282.99097652564 283.181655798957 282.93068864861 282.822791797559 283.193022379441 282.772507026482 282.823185909055 282.92783285219 283.189332348879
283.676759119376 283.311557298885 283.605621771993 283.495667635841 283.325925664284 283.556467285945 283.366640669271 283.443598524965 283.492131025779 283.797195560774
284.951871749529 284.820611332269 284.973745317184 284.889233715396 284.741949834297 284.803759548718 284.548863971529 284.496452727729 284.877456581891 284.85430182711
286.789986555603 286.507608948453 286.82217425872 286.707502066157 286.477264474013 286.680536356804 286.365095374118 286.286868512014 286.594007879188 286.981402825319
288.399950780716 287.96045738792 288.452187102003 288.10444039888 288.173810883773 288.342434959932 287.784509836874 287.874523502486 288.083032357301 288.588382076257
289.340437460707 288.858814072368 289.237995258722 289.002913469395 289.330357377414 289.193083658982 288.672480719955 288.883644961081 289.011496415879 289.572279454045
289.445043713792 288.859460540591 289.410601682895 289.031237991017 289.389552088685 289.419327404059 288.723693524439 288.934618063085 289.077886404354 289.518151172773
288.746112505034 288.260315901088 288.745059278184 288.451789743836 288.793991542734 288.764758807373 288.068019651599 288.36241145913 288.481643989241 288.852948195083
287.564606154181 287.12404203723 287.398887193262 287.182393306536 287.476411441336 287.530378854438 286.97419262218 287.144605724731 287.285678931442 287.85497735943
285.953279854243 285.670480904091 285.954642280479 285.650145028039 285.866751445659 285.922061445236 285.30666648567 285.603163637254 285.933005436764 286.262882710238
284.510356670076 284.339342944084 284.494444190522 284.426822615957 284.254246822844 284.309272323667 283.830236001253 284.354446477193 284.462108935385 284.578630698974
283.468662310724 282.977557675218 283.409379775743 283.26992212377 283.370062378808 283.464868276983 283.006383178614 283.094314428923 283.425865474651 283.436263790378
283.13367395286 282.972652324994 283.116899909235 282.850699690591 282.937803231501 282.974362411095 282.737164049851 282.858243384683 283.099778953476 283.222883706077
283.741723426546 283.437469423801 283.460545160799 283.71339364953 283.686866216411 283.735758813921 283.257112231329 283.340645286952 283.873920027277 283.679600707261
284.887792866136 284.778153395609 285.009628952405 285.087181463282 284.772690112151 285.044165601042 284.910107133289 285.011988059725 284.954381824382 284.796687571172
286.454926826817 286.411928973324 286.691688916994 286.869996711091 286.368558154878 286.73425313731 286.811905529429 286.699266291198 286.923754802861 286.510605590019
288.029446124607 288.277983265094 288.261768869626 288.508674506463 287.979624825463 288.298314318279 288.30818793215 288.351581516948 288.676876957666 288.120893991439
289.156543034362 289.387414280271 289.110697495646 289.419593545185 288.887461614535 289.151822806781 289.240811506898 289.297207526262 289.555772221499 289.061580673066
289.193649361583 289.368847244308 289.145120786449 289.38204640398 288.978700930625 289.181402278531 289.337905921378 289.395210508281 289.701260627961 289.178076583189
288.462238341371 288.618641050035 288.488596083222 288.793642229446 288.501450825641 288.480422177449 288.754208110679 288.693133694986 289.025622670036 288.690054392209
287.165316018098 287.367412518689 287.594817951052 287.63335626354 287.277113269384 287.168219708816 287.497741126413 287.652706858475 287.886718496938 287.36780414083
285.886069269327 285.996047805222 285.845162215322 285.906661871425 285.818605657966 285.664921434232 286.182506895589 286.061398661034 286.204612171314 285.985315100877
284.406067694092 284.465656624839 284.410097398948 284.646941908356 284.197649950032 284.471448785342 284.538957714942 284.609590095605 284.72499778185 284.477860800696
283.431440878865 283.340537707949 283.386828521546 283.573975299361 283.487396583548 283.187007705726 283.300389105232 283.49418437658 283.125386976241 283.404132855692
282.983229371508 283.031027931682 282.875779787442 283.374126534779 282.987335620126 282.962452562973 282.899317007629 282.949414552331 282.895501333807 282.844932791925
283.65801718672 283.575504610453 283.581859161202 283.597805912144 283.694002056816 283.483335390068 283.483683318487 283.458937624962 283.323850623045 283.414958023927
285.049584259361 284.932537901421 284.97369795042 284.908580119736 284.826141184581 284.76898462369 284.721212794317 284.831884347063 284.62045412347 284.622164408077
286.678627491834 286.544761975102 286.704381349228 286.765322985805 286.63524293326 286.565082780507 286.384369698714 286.380369178323 286.432802636125 286.519629870889
288.458418496597 288.111763282349 288.25858190821 288.259170575659 288.122491443941 288.142077426261 287.859657033713 287.818059956551 287.941618521592 288.158633171317
289.367699558418 289.124143238442 289.337318925767 289.247116855261 289.177883455766 288.983492716575 288.741380449193 288.925028083985 288.826245393424 289.271323755479
289.576800872388 289.188963587659 289.343030549571 289.231366871447 289.256486697808 289.082063744745 288.831396791444 288.85463706822 288.805160665898 289.527291419997
288.788388447993 288.505256759221 288.547450702181 288.547120733681 288.612975908098 288.355846248202 288.205712406356 288.257537413891 288.272839264891 288.887069304434
287.646275673048 287.440022672894 287.455992212422 287.183991333645 287.530353403673 287.364379657777 286.991244071031 286.905011920785 287.050582034752 287.703696027339
286.162470226008 285.722703068657 285.851913003719 285.556478380878 286.024999444283 285.599732940102 285.251196355869 285.459769196776 285.703470982538 286.12063164743
284.508187224651 284.320725996927 284.398236717637 283.918739787096 284.501763145453 284.186267690235 283.708018171561 283.758807661883 284.242506121843 284.708980222315
283.265470188537 283.32263730509 283.418351918176 283.0429269597 283.462211739875 283.100112306895 283.015693159099 282.817887100002 283.232974245789 283.657870839593
283.107629162227 282.990168426143 282.957167944953 283.075118420682 283.009225739618 282.612787186334 282.720811877787 282.644219415637 282.968636332092 283.385783026739
283.479792404094 283.553276088729 283.117905456158 283.258403760232 283.550733672003 283.331936839685 283.393441746977 283.491686815891 283.364817118428 283.784940734241
285.046741797299 284.919336025858 284.677470342254 284.615345888558 284.821224898188 284.472141948391 284.674105507332 284.654777672148 284.742840139061 285.007473858651
286.660996204834 286.528681800851 286.378116030268 286.340950669026 286.621294715477 286.249193736222 286.571814781913 286.458293814828 286.428449462448 286.618640203873
288.095668440217 288.283932287644 287.974193573695 287.953557246854 288.066562762404 287.889491089738 288.102352077747 288.110671236741 288.183283420362 288.327638935357
289.025222293588 289.188236596071 288.905616447483 288.847965612793 288.905146032226 288.788243344235 288.970336776781 289.173368048814 289.118997195759 289.301662759473
289.076489838724 289.198874882011 289.14044491402 289.036419800186 289.077101474771 288.878545744794 288.990447539718 289.302986802535 289.15897142663 289.308305258692
288.463073043152 288.542382271391 288.36137401737 288.520023437784 288.381546792271 288.121355438295 288.319838248399 288.575434713781 288.46488056959 288.67269153957
287.32576246406 287.344582858209 287.128016514519 287.149810636574 287.065512494261 286.92836390308 287.414511865563 287.337418350008 287.436758031835 287.365399817071
285.742855985985 285.794035550605 285.701737759553 285.722534994254 285.825637769997 285.621328821817 285.668738166858 285.825994654167 285.839155009722 286.035173534333
284.314760907595 284.23308829696 284.132521700547 284.265699929905 284.224617371584 284.248151466713 284.291164993069 284.105837338549 284.015385170322 284.536585287042
283.312635697459 283.361178609023 282.946088332336 283.212552829662 282.923081418555 283.090507165743 283.058735363123 283.413172020132 283.138728657173 283.629019950627
282.988316315628 282.903814877511 282.700419997324 283.074217262829 282.975258036966 283.027888186665 283.14139201431 282.99683359871 282.672620665489 283.362991056368
283.456054999559 283.531241117057 283.433930487214 283.713409829578 283.603594233154 283.485697734153 283.441190970768 283.31338784244 283.393012148367 284.051767569542
284.793622854321 284.799648044109 284.475514738189 285.051532959431 284.626533693609 284.751166267463 284.926948346492 284.897056209078 284.666962978269 285.109478289339
286.582246073564 286.69737785004 286.61615185733 286.847811817063 286.619495489879 286.632373829567 286.884685237429 286.714723978147 286.294799543301 286.842410116059
288.031470408108 288.210674060967 288.118443050513 288.283551973866 288.156394254351 288.320229809421 288.340276049896 288.19114107772 287.939900091041 288.402183757311
289.080406969023 289.317654599909 289.029136447144 289.322289833385 289.172711577158 289.382795626584 289.489010116451 289.260951330491 288.905565717658 289.478733198034
289.180252781316 289.344484761132 289.08890866439 289.384188112417 289.122998383898 289.38133169976 289.6059097766 289.262385422757 289.025676965215 289.587866759985
288.412307248532 288.582382193148 288.458479926133 288.722315563418 288.46005521031 288.592448993898 288.788236148987 288.73030691023 288.575957745621 288.854402284194
287.164820951388 287.367893731686 287.356680281058 287.594050108702 287.30523356518 287.565930834966 287.620140153108 287.408142092865 287.393494795591 287.718962788377
285.589569440586 286.172655124358 285.738260805155 285.917774001847 285.743436395852 285.9717689762 285.971893080481 285.792919990375 285.768628513512 286.232616462033
283.972250381161 284.586024441544 284.323072648395 284.267170778981 284.163778213295 284.636912502528 284.290643461829 284.184730685181 284.323607614967 284.5794527684
283.10638163875 283.235024772948 283.157576293205 283.154204406597 283.261630594735 283.470290092552 283.12022228001 283.122363155648 283.259041991228 283.339646331127
283.055693966971 282.950987893659 282.837668722139 282.672071553926 283.015117081046 283.115095310629 282.520629531842 282.839201975701 282.920878807081 283.071118336736
283.30935363566 283.746654007331 283.301749436085 283.572486662166 283.452191961205 283.378656779113 283.571173715424 283.372312960674 283.676266993175 283.631026583523
284.622303903497 284.931956861302 284.814629824232 284.64897727713 284.86393665915 284.817523414714 284.896525946239 285.014543767428 284.830477975985 285.062732380109
286.487894499934 286.715971314987 286.575278116506 286.415656776302 286.506132836374 286.72538020334 286.607276334589 286.62163015283 286.686017046054 286.662160724168
288.061103069429 288.268932901791 288.292210681641 288.000730185052 288.048198620818 288.453349642504 288.083679270668 288.239522464808 288.397305376813 288.21372312579
288.974880150624 289.17581582116 289.253209943536 288.985816738995 288.981657357328 289.575537667185 289.00989067117 289.040226044042 289.441278947109 288.982062473594
289.002532170327 289.362784828176 289.302438894815 289.0183272162 289.005805236044 289.659476778624 289.244064796577 289.106193286795 289.608305951999 289.117670812933
288.538314037992 288.564835800691 288.702035749616 288.283732390826 288.467732288327 288.846398930625 288.492070232024 288.359365301278 288.971600439524 288.339608167723
287.293580433027 287.223972946078 287.51361715369 287.098699714749 287.271421860502 287.743429804919 287.247716656194 287.295699811685 287.891573646992 287.209945422913
285.817897621648 285.720120091704 286.220404324169 285.705730999487 285.661591293587 286.329970332571 285.821230377204 285.878864124125 286.321459579273 285.567936361226
284.272874200498 284.335052627592 284.67490603195 284.003406265971 284.288544975687 284.520039498425 284.357828651363 284.303042304833 284.732836124735 284.285296044303
283.082483948717 283.575365827554 283.607293525085 282.879859583206 282.990442120226 283.627350284065 283.26234242952 283.329509564641 284.014747730333 282.863454798974
283.092435372255 282.955640021208 283.028132354863 283.192523863414 282.715734450999 283.16318033169 283.004920473694 283.126808411013 283.343812027518 282.997139506622
283.500199119 283.360443873459 283.614770842672 283.633611108692 283.519180172008 283.451054267519 283.596515552264 283.39683178378 283.429303697092 283.491527590585
284.83840331068 284.776609321648 284.924764125138 284.990145248172 284.848797180826 284.98397120187 284.897698619924 284.725247710468 285.086097972117 284.834210533948
286.65920319087 286.668215650365 286.738489760221 286.672450341127 286.447167207713 286.594858256065 286.648845019317 286.53580882311 286.771463659017 286.776328092017
288.2643248175 288.094414733023 288.366947536161 288.114995852831 288.14728446572 288.14196918803 288.271846535326 288.10275539063 288.443708670467 288.164849427151
289.129076194047 289.059177063461 289.405419801939 289.134280618549 289.042353968393 289.107529194134 289.153158692634 289.255847853118 289.381148730184 289.103295919043
289.248791015057 289.248804586434 289.325040620677 289.215229180122 289.178458948867 289.094572560623 289.202171347349 289.310691869001 289.381005254964 289.2190517425
288.763746942233 288.549955387208 288.560602754026 288.545667319205 288.706289581621 288.383422218346 288.710858552367 288.816664373053 288.72560202057 288.618712360734
287.668729783009 287.411114055026 287.480512987468 287.326959624788 287.414090683414 287.175318682215 287.445459170153 287.679674627171 287.534352710653 287.273227643152
285.968427943435 285.960599016948 285.947902818102 285.889574419649 286.008013232322 285.858878208183 286.083479103847 286.101032830802 285.982710717392 285.974063449481
284.525106877542 284.684241075197 284.478409452722 284.352748043929 284.626111702414 284.023988641226 284.338762219603 284.433513789094 284.612044258044 284.342179956365
283.477760559367 283.43737096329 283.292471235856 283.368323980736 283.227932739758 283.143078886567 283.456218177104 283.436626997532 283.674572312124 283.370883915972
283.065652704744 282.844338254228 283.108670670468 283.392971005407 282.896362884119 283.263742270518 283.162280541003 283.240597794224 283.288375945558 283.01626582984
283.679666870734 283.70353867328 283.58220478447 283.607843799631 283.20552667171 283.662855514138 283.58822920851 283.636717707538 283.655738944295 283.710745507478
285.084805497298 284.97214624701 284.702554120446 284.465060520736 284.777320577134 285.009764808049 284.959345024024 285.053992849261 285.006855952658 285.120252249612
286.897965075366 286.707365545946 286.797441945562 286.498723609052 286.587083047911 286.653873314787 286.811141455894 286.895009549433 286.7149635056 286.861816957393
288.604212955863 288.374240379625 288.236110895248 288.178651571021 288.22480784324 288.468463932602 288.117593911018 288.540132681032 288.464175902445 288.604229601175
289.461922855344 289.247101021159 289.145537084263 289.290143019055 289.081194326823 289.346234861425 289.140935013301 289.689229775071 289.163199496026 289.457456854836
289.454595481054 289.334770937864 289.150863164146 289.264533525481 289.132974876344 289.448854107138 289.201247663029 289.860826300735 289.371286941635 289.721052155519
288.765318937251 288.66960077812 288.345431432041 288.574194768626 288.555813975698 288.687674075123 288.640359698948 289.115567247917 288.690456191697 289.091820828256
287.523525738405 287.560709969502 287.402567263002 287.305530805055 287.323250019721 287.465712616951 287.548673364412 287.93121970767 287.562865500638 288.02567676268
286.137617069746 285.933225243291 285.935266280552 285.825764571547 286.02490003525 285.904345148135 286.137044614045 286.223373778966 285.870517125635 286.426880561039
284.765767869565 284.529848852602 284.346557252829 284.273183096338 284.416974638691 284.286803753084 284.608595994168 284.761880230548 284.497682436004 284.633410872194
283.472243547215 283.513538250001 283.288799493928 283.316841428905 283.191175917371 283.244894486394 283.489501391997 283.768442138546 283.352574036857 283.644282416239
282.94441686068 283.045374793086 282.991062081006 282.983021392534 282.864921085146 282.969019339234 283.35650000756 283.418095058763 283.091077829595 283.202325701513
283.823501412076 283.85080387703 283.435744954713 283.599176596138 283.576605363122 283.416578637254 284.142431624172 283.608617177766 283.446019007778 283.672750406545
285.002066438187 284.912018300394 284.821164675294 284.700865709892 285.04610932545 284.652790815677 285.220342223553 284.963301517081 284.940042144313 284.964319191074
286.699236882176 286.72769796355 286.668820061492 286.563707325254 286.71849960393 286.556984541922 286.754577624375 286.915174488631 286.76391037118 286.757970063199
288.112741380829 288.361014143047 288.155346899247 288.14039110659 288.277887557105 288.150346431933 288.430460945458 288.362988208783 288.291678569495 288.284940160364
289.0523852199 289.24155983012 289.085730790813 289.236415890936 289.151765784526 289.029491626893 289.438293612147 289.280075626423 289.14716847439 289.14993202524
289.099564854882 289.479835649142 289.186538763192 289.232298467636 289.322889958484 289.148719066882 289.497786729807 289.330072789816 289.10369920859 289.181927542929
288.453169207576 288.662840865495 288.473141740262 288.497861944944 288.79941059731 288.533794969549 288.688104075124 288.42403361639 288.548314176382 288.684769676622
287.312337070129 287.537618453535 287.516277955424 287.333469515916 287.507616607617 287.317812121303 287.652642747463 287.481760984354 287.221524177364 287.667476624957
285.963917940121 286.063636291597 286.024198206029 285.809342283453 286.053020608653 285.953919165948 286.07865878024 285.697775445164 285.961140664821 286.004045777844
284.496773715213 284.542644263994 284.436054815727 284.359539174248 284.609818559433 284.525488781115 284.563232072769 284.236259855587 284.441640538963 284.45146172497
283.169292506152 283.395473216718 283.258174889962 283.228894474688 283.691960905928 283.53761358902 283.387845211374 283.124120099047 283.422246510218 283.492182078249
283.252015480659 283.32692287789 282.984050572936 283.197230387028 283.371950251099 283.109583889029 283.19125171945 282.830872155878 282.860040103075 283.067428276465
283.69727904437 283.80240511514 283.656071591364 283.743722509765 283.89809681804 283.797580675861 283.830912853081 283.26313745164 283.480262550161 283.741225266796
285.059091374033 284.951224238615 284.855685241015 284.973151622017 285.063562023497 285.115576793595 285.214757250093 284.664836758659 285.120611196946 284.743886773186
286.710884555954 286.514552157022 286.856145954105 286.571082859193 286.785128387362 286.785386881801 286.710978982722 286.497319919705 286.857539687482 286.605302659128
288.425737491605 288.150634866428 288.336826767247 288.11142933449 288.51501383455 288.379191329849 288.275425506575 287.873805679792 288.274832272713 288.396889361131
289.407964821878 289.182837051517 289.317685727146 289.04874356997 289.761728346413 289.412990839489 289.108627640724 289.073031558028 289.19828867724 289.226632309796
289.288034530459 289.28854716146 289.219736847767 289.126882931099 289.637241868395 289.505496210649 289.215829709512 289.070009725695 289.210629838317 289.222674705787
288.642641924408 288.667374616556 288.706118347098 288.339025280245 289.000165508318 288.848603423788 288.514953654228 288.41308285823 288.528499485394 288.685690124218
287.440942319294 287.536075697441 287.547464279809 287.205303498662 287.862173832951 287.498183296522 287.259879591753 287.125182087226 287.246771859593 287.560624209806
285.973951108389 286.059775702802 285.82064092544 285.657803026382 286.352052769668 285.675223861539 285.960915321845 285.649969219705 285.714853488074 285.632085045909
284.32738072162 284.453001304895 284.655525327876 284.078201833119 284.695901086619 284.457676448128 284.476007555314 284.245993299493 284.333211743978 284.168258911608
283.516602792931 283.528791596781 283.344827725932 283.086202770658 283.672581176578 283.568926586107 283.412364943788 283.109825623291 283.008556530694 283.346263324444
283.214641720143 282.951040205595 282.821456512852 282.717557920358 283.514450314513 283.164654341614 283.145364548634 282.731226700892 283.038343484698 283.023060958653
283.830030822984 283.787358237497 283.43159745932 283.875955210311 284.025879847932 283.635630865499 283.77918217601 283.68526874524 283.196256632258 283.391822008391
285.154142314092 285.187218045758 284.835551798373 284.962531496685 284.926205581015 284.842406376916 285.022732755227 284.995491253182 284.818480044946 284.96861149401
286.938391977793 287.161445922412 286.713543860426 286.947926211238 286.819288015961 286.471819637545 287.097221504964 286.748558531485 286.578648401614 286.545615071003
288.419090663707 288.746443895115 288.248987044851 288.27846785061 288.417928128355 287.945951563245 288.543270337301 288.307397705668 288.069672204489 288.068018276016
