289.566310412405 289.560394926844 289.54596723182 289.540212150731 289.547371399952 289.517798162565 289.469591387804 289.471447518498 289.47923170016 289.511353563675
289.645971604795 289.686104382546 289.640780269722 289.72790559454 289.702307694872 289.653991851668 289.773857215683 289.672425344524 289.592933728922 289.555927714961
289.045988886103 288.997969049065 289.009611747773 289.012719541746 289.01003309966 289.109768836857 289.06876741151 289.12708718845 289.110252154173 289.11350243001
287.710690399272 287.846764728705 287.769688058739 287.938269852337 287.905978962973 288.052580364145 287.756969686334 287.864728175166 287.82047481344 287.961112674304
286.201813326859 286.214410751618 286.231510784907 286.211517646241 286.232347730154 286.388537853527 286.209628926304 286.371810894484 286.184488796242 286.286111819793
284.584450563562 284.694029011794 284.48934786066 284.652806901338 285.075179386298 284.716517364966 284.681712146302 284.819097981571 284.769742963046 284.502647634363
283.620294606508 283.721806366004 283.617412847989 283.534864473789 283.765582060288 283.693440539051 283.561098778023 283.733562533336 283.734066551104 283.743509600855
283.305963359893 283.270238881073 283.446130087641 283.246402785055 283.441978350669 283.337364806888 283.134542871189 283.469437459421 283.35644430298 283.345705289178
283.707653176755 283.603464589966 283.6170613837 283.846206861764 283.813519581505 283.703785399467 283.859107358111 283.868086962731 284.033888301585 283.594006359761
284.94005674731 284.613022522608 285.079187704477 285.14109041292 285.095704322322 284.980419481579 285.093288956317 285.011454448919 284.905138501913 284.946128264723
286.7286266603 286.708497460098 286.865871238081 286.975975244952 286.776496310619 286.670655056845 286.990565248099 286.799039231748 286.644309270729 286.654145534472
288.23136780639 288.030622454163 288.231442084258 288.434855379977 288.489395904423 288.281259883664 288.504010829054 288.354424739812 288.110404763414 288.193860389861
289.009331875256 288.85224317979 289.129905739862 289.288723738857 289.264239478057 289.139101883203 289.420703075143 289.353833550751 289.077799633826 289.015245829348
289.092262728674 288.826149925 289.23385642019 289.370816327008 289.277869334692 289.222116823417 289.474139440723 289.401234612363 289.121090757186 289.012962429764
288.420540501564 288.306533268491 288.558915853738 288.811216692944 288.824652978137 288.481700943783 288.722404809854 288.704397859858 288.424803408384 288.226494498778
287.244230639613 287.052417661197 287.331663356011 287.623403373853 287.556472546705 287.257011328962 287.564842835707 287.49963895694 287.219456199421 287.172205421297
285.71809430594 285.887046897997 285.811332420715 286.211157958123 286.091703848233 285.859261034817 285.923745535067 286.058257954841 285.643316485683 285.633633562968
284.277467995922 284.313082103118 284.525751999818 284.730345371536 284.347057229672 284.224265596495 284.321178038164 284.525293175576 284.217965882528 284.084088536444
283.142036456148 283.22937906882 283.062948231205 283.596214563344 283.622589754758 283.237040233907 283.147664898544 283.362538079156 282.968384219157 282.86302877106
282.959618491063 283.213413443721 282.613972436473 283.314037573803 283.003205320772 283.028447111988 282.940238772282 282.863072024265 282.915296122702 282.60033770001
283.468601704779 283.637155843747 283.663356285151 283.354640806289 283.21468568309 283.371161998582 283.371954080775 283.332631504599 283.524560509718 283.185608323629
284.594338030877 284.858920986806 284.616437699233 284.741858048644 284.822348482066 284.723494048603 284.4403140364 284.603944793891 284.700247887144 284.499566521769
286.34214055016 286.547022130388 286.610686361678 286.499743465051 286.326390398536 286.705234427569 286.065799409511 286.42735075541 286.206416835169 286.331622670461
287.759981549301 287.896120203553 288.006578762424 287.929918476022 287.826717138142 287.943913809205 287.720702480051 288.007130880909 287.746770965222 287.772444348899
288.769254148171 288.76454727625 288.867931234366 288.802932626594 288.711320336566 288.85558035535 288.627186678047 288.885244184837 288.744505104074 288.616578358009
288.858412010988 288.920223545163 288.848914486185 288.860182045393 288.906800476309 288.96231850891 288.744183362406 288.825551763548 288.859810570354 288.62624467975
288.229234673167 288.333376733223 288.330983324639 288.177530599422 288.228193244654 288.356851005161 288.003119195526 288.125410059595 288.254065660189 288.098807319418
287.128266741278 286.948652677043 287.159637786408 287.152901822687 287.206036734267 287.3067038803 286.955405301607 287.120620156877 287.097948031226 286.652778808202
285.616590040602 285.748152049487 285.522988157356 285.830157636817 285.613379369636 285.947876269433 285.265842603173 285.412508203755 285.625937832364 285.237647384818
284.009156112787 284.384493636925 283.86018385101 284.010628797883 284.147126095983 284.27482407953 283.927359226154 284.012001940542 284.07468276 284.040208357159
283.292698222437 283.244052563268 283.054825158486 283.249087861154 283.221436999183 283.229603443117 282.874495969765 283.094607556409 282.985572017489 283.039118165752
282.940879338057 282.778383133742 282.75031172348 283.024361599557 282.953870168273 282.881590255614 282.598784001136 282.618215123399 282.633008572798 282.687089481444
283.406743554483 283.565137508268 282.948260737355 283.472064379774 283.572064376028 283.061677088938 283.516385898131 283.113382035185 283.152260667145 283.492857875121
284.577013807005 284.611528727976 284.43929298717 284.733583643782 284.813443534042 284.630558178178 284.502758265528 284.322006037203 284.397050875511 284.551459459396
286.256413781448 286.47940879577 286.27733596559 286.531893581966 286.354058345493 286.269381217163 286.247846991299 286.113439413139 286.192509261343 286.027809674815
287.635765869277 287.839996864854 287.653277928239 287.846439008126 287.653532459529 287.599026742121 287.68492716841 287.546014352162 287.771439644774 287.678839911815
288.507355667629 288.689199439785 288.46300050165 288.749169733135 288.560892961148 288.559423573923 288.504864709026 288.493748101344 288.67863200456 288.573570000208
288.624136751175 288.756772601288 288.503269417288 288.715608343015 288.64196877472 288.64186546451 288.604366755302 288.562792495049 288.854927247506 288.641470148242
287.972771359315 288.1197322996 287.931244227 288.222742250405 288.037625821011 288.017177737778 288.064558830994 287.898074431617 288.061399432787 288.134454053259
286.879320010566 286.973028094501 286.762460729987 287.019505070664 286.944298501461 286.938219180046 286.762738280341 286.816380400162 287.011560383905 286.943297000851
285.562613403657 285.42789259325 285.486498449054 285.727760395604 285.204944746966 285.384052480935 285.430892935407 285.229008986192 285.484613669099 285.382412186616
284.104798183372 283.562436692138 283.842985803853 284.280088529424 283.988750932985 284.118836954373 283.999423383566 284.125820672202 284.021316103387 283.751274360934
282.755859151614 282.759632917657 282.679341109251 282.915150278581 283.058994699015 283.190730835416 283.033620325984 283.129106425101 282.890753181931 282.656937829189
282.337862538227 282.723143300305 282.941216368997 282.547696955759 282.900103162551 282.80988274099 282.621046919654 282.658107946162 282.554170250233 282.78462810628
283.000330915231 283.337980168326 283.200642034442 283.339188626871 283.066816302717 283.379152556713 283.183856594324 283.160180772436 283.302047226155 283.374369240032
284.635651841314 284.163335585616 284.497740198216 284.715838889071 284.710387213165 284.589288513036 284.687728604165 284.457575433788 284.526874967465 284.69892713271
286.29019031981 286.030770580923 286.238966463052 286.261680979105 286.22764235401 286.419961297374 286.246296687634 286.377550108696 286.255978504779 286.360777078798
287.724828248956 287.736705657291 287.689604751127 287.74034171932 287.924214365334 287.692284572461 287.989741126797 288.0906788072 287.753120379628 287.901195251775
288.716965006069 288.577674577214 288.792435426966 288.596124691369 288.923294157136 288.656689121782 289.029091668991 288.877580054186 288.844805455932 288.796349758862
288.648382954881 288.834787447072 288.717816246433 288.71645259293 289.053069053247 288.81105156778 289.09230835299 288.939875397699 288.93677009871 288.776994736684
287.944572150585 288.239518133395 288.104966416326 288.020726773193 288.411903682381 288.188061364892 288.46563753528 288.361990015457 288.457234756136 288.245049504465
286.9270602826 287.091136281718 286.985422709064 286.853691886587 287.148649592391 287.038224013301 287.28827605069 287.120514201489 287.263334134161 287.142290463195
285.381586173269 285.740598882898 285.533138940642 285.478073337238 285.561912413427 285.516637512796 285.773597092087 285.656081078406 285.747768758717 285.665105645909
284.011036313274 284.335495332406 283.996978178375 283.886486051311 284.257590419289 284.19692968197 284.19197588956 284.07633643124 284.26006367477 284.175504868234
283.237886825395 283.137834355115 283.018267962618 282.759792862014 283.44407474289 283.112677208461 283.249777370735 283.149765233301 283.37179128573 283.288196608767
282.641855452045 282.57545885206 282.873464628116 282.77023917778 282.9932597442 283.032245908778 283.00926854321 282.755465154643 282.824982884961 283.213662333749
283.057972982807 283.239478703583 283.265684729399 283.563944172627 283.444717546529 283.343818255606 283.484117124477 282.834043475602 283.227292289442 283.468641945795
284.372028262168 284.524481147274 284.744222537858 284.847652178582 284.635225123612 284.922038678516 284.596413843355 284.388683438076 284.542630969353 284.797284590571
286.028191373348 286.334456161686 286.272530585539 286.246721717883 286.402565680026 286.576564314173 286.227218816497 286.229391727378 286.47907436664 286.714113438115
287.598596297037 287.958035344813 287.779040215616 287.772703423918 287.780891284429 287.928957681581 287.738696769316 287.936170184221 288.060357048553 288.338678207005
288.662071250109 288.91479288013 288.717496524454 288.751952275719 288.863955842123 288.894497744045 288.716595301957 288.864154131441 288.81895127815 289.175216535606
288.764068459786 288.920992506137 288.75912775316 288.780495147665 288.798455661157 289.030884778036 288.812718183719 288.840278989689 288.922517452606 289.286567176863
288.189857798961 288.381879550918 288.09721575564 288.208022242768 288.279398924393 288.515231740645 288.14722929562 288.103720616072 288.311190243027 288.787621351568
286.959022665208 287.149888164645 286.881579601972 286.958087661202 287.181485473174 287.272879061714 286.980238756367 287.054542616338 287.082473285099 287.440967111574
285.483984843431 285.857285491484 285.495190842881 285.404146445226 285.727175417192 285.704819841237 285.490138812325 285.485388657267 285.663232711191 286.062978516871
283.992437516961 284.355308846496 283.774522217846 284.008959762585 284.126768617337 284.398664780819 284.008302053155 284.080682562117 284.078413148454 284.548127047939
283.10741732791 283.26134439252 282.720549630846 283.218009311368 283.142613243272 283.487202583335 282.925943114333 282.914307910044 283.095638397414 283.356673968721
282.905538381862 282.87978958092 282.491252084171 282.767961722186 282.75718866349 283.141097016827 283.134931290347 282.772919322942 282.969996930202 283.089181618495
283.174437078903 283.264718895085 283.135952678138 282.899720149018 283.602542398292 283.859075740647 283.601328209078 283.187645711688 283.347620138378 283.325789151391
284.721246485157 284.361835738421 284.604188871582 284.451593076402 284.979621329388 285.061069035793 284.560536662359 284.556896963285 284.692015902414 284.669583602037
286.2875038677 286.092482636557 286.067803017373 286.184258636921 286.476878259613 286.51524889944 286.184270680987 286.489690058853 286.373367558529 286.301273116286
287.802877565236 287.937733300654 287.690021149359 287.611764059295 287.920104121266 288.306707608243 287.670582944659 287.928675454903 287.665158366806 287.810515502836
288.748644859345 288.973367428528 288.62983849035 288.577371632436 288.966509237236 289.286414811291 288.700518749353 288.853745585032 288.708553774235 288.679159733615
288.784579992723 289.169942897634 288.633636560251 288.599754113234 289.044290985784 289.395379715182 288.799483385547 288.97113730642 288.802942034846 288.70863911591
288.298731250482 288.365881161049 288.223375949494 288.150110206533 288.429910313891 288.749255280364 288.060116950241 288.437918824185 288.058391974011 288.110333518048
287.103369370944 287.197703896167 287.068756389166 287.004484547312 287.136773523294 287.713509310942 286.93591810281 287.324391435682 286.919099822673 286.95116072359
285.62451026784 285.594475361734 285.490482526805 285.395684229368 285.844334677433 286.265704603287 285.44312961422 285.884474638361 285.547473327835 285.211828069487
283.958036731696 284.085714155918 284.169263230238 284.318171920534 284.048566318509 284.698883088751 284.152243713695 284.351316768025 284.130017987029 283.928027856848
282.96558504643 283.0995484803 283.062282224738 283.129879749285 283.271141186198 283.438758307185 283.140623620795 283.538630485788 282.760984107923 282.853784618756
282.524527490531 282.802358885005 282.842962888714 282.662127502186 283.075382654833 283.406626618295 283.042371725357 283.211397544606 282.618338922415 282.721412119442
283.348962175042 283.160724678554 283.293359956905 283.474931070136 283.151270586796 283.620112216333 283.540586763566 283.674706253377 283.26479844866 283.087993718583
284.702167985209 284.781112078149 284.612226561451 284.824104624209 284.54880463942 284.933535777826 284.663831797629 285.113552819808 284.798854220163 284.551320806168
286.156566939172 286.672958799929 286.317610248623 286.38972225385 286.335504237955 286.645690694335 286.543011927942 286.429364806383 286.468789834229 286.336561251169
287.755816024807 288.249264190057 287.776348735239 287.883398313125 287.893233773444 288.098139429648 288.068646058213 288.088666000518 287.959649085803 287.756076209113
288.702800524035 289.305541004015 288.696935505926 288.716938021825 288.679531036469 289.060501971248 288.816703857439 289.059804598847 288.864542977957 288.640756613964
288.691875191974 289.241966376346 288.84709052976 288.927454055646 288.946408191944 289.105289710638 289.10884549932 289.065906623135 289.015832906434 288.716556624731
288.06785747749 288.710490840248 288.22456536304 288.325109778855 288.30120215777 288.364706002508 288.556960041627 288.361390701481 288.335466735937 288.135515382374
286.778228489095 287.478762291162 287.118457373984 287.195154570245 286.983949507505 287.404403360638 287.42543858286 287.353864659137 287.192527329832 287.136993657416
285.40899321901 286.108383814281 285.657273491884 285.693611999871 285.351826999249 285.804673240483 286.049890644132 285.653009010238 285.826573221626 285.641673877289
284.03624602363 284.223667482977 284.319549702606 284.517469639852 284.040521857033 284.424063096838 284.521401294153 284.172213459717 284.19253292608 284.094432334173
282.947696023595 283.358113041998 283.235257021078 283.284637543161 283.049431138255 283.600588467761 283.657479267939 283.100418690669 283.193873904195 282.988198759454
282.927563158376 282.986558797534 283.149841642181 282.899525646806 282.607156667332 283.362381481819 283.22319238326 282.875614175784 282.807921989489 282.759330535943
283.446997979186 283.362322760692 283.672594038088 283.563196001541 283.554337188813 283.400720075156 283.8073242737 283.25033134062 283.303644982503 283.209108670966
284.571646917754 284.422034890654 284.595090850597 284.733857647993 284.832343399835 284.581025766187 285.079816682973 284.320674783539 284.562251148056 284.622693666404
286.247382065403 286.16186029813 286.449362843663 286.37073595076 286.300575455681 286.325543508664 286.582571957257 286.124801274156 286.40166025646 286.436573024905
287.739802203515 287.693451692169 287.8479379847 288.080917541917 287.684582031622 288.044836286819 288.245016007307 287.513336288367 287.812423755365 287.862798728888
288.7138195918 288.578676291797 288.814456345717 288.897649684856 288.631519440239 288.977502976955 289.349889761359 288.553573254589 288.699010217886 289.042411512818
288.791500015953 288.728752353368 288.927809878153 289.139117680673 288.979201890392 288.950688961843 289.470069315057 288.724568756733 288.763911323703 289.140140339655
288.131739454864 288.049587152322 288.234950550879 288.425943096808 288.40305633432 288.273856788542 288.824756297059 288.02340041254 287.978752635849 288.275721524619
287.092772732254 286.867681463006 287.150969801934 287.384547382074 287.207228473349 287.017125869365 287.478015230486 287.024170004319 286.851732370118 287.210089429532
285.580670900499 285.279327789806 285.625630017459 285.969874158058 285.635475737532 285.617495257536 285.956887050007 285.615013009902 285.362838271415 285.673352852072
284.083377586118 283.892466388928 284.392306487079 284.457242289111 284.106749432472 284.164876235048 284.542015511893 283.965133836232 283.882070018072 284.227128163978
283.372791707877 282.838976556802 283.091119331244 283.382909871608 283.113604971736 282.866563555089 283.250874205239 283.140257881005 282.927853912851 283.207677145192
282.634258875384 282.790657169064 282.978069439393 283.015149154564 282.870374236435 282.561288366432 282.836931372325 282.815642832833 282.603626468242 282.888731475355
283.318934105335 283.183312260666 283.421340642486 283.465062476663 283.396598892916 283.425468783875 283.529239423189 283.195091594558 283.254218707648 283.303302961473
284.765867874983 284.486895080453 284.689959022758 284.694198433832 284.85961469302 284.804662033508 285.002611095946 284.609630403863 284.480859731818 284.735057304419
286.62082843537 286.27548226371 286.518768329199 286.431697426686 286.515018196056 286.366770912493 286.376250250649 286.301804589141 286.304893160457 286.229298832244
288.230619937104 287.695010850621 288.119092538994 288.094165619 288.15107419281 287.88212781382 287.787468425926 287.828699973067 287.739125484338 287.806586943802
289.159700047015 288.618952645428 288.98623261205 289.01504562199 289.031713667563 288.764871537321 288.74937504913 288.768291118436 288.696303476151 289.021677221554
289.267564769001 288.829735374407 289.126437204395 289.276466834748 289.093585786418 288.774625647959 288.827468920337 288.888552495077 289.084823730304 289.038749685582
288.564209357205 288.107530124816 288.390313466356 288.758320690285 288.562696903322 288.178406680112 288.121787514896 288.318091741119 288.288829413116 288.395475495511
287.494256320676 287.058523885031 287.326339318748 287.627806961005 287.402799623297 287.062026190607 287.072202838314 287.066641502526 287.214971883665 287.352292100823
285.987192815062 285.682936138811 285.642594499693 286.210130525305 286.07889990198 285.597016613389 285.565443236335 285.531594458973 285.564774936101 285.749561974642
284.372229219018 284.287845742627 284.265917742774 284.590281643028 284.470679012793 283.932764731823 284.091782801446 284.107583164235 284.23958390692 284.159330115756
283.19443457775 282.878399255778 283.510970033646 283.498380883809 283.486740694789 283.091707191298 283.109980427329 282.979064292668 283.107796755087 283.339668242776
282.978414776818 282.838219726451 283.104741020241 283.253330406375 282.951596288587 282.643500476491 282.506203377314 282.911081148627 282.749204262164 283.024665122017
283.356241188029 283.197032343673 283.586077913116 283.626487332344 283.535697811394 283.347026766553 283.43913587334 283.563737883287 283.38756071287 283.700149321534
284.868319611363 284.641875756187 284.686400805063 284.91124001407 284.855653942448 284.746602100959 284.671420591563 285.095602426093 284.765443461847 284.781431801682
286.422677195046 286.427078256249 286.433483883914 286.539414387712 286.506646367065 286.363654109564 286.128045694968 286.520641778945 286.543280449729 286.400976283575
287.965551163745 287.859379732561 288.188734168537 288.065189733892 288.124503268122 287.800024777621 287.815647276778 288.046829693797 288.085300662185 287.825606803973
288.831962121772 288.824548999697 289.160242511697 289.085997131458 289.163191703765 288.750763418862 288.732141703714 288.811050596481 289.091164658697 288.932488793081
288.880335613847 288.817375864227 289.280218145253 289.127402945947 289.080268537469 288.934098093081 288.820268668072 288.938431804112 289.053545390134 288.940858750653
288.164944268786 288.271161517424 288.656531168725 288.50904852951 288.442644685859 288.289195652375 288.101544904879 288.366887840753 288.322718130904 288.179771919373
287.081643265953 287.052079614629 287.505623239557 287.377397594229 287.288161130453 287.260169939577 287.108295233982 287.248968270692 287.062812077104 287.216120932352
285.504077551552 285.725894787113 285.864752736413 285.895724843927 285.549913588679 285.764412135742 285.680210929789 285.821556439113 285.638828566677 285.853427933523
284.257595425206 284.024427244392 284.179768066785 284.218437634312 284.123034197387 284.108969440545 284.179797791377 284.310283066062 284.235155267732 284.304423351636
283.169194436363 282.950378892132 283.253640579694 283.592446935359 283.134555934338 283.298689704144 283.102121195414 283.36638512224 283.395922043242 283.373026813463
282.787404752861 283.203034131414 282.745588414897 283.145419121514 282.762897499908 282.873720199828 282.673466906005 283.026019948408 282.910697218633 282.96816851752
283.461810513316 283.442622886791 283.518844543916 283.659311201643 283.434051025507 283.24626697381 283.355564081389 283.353975066987 283.305329042916 283.721520875587
284.63865359022 284.677857761609 284.586479065309 284.881785537635 284.705733987035 284.845226863478 284.660222601766 285.001290672509 284.713674389653 284.959598225088
286.410857545803 286.410426005844 286.056606295489 286.760171111524 286.369274231685 286.413111486109 286.552182958937 286.660362482902 286.357420746305 286.655895246773
287.799075606681 287.853614739875 287.506245299173 288.268763929009 287.877775767173 288.001527847405 288.200804107528 288.127593064786 287.955073589403 287.99870626505
288.64910277532 288.703826868608 288.503175192711 289.100782561588 288.74885382491 288.896318895823 289.026522018933 289.22453051869 288.856889726539 289.086175623668
288.825849616179 288.814201925103 288.649260178904 289.165876105451 288.914644678662 289.064514000937 289.140587403295 289.312860213283 288.779887090881 289.113526522074
288.14990121427 288.364381420312 287.813984859104 288.461239731854 288.258720467701 288.437055079523 288.492217136403 288.849897733135 288.343276203064 288.665620878567
287.020241233979 287.149117563042 286.752838661318 287.243594579142 287.273656207393 287.18554567889 287.321222362694 287.825210070174 287.17039637465 287.368588391751
285.599689968207 285.58141639439 285.363924266728 285.898306652777 285.488924341096 285.787803961107 285.856439923679 286.184899923261 285.665123724987 285.94764650457
284.253732703565 284.001572220227 283.856690735815 284.452711519032 284.008266899091 284.362603051345 284.180696382028 284.689749699733 284.133335686444 284.480030346654
283.221108757209 283.162305340212 282.964119418886 283.158465487741 282.966391330745 283.270670614607 283.39735522049 283.618889384916 283.357204691315 283.743849170091
282.994387718305 283.148069866441 282.633829459718 283.13267195344 282.92150900825 282.974879183893 282.920765795829 283.213400875822 282.834254796987 283.497285150179
283.451356029157 283.941945094937 283.135135584776 283.734096489988 283.383996606439 283.546198343364 283.725020884888 283.866903795334 283.560250078021 283.850724812177
284.908393451901 285.007558114019 284.405690658877 284.973307497291 284.816215488836 284.910344675947 284.690693442729 285.043280796277 284.603787618467 285.106679081386
286.602869862207 286.72404832601 286.293385920878 286.615014947937 286.408620507527 286.746006478041 286.302587386556 286.551511131653 286.426995895053 286.752112861518
288.071688137473 288.195239625691 287.805468531265 288.11443647493 288.087763480278 288.238061576569 287.974533625538 288.212153980854 288.037793094083 288.312465440634
289.181264329278 289.238619022036 288.874750767039 289.042305307257 288.91355377949 289.177481629556 288.858481791313 289.082677384452 289.161971548823 289.419319851874
289.222454950873 289.355084403467 289.018958462282 289.080069407058 289.073926700285 289.322452055633 288.880296658014 289.08080085283 289.190512199571 289.531687846768
288.644861685901 288.699126499093 288.35867069088 288.448572630431 288.422402930225 288.587129342608 288.299932410421 288.558607111511 288.650255915097 288.940852038104
287.316088580233 287.455390254432 287.275916668325 287.265913987413 287.316286756356 287.499528570955 287.130719110331 287.394655007109 287.352488271197 287.69132892814
286.05286720175 286.000699103908 285.908686010492 285.630833640413 285.790573987945 285.9975967617 285.847816773812 285.800720821988 285.723596642922 286.104826070239
284.391568626581 284.57054378946 284.090788343875 284.168613402733 284.240013777244 284.66695420214 284.175871823545 284.268227133293 284.510790858951 284.74188535734
283.387731961467 283.43494296922 283.023957768669 283.401025771353 283.376724597669 283.440336026439 283.062751638466 283.200070954608 283.344110592575 283.82417826257
283.361472295342 283.134992977127 282.733591046367 282.794377751965 283.138627507727 283.002616894813 283.001919342563 283.106932947782 283.209330114516 283.476786010277
283.871644104025 283.870974614137 283.510595786477 283.615906086818 283.630952631557 283.694841131944 283.320313972393 283.378849589849 283.249924502865 283.941501481177
285.073768489155 285.062210276556 284.779438623613 285.001884415714 284.83849425875 285.019265772073 284.877029842951 284.914773996756 284.801329066871 285.124379753988
286.579916565088 286.742682358897 286.660854623605 286.66620801751 286.702616081122 286.41628654654 286.698578264482 286.755478945786 286.692563560758 286.963253614257
288.122902182187 288.310308449636 288.183007771729 288.156470767312 288.311675640858 287.950422919054 288.224410599216 288.370817918725 288.25287135812 288.454858738098
289.185381569713 289.387943834271 289.103102044661 289.104608576999 289.336139458305 289.037753256965 289.165367991862 289.454303982529 289.132049119123 289.373439949658
289.150523814245 289.456790351041 289.243172780682 289.296924797576 289.537261353364 289.206384042841 289.299562721894 289.387366276657 289.157832471558 289.521818627749
288.550608737026 288.961577352425 288.628469358637 288.601016428193 288.836070646138 288.78665742207 288.666771405563 288.873993575716 288.523349487583 288.877051489941
287.45145231777 287.746246886135 287.635885105106 287.584143599238 287.563935240301 287.695376925199 287.551018011525 287.78203000307 287.423881153379 287.600735793808
286.034117075791 286.202527956653 285.856948290428 285.938879413462 286.180781208893 286.218036449864 285.771251647047 286.107204814266 285.913569726502 285.996576393951
284.520749449495 284.745290296244 284.211851012273 284.43500173754 284.587675110231 284.606878857372 284.480401926226 284.502053445783 284.603906364155 284.584377478265
283.613679354208 284.138066072308 283.247622460356 283.455737656626 283.400876560953 283.718220426724 283.440706077208 283.574195828381 283.644040801258 283.415029716877
283.192249112251 283.624820663012 283.199287448129 283.343442293584 282.978235784679 283.449817918337 282.949823163842 283.32712571903 283.32257949553 283.340747635604
283.856303550209 283.971134651218 283.783380972402 283.652045715244 283.693145893159 284.01249686361 283.421039722303 283.557315297182 283.606021476228 283.655345101388
285.071794632128 285.057296043524 285.192437254981 284.954198786778 284.713438369475 285.113378377855 284.732832733191 284.886415092565 284.839719945778 284.808933529713
286.835001871417 286.727798343479 286.775455922281 286.715711372489 286.294091903649 286.817193226432 286.346556000986 286.590424992173 286.690588349938 286.582841326431
288.354197749881 288.442181061662 288.377845223877 288.251062847918 287.904631379198 288.36449849188 287.78981853196 288.106640777147 288.003013861126 288.270635933793
289.386206977159 289.265023857954 289.316655393734 289.12406913782 288.844087542528 289.325999412714 288.879457670081 288.987859561477 289.139565250444 289.227975531532
289.371369698913 289.36979161069 289.511119006376 289.188779967097 289.095313395705 289.289013267605 288.918812324932 289.156520390747 289.128104952078 289.34028419483
288.798351470821 288.635766974248 288.92358614758 288.529548320494 288.46060749384 288.767814199823 288.307306216155 288.431413580919 288.546612027273 288.567644704887
287.672490145393 287.568147375464 287.776947871457 287.490544380307 287.32155445665 287.673750630321 287.201303269541 287.163880862851 287.450880248992 287.291770992913
286.228499031828 285.980580992906 286.257931588411 285.872392945439 285.778400435704 286.250945534695 285.637191217714 285.547647700637 285.807598255683 285.782493818234
284.612651592638 284.495561494196 284.71374459708 284.401064058452 284.376020310844 284.761679389117 284.322008532502 284.265046688815 284.051225083379 284.017168670929
283.415552112972 283.533445371685 283.689701827073 283.461959049059 283.494099594477 283.748752384033 283.346754064967 282.941371678301 283.149915615487 283.161472996115
283.261803919037 283.187825229841 283.283987887254 283.140608216967 282.999710984185 283.289310625615 283.287742368305 282.755316232212 282.942244314996 283.156891223663
283.655588973915 283.734727096787 284.068577519484 283.705555138854 283.843278180593 283.961150343809 283.796955897829 283.423061306657 283.795055256745 283.521718389949
284.645408045653 285.030233982385 284.834794213311 285.028716489668 285.017438777571 285.100928885174 284.960471257024 284.791047205182 284.854120479615 284.772494213301
286.655586317292 286.522358144502 286.463103935514 286.606001956805 286.669473140999 286.677754248025 286.898862588801 286.528561673814 286.390701757306 286.421541285157
288.096238065182 288.178571794798 287.968022286149 288.171446064926 288.32007395212 288.054070317356 288.532747496965 288.114306035401 288.07920839162 287.809423142448
289.037675335188 289.251571216914 288.937910614235 289.050153536633 289.196894215431 289.174880976925 289.596563710005 288.956873531753 288.988179508111 288.704870866984
289.1340907691 289.325397447853 289.102105677006 289.296919031821 289.223434301934 289.335596588262 289.726533061275 289.025196597886 289.079317041944 288.93033515577
288.588478776545 288.64791900704 288.417463834143 288.792791079608 288.537220931588 288.640778641401 289.009170100529 288.474699487494 288.401122105354 288.405577679813
287.419684569558 287.520649487407 287.423714622753 287.636832307084 287.522448084805 287.433090031118 287.845702175877 287.431474427483 287.325092625155 287.249304763972
285.855688453391 285.966043753826 285.901101160232 286.331723715009 285.917120268487 285.974879290307 286.383648141882 286.013041115123 285.834783821937 285.960964601034
284.27989310914 284.399128513039 284.358138230742 284.94977807912 284.447404478804 284.719106300978 284.674501982873 284.55840902002 284.6993712563 284.505753691857
283.533440051482 283.442467041237 283.297123178451 283.764220441506 283.380297021065 283.690164303077 283.574037251185 283.594292743407 283.753232020021 283.412139159076
283.14212340707 283.245507007219 283.083206506691 283.746335048112 283.165169844979 283.526806178467 283.329163787049 283.496433382734 283.452411323202 283.140318145741
283.8526129479 283.472889340446 283.868193382889 284.299593066687 283.982495130755 284.036794989936 283.788107296503 283.960896670985 284.09957046521 283.522838518231
284.638896511868 284.871914580845 284.985563157439 285.322155472106 285.104839258336 285.116191872716 284.920475510096 285.121763921242 285.151992392068 284.914105552801
286.634039059032 286.602191414669 286.606471168014 286.948814871791 286.681154525159 286.772686538137 286.58523356223 286.754776534184 286.709383249955 286.49032054637
287.921953625435 288.008057352609 288.091119043461 288.345793711377 288.225873684023 288.085628272937 287.979672116798 288.206620937514 288.137977091236 287.962595757302
288.942420781981 289.054607273853 288.884850555737 289.479581546972 289.142776837896 289.044592086367 288.985202215324 289.338486552077 289.210893142728 288.898717692482
289.067542285339 289.233741237673 289.063647914203 289.607378389673 289.310589644718 289.321723589885 289.091837542144 289.65811634858 289.174887672297 288.957888189287
288.289635994067 288.596147783101 288.487563517649 288.988201044355 288.764939641863 288.747408191522 288.397413261474 288.954281967893 288.627239182649 288.359096700529
287.266691189241 287.528052186594 287.385302068505 287.886844669393 287.556652984883 287.985649712627 287.321704154371 287.838765652547 287.564379825401 287.202196361348
285.797860275304 285.972500186916 286.009465209301 286.367319367092 286.197667749021 286.47281325927 285.893450397634 286.420068070225 286.05291287878 285.81893539868
284.61849809606 284.725435014171 284.808334239873 284.970663890564 284.56943429241 285.034653727304 284.491531633783 284.948496400714 284.712763509817 284.475950690605
283.498107490672 283.52392558305 283.929798350841 283.65356158561 283.763261439485 284.266450723633 283.466161775699 283.971444590203 284.141837547069 283.410398882247
283.223925211619 283.316998539219 283.675649878271 283.374896064088 283.672979570309 283.97338535365 283.070596365385 284.060955931586 283.796070090226 283.41969306412
283.869759528356 283.992156012567 284.075100313372 284.015336700435 283.997473510861 284.37753433893 283.597640412167 284.178611604917 284.314693651802 283.900679386261
285.264273745558 285.187370596231 285.128844683147 285.100323868499 285.315584125139 285.435406853537 285.004014260226 285.405059850478 285.455988737376 285.318865369936
286.915263411553 286.899159727069 286.663123773698 286.734020201657 286.875819489491 286.9628733805 286.695838199586 287.102966006481 286.884246271001 286.68363164854
288.331503973691 288.471160884761 288.171404540018 288.044695204259 288.298949323281 288.533273952312 288.12304980196 288.544604524307 288.26533814785 288.223393385744
289.37492650541 289.45337217519 289.150212974827 289.022487194685 289.274148081394 289.493799650809 289.385979020521 289.720766409845 289.269092761626 289.256993591414
289.51926159055 289.55483180032 289.285374226925 289.080195444825 289.435154521754 289.55023209425 289.350927159471 289.944740464106 289.556554068811 289.382783347199
288.924174380726 288.954334665065 288.719648999931 288.465107961734 288.803430320564 288.907577067008 288.647768836435 289.321210305207 288.975978061558 288.941585842492
287.82611941562 287.831616313369 287.629803426216 287.379465582852 287.814700279925 288.075046570343 287.627784776178 288.102397739526 287.916792590174 287.825320007897
286.38013172764 286.22348498232 286.248096163834 286.067533727365 286.239780467204 286.517407748997 286.08926069834 286.584725763821 286.430651533683 286.298349860785
284.623210976185 284.732052490411 284.793799259981 284.676183172386 284.824708356145 284.953782556686 284.66790696785 285.166005929247 284.853015586495 284.962752584319
283.562800716587 283.759185654723 284.101482626327 283.934842879538 284.01654239869 284.012350412041 283.674582462182 283.885424669739 283.836695147805 283.988989288692
283.583497289787 283.445690413976 283.737789828762 283.488175322174 283.820305881275 284.121922187098 283.604330570033 283.631146967932 283.684393426939 283.632797301141
283.88713602154 284.00894558514 284.305669801662 284.286563917437 284.087671161221 284.481110463573 284.229708601577 283.968994343742 283.955434924645 283.940367325201
285.172856047129 285.310185742644 285.473120975687 285.500618325484 285.162606567553 285.549809516918 285.368179752169 285.271877685158 285.437905464654 285.260919982892
286.932339958388 286.815687563191 287.148247286309 286.849464681871 286.872525609735 286.90283739445 287.038978930662 286.666464966455 286.967376571024 286.92078469825
288.315417651934 288.138083860257 288.655129660906 288.351845003364 288.280409564478 288.265904672911 288.489706504138 288.272377958995 288.495001996108 288.337984679289
289.334450501813 289.022843941437 289.64877527285 289.319157304728 289.329619056184 289.19316361663 289.42624566871 289.028013919144 289.556955583985 289.272617258803
289.455985655912 289.106339582712 289.818442012281 289.406448233383 289.410837991856 289.365992692596 289.583803718902 289.130233207705 289.68120714827 289.454198029313
288.901293990193 288.637138061208 289.190272290581 288.842422087325 288.828559478194 288.746301708191 289.002061079039 288.529950935883 288.965537316068 288.932741516756
287.869916529504 287.531097924269 288.001927014591 287.788597255586 287.605881809313 287.708070816991 287.916572065539 287.553973482376 288.00301566215 287.792501004774
286.369675707367 286.029472185042 286.49764314254 286.466312440334 286.178274556004 286.334338281267 286.459268682483 286.164716638031 286.433628104792 286.201941016475
284.796905853142 284.627699593781 285.161776171875 285.143693148793 284.664068490894 285.018040059811 284.932612555978 284.776222547161 284.796049753436 284.862998199603
283.869292659133 283.842880961933 283.880706825268 284.126296826984 283.717245854163 284.0610886119 284.191941208271 283.786449265853 283.845021692619 283.941109681835
283.397198533784 283.813048474807 283.78519659529 284.045730590553 283.835419460755 283.702519021208 283.991089540747 283.784814224369 283.684090132178 283.597035075902
284.084091138521 284.249136345844 284.071646381928 284.536834902642 284.132605369449 284.208909132882 284.38398739573 284.209638643084 284.189129265662 284.077685456993
285.139576868531 285.201933712968 285.40653630955 285.772002341571 285.388087573547 285.423621395126 285.285647360278 285.493940303372 285.109065017916 285.358394591706
287.040297653186 286.813886099705 286.895315523899 287.321656517023 286.99990378131 287.057448007083 286.826556213717 287.160325294716 286.851226119904 286.925098613416
288.429166922468 288.329591202796 288.329699799908 288.855286076911 288.479938270553 288.565063708197 288.434400867295 288.346824785423 288.25396361718 288.309635295429
289.423702509459 289.248504678574 289.275214214819 289.8471076754 289.414865714385 289.613619141648 289.338813913692 289.312914941127 289.275196282714 289.35286736404
289.454438144792 289.330033615742 289.404412616104 289.957068850517 289.371580876691 289.753190825967 289.454512000869 289.516238575559 289.435474578308 289.364861670851
288.972267577581 288.732932407104 288.839968125056 289.417598781742 288.982587385118 289.246304637773 288.84335674692 288.940899763022 288.873431017109 288.950644901645
287.812162766566 287.80955401285 287.588947166716 288.341737375542 287.689560674258 288.019417683818 287.793490707281 287.804090237667 287.742243486929 287.896574156716
286.331573534397 286.274489923609 286.266074862441 286.861126755968 286.218603287373 286.720613734 286.258349660098 286.29299506752 286.257289962501 286.538734111433
284.872278410944 284.802317588273 284.654478085944 285.383196801454 284.830539674264 285.21481103511 284.801135365869 284.961233640294 285.261393144137 285.115175382935
283.948015043125 283.623236788597 283.859394008831 284.579779882974 283.735476637579 284.378070045758 284.037319767063 284.151896446311 284.309163168394 284.089219503713
283.835261576469 283.679281781622 283.386182924112 283.966614996041 283.49406479806 284.038425720371 283.941963698008 283.835231598583 283.940993091346 283.752047982776
284.113539763708 283.979203721141 284.030111913381 284.672753385762 283.965793004898 284.464952587048 284.425704746994 284.454901185695 284.371642185782 284.12039939581
285.440538775806 285.249648597785 285.201199885831 285.839608819343 285.27869434281 285.290057566115 285.251127861757 285.550129619302 285.44950718877 285.282551370961
287.103642381016 286.826641798507 286.826752334829 287.063411799986 286.888032901386 286.974689435605 286.693387178073 287.032258752794 286.935453904054 287.030140872744
288.354843565226 288.200320149659 288.413812854395 288.691611040974 288.45205495416 288.276917052094 288.112846046288 288.343452612462 288.604043080426 288.513251349269
289.341755439196 289.100484248055 289.251400200235 289.591887244807 289.248963259113 289.157528551839 289.136297210958 289.302309030316 289.634878689061 289.578194772119
289.557482671061 289.329015108455 289.357866855302 289.62148184451 289.335922670206 289.331131517842 289.312458106239 289.318607666705 289.69009795871 289.646491462863
288.987400351463 288.63825809141 289.018811836258 288.993197487917 288.611129448289 288.754771617746 288.841810089327 288.745664620945 289.034332326243 288.99462299382
287.970820420835 287.556514192206 287.768273606108 287.935989080711 287.454740803909 287.644602222714 287.642035981587 287.743095510566 288.056907694403 287.885147333159
286.557233125358 286.317431437384 286.396965430666 286.547837299454 286.010174640314 286.250168373534 286.344269190498 286.402534801374 286.890625994547 286.513596574344
285.123399258788 284.767674728028 285.05397869544 285.153738995324 284.478210624731 284.826338385947 285.08300110882 285.158118553509 285.068077631901 285.171994805377
284.338847166697 283.684256821578 284.265798803399 284.089475028684 283.816628215892 283.996497733761 284.266391542438 284.345244113224 284.062690335612 284.025088886828
283.814951436656 283.761069094947 283.812396703416 283.839510881334 283.529369029158 283.859223500252 284.165436118925 283.687398137745 284.017942150084 283.837911481097
284.542887754723 284.239876974006 284.217521612589 284.343750744642 284.049669946107 284.058638427596 284.368627700444 284.329803126988 284.508550123232 284.291700063777
285.599056769159 285.432944878071 285.606169294682 285.469342033828 285.071707134054 285.328838593182 285.520347960243 285.469440402949 285.628251396003 285.554353368392
287.121933250647 286.979297798597 287.238954359444 287.019082173171 286.87058851889 286.86434645952 287.202752310197 286.950957356622 287.150509409046 286.941176292696
288.635553989978 288.654543132476 288.709257265477 288.516155021355 288.37100001354 288.277661779497 288.702715968136 288.553385293365 288.593978877845 288.414981444223
289.687383984304 289.703416980448 289.588917727405 289.301121822719 289.369482898275 289.423794110033 289.748002881966 289.541773631252 289.469682271334 289.398189297146
289.710627856388 289.780299297784 289.837202287327 289.311498621296 289.521471406747 289.448677899078 289.863213182864 289.586982039997 289.513736428292 289.474907959454
289.222517201788 289.297544151028 289.149928783855 288.857900900847 289.035920135894 288.873302936181 289.295570787863 289.127658200195 288.928868595037 288.82979885259
287.980392364765 288.051979891446 288.105276409251 287.727063972879 287.8657931508 287.717897839141 288.143499521072 288.060341510733 288.024172171065 287.767957771926
286.741229770437 286.480818901336 286.634502213313 286.259815311311 286.39268997974 286.382072406771 286.699280530388 286.430753540097 286.716427048729 286.305987702612
284.961167279133 285.039563679093 285.163822055202 284.829898417577 284.934133720874 284.727638188338 285.115455212213 285.137539308337 285.253873599662 284.735152613109
284.175157930771 284.026876396995 284.258317845509 284.129635718173 283.848378187427 283.97344063895 284.279142591467 284.163902504979 284.303903449482 283.844873819002
283.715359512901 283.44187591679 283.959778962252 284.01156317715 283.850052402744 283.606905710855 283.949535484576 284.00603388756 284.1618330231 283.489423138039
284.203454036669 284.018191314225 284.289630877642 284.419382731029 283.935874176547 284.058454044507 284.392517143736 284.215366004417 284.544999671846 284.170025677455
285.321420937344 285.239216215196 285.294045787985 285.395241802074 285.265947243515 285.391674945923 285.462407481539 285.279876437891 285.707966840381 285.22484857902
286.896130175798 286.766181387804 286.789779896276 286.838687242216 286.860559598197 286.989690292949 287.126062131473 286.936568823791 287.215200840023 286.803097200801
288.401603195654 288.284331565018 288.230643518542 288.379096482945 288.277332685188 288.525534403328 288.639345609999 288.449068410203 288.810333977929 288.162627709802
289.456031261326 289.194266513128 289.297505221137 289.387799423572 289.270266259758 289.440937155661 289.576593614207 289.48735648588 289.817778984449 289.10451920597
289.59254084938 289.305125203567 289.325054714589 289.294881254346 289.45220048684 289.40054140448 289.733572793119 289.635400182658 290.026365667487 289.443690290154
288.861160105008 288.723614437126 288.772918798668 288.826315011023 288.909021903619 288.959146050625 289.19405162788 289.008491848349 289.30521554255 288.692637817346
287.769387141151 287.634471134735 287.733504544875 287.651857307837 287.76004889003 287.883077673913 287.911453797908 287.928311668456 288.227127806696 287.509441158922
286.204367573793 286.095439524315 286.301411306283 286.24804561018 286.384858262135 286.372553996128 286.544748738711 286.413880834618 286.878546900272 286.238513332082
284.975733943265 284.76584859076 284.86909228977 284.919875352273 285.020194748874 285.12948015271 284.91073413203 284.920254291229 285.330983824298 284.904468667925
284.026552399443 283.851739011516 283.947797515632 284.024720677156 284.131240146749 284.177543667504 283.847545174157 284.004334478705 284.327512972984 283.88622896696
284.003092463288 283.679037793225 283.722168414412 283.798151982131 283.741379750476 284.049908882076 283.829126207522 284.013684857428 284.113034190502 283.684503715767
284.312934303542 284.219859041478 284.180924970686 284.335787343967 284.304506290244 284.640523450489 284.204336273457 284.240964508554 284.628951615879 284.000328147273
285.338669345638 285.406956032144 285.358678806021 285.431342054596 285.497808753131 285.688318657303 284.891254142214 285.279445091568 285.57848432905 285.257299870986
286.990338357423 286.82940968841 286.858735988206 287.134842617846 287.028907704377 287.24683103273 286.648069496191 286.770900497352 286.954447463456 286.899703681559
288.378155233056 288.118402134146 288.313507497782 288.728966469788 288.464564665139 288.716244047351 288.062538064785 288.269268078218 288.581132463001 288.44251365794
289.343376942535 289.19302016774 289.323652801704 289.718263472806 289.433074681832 289.698886744099 289.167340708346 289.217088776608 289.58617904346 289.314069036524
289.549056675829 289.378279010981 289.396443360057 290.007153398597 289.589623247121 289.72767573115 289.163009027474 289.405901018933 289.67422277853 289.492720360099
288.855836094405 288.761953824627 288.970804171736 289.194306960779 288.873756678811 289.206266252363 288.585012307204 288.83398495973 289.098428697153 289.020547871931
288.074207315559 287.597504258771 287.945774769387 288.0700793928 287.829578218273 288.323101104993 287.531307816994 287.670312773935 288.021841833688 287.882944099964
286.559711749965 286.16948750037 286.545611547488 286.748464108309 286.478994227593 287.01799407051 286.131694247377 286.334233017397 286.548789281395 286.317831450486
285.476087642584 284.759783654618 285.152791048502 285.346890062354 285.019066023445 285.469544310479 284.759276915178 285.006379767868 284.949466156398 285.069400880146
284.503879598605 283.972702043016 284.148893318998 284.408543466346 284.086776261131 284.416962001391 284.044995360425 284.027379743989 284.121278499437 283.870588411255
284.337388875794 283.989896586435 284.251825483458 284.058658805431 284.024687672152 283.97382244392 283.573641486517 283.842111724516 284.00320245967 284.152495264611
284.457785280166 284.253123409453 284.763343974092 284.447522705623 284.232678146797 284.336233077473 284.169119548448 284.467743641244 284.443453895656 284.415939710706
285.516780262493 285.543209270348 285.618157585624 285.724539896178 285.506575839753 285.474971646015 285.167385315276 285.503925625153 285.512929740429 285.261427540669
287.060881400679 286.922213971872 287.018516769595 287.056915723557 286.99600760084 287.158470801616 286.77522354978 287.067949233009 286.99506037436 286.715445131813
288.398141439188 288.352289248756 288.594846203534 288.476067341863 288.357351461905 288.769253424708 288.271580902023 288.508993762964 288.474861551562 288.114898212392
289.383926295204 289.3015304868 289.596759379088 289.409901372238 289.349071117583 289.792804884478 289.181070002649 289.497943619039 289.357113573658 289.032468244736
289.471422995789 289.484195209799 289.725624730063 289.631313355975 289.473390567343 289.792760694185 289.335494973549 289.646893308927 289.461728303246 289.259350082716
288.928011371229 288.809209771444 288.961194108792 289.069765348085 288.868069745133 289.10822930632 288.864508567923 289.077935985867 288.837408359058 288.694657804481
287.793952893392 287.743534071412 287.870198189321 287.94851250336 287.829403459973 287.899410304332 287.671325391677 288.011782019141 287.774810410885 287.586936790604
286.476251151875 286.37256447201 286.43983584433 286.623674766228 286.52551560531 286.381573316311 286.26684211758 286.616551632801 286.399724101741 286.13798590419
285.128242134631 285.0167150525 285.102201396744 285.067056628512 285.126151323555 285.178578655995 285.036637320733 285.26482320578 284.935786048324 284.827038973196
284.289952231566 284.222271841546 284.031208651232 284.136261401356 284.271028152832 284.369325734459 283.859525025216 284.130629767926 284.006333529369 283.915902912801
284.07772335883 283.927155785686 283.593692434871 283.753076371507 283.775191374699 284.028448009448 283.73532300134 283.986451393419 284.002077412007 283.771291022518
284.444243464394 284.505261154898 284.181997773876 284.402344839959 284.369175634148 284.540472919597 284.123132600559 284.375423914903 284.409728531376 284.120362786312
285.454376680712 285.604666173961 285.41105060464 285.633557638851 285.476526377484 285.432249928021 285.472765290545 285.44531202106 285.442012685031 285.033742250988
286.940147151186 287.046083618415 286.985594773027 287.245849620696 287.170454340755 286.728961140809 286.979874343239 286.936157097718 286.826302985309 286.845674757799
288.336448368181 288.28305054403 288.465901705862 288.44815426867 288.602087992218 288.159912286437 288.498937160528 288.405787527821 288.230687963254 288.173394900938
289.214012804855 289.35936567659 289.412218203258 289.560232731877 289.587150541955 289.108906293102 289.483363747031 289.416059481714 289.061141509514 289.138055553721
289.364812548284 289.457175734731 289.558549254431 289.535777994479 289.689235769146 289.244818617292 289.485672889015 289.508316960203 289.163877209854 289.257364711193
288.877805990339 288.859857647004 288.826577936857 289.083487055176 289.131038708343 288.658674015369 288.924240492009 288.934913443673 288.63964012566 288.615084619322
287.735044213687 287.764481649911 287.76930915925 288.00222232999 287.990985475478 287.502149727494 287.797004950064 287.789105133341 287.569036515991 287.735849616443
286.416379704296 286.430644753521 286.587962517167 286.501465215525 286.609496772151 286.260735497043 286.367607265695 286.676999311694 286.060077233525 286.155628037214
285.081636141473 285.068839048303 285.070695419139 284.992420736281 285.283939636473 284.928076235821 284.914693826232 285.108610777944 284.666107973935 284.912749453635
284.019499005149 284.054768862202 284.042910877174 284.132311574162 284.262738739916 283.883976618122 283.945870032456 284.346557491377 283.805448525718 283.920722371991
284.047139367936 283.978551029074 283.604951739616 284.019672270669 284.089523418519 283.69854742539 283.817869713839 283.909262830889 283.924876696521 283.844443355569
284.513396436667 284.485683869889 284.310088281353 284.452408445531 284.438543902051 284.32936838706 284.226658886221 284.304480797979 284.463705888487 284.100934570732
285.515901257187 285.719697996145 285.312642549388 285.551609408102 285.372167100962 285.378609642321 285.299575044996 285.550240191514 285.407676421851 285.585227764345
287.091686715349 287.125918742797 286.970024877668 287.16125344079 286.850195928362 287.002861588258 287.012766915615 287.194702427581 287.014353320745 287.019632725422
288.593671259325 288.448356571132 288.41493671608 288.462717924833 288.196862843941 288.435775031454 288.414416610765 288.763938003269 288.44375976638 288.299388628289
289.590770395302 289.433849197777 289.265073840295 289.451672449659 289.206318054275 289.369021708777 289.424397220612 289.791233523322 289.567481200557 289.171277554928
289.532778738666 289.619929778386 289.339718139621 289.583484531843 289.29711860283 289.601396616447 289.517860215979 289.866596061288 289.827015919734 289.383532250861
288.902064398063 289.127315726933 288.847377721222 289.156654208398 288.810312271217 289.139596935385 288.881382636797 289.252309142446 289.240165284064 288.849572855041
287.687291447218 287.849193205852 287.862483136198 288.053265742115 287.781356288908 288.127191846238 287.909095936407 288.239292271323 288.302892314537 287.695033138417
286.72290766217 286.696631107969 286.445004070279 286.605061572238 286.290046543327 286.455491895829 286.390854858538 286.795057290847 286.728251253888 286.116173212069
285.056283203577 285.248320527387 284.967526249064 285.049597820129 284.80008074187 285.151119937304 285.037784556941 285.279649378757 285.556243417387 284.716747799873
284.313121857608 284.293809775186 284.131869038882 284.204192759319 283.960873986493 284.231271256478 284.000869918849 284.285339389453 284.488545310844 284.013999485209
283.911981531473 284.116886811723 283.837625429109 284.137912012201 284.016258320317 283.745093714987 283.981696607469 284.041467002598 284.366938069282 283.647534003822
284.262956501914 284.795813697471 284.493457677435 284.40985897122 284.419200506347 284.247095611517 284.292525791646 284.481738772428 284.677281979687 284.162671964256
285.236661806877 285.994534541788 285.658734373909 285.478763125056 285.565024129675 285.410895226588 285.705935197749 285.580552141903 285.610470749727 285.396062891167
286.96941959926 287.287201467196 287.010946816067 287.01708435892 287.221339569538 287.222651437996 287.236503967312 287.153039701198 287.219693898673 287.030567114393
288.371594802879 288.717131813905 288.555778257564 288.527254279656 288.675946879628 288.766634427937 288.804685790223 288.674647315302 288.628581854593 288.585824766484
289.397019251177 289.673226745086 289.437454936564 289.613549285315 289.695351461385 289.658498311597 289.778434668646 289.688831312548 289.73860015411 289.579154697849
289.580894227189 289.85415502641 289.568041269175 289.694441717546 289.777259337609 289.671874721468 289.957404950211 289.750300982574 289.938339589846 289.685373145119
288.838161081794 289.211835363013 289.064087703054 289.174037398777 289.284416732995 289.121112457986 289.456232581957 289.235701297395 289.146631931773 288.941236046075
287.794422884197 288.13488160298 287.88406878036 288.112792228912 288.240814586544 288.163686048233 288.280622263755 288.183815535887 288.164945137028 287.908942812317
286.331404042488 286.880821226883 286.462825725764 286.633030197576 286.889403056507 286.713270421286 286.922718375223 286.842148222977 286.936990952039 286.489386801617
284.897910876541 285.365235460503 285.145731612014 285.187074317027 285.295369885811 285.190508007384 285.523301468493 285.51687088611 285.553952676657 285.273069557312
284.16206054798 284.657644465493 284.156699365037 284.074370461873 284.358262343085 284.311289711489 284.503633813475 284.437760445971 284.567986895164 284.192444269417
283.980192799519 284.600254689892 283.796628570689 283.877836861566 284.297398526993 283.896212085822 283.969197936432 284.068711476679 284.461212022237 283.743749635711
284.75427490143 284.715180722889 284.503593812299 284.318306881438 284.852003729069 284.355653707793 284.388312302144 284.675895665691 284.650751583497 284.207884196934
285.795993026342 285.708941903244 285.551852720861 285.425726586592 285.759131866422 285.371391262257 285.629352379539 285.45843014697 285.855394392164 285.435416254386
287.253503072834 287.004310258128 287.136131888241 287.154341713386 287.392581350694 286.974370893161 287.096294737881 286.881755491761 287.457700633249 287.128609675867
288.878954370867 288.471829607553 288.659708413332 288.505735548231 288.776608043261 288.567946232999 288.572815217035 288.365373497947 289.200134961159 288.662146265212
290.028682281602 289.401521348647 289.656501510987 289.476231483486 289.682855071327 289.552122884201 289.606917158586 289.227005491334 290.092474601105 289.541301350442
290.086771246678 289.505379896603 289.721630268024 289.549973051976 289.914745458585 289.577260822382 289.821024890359 289.464180473624 290.233278948088 289.705947767185
289.564889378486 289.002035350115 289.042891400775 288.932227963182 289.210251993255 289.103068093159 289.160584810498 288.997276088498 289.660794224301 289.158048912066
288.450432235782 288.040355604704 288.008595699541 287.812137032503 288.248393922256 288.004549515357 288.076759724882 287.91901977468 288.574229743906 288.0556288848
286.922081648958 286.5800549549 286.631839123183 286.484318252639 286.739479093684 286.755735042119 286.606360966061 286.446973293909 286.943376993815 286.595311288521
285.459452731998 285.317457719201 285.201234508465 285.01893473696 285.301201357136 285.170272804054 285.196276664385 285.099887104483 285.331989972793 285.33288823739
284.426013388912 284.449424210652 284.278875339992 284.037143773103 284.609743503487 284.110246892715 284.167427305522 284.11769022386 284.317921534195 284.613771234424
284.068406440487 284.377306131041 284.040361035748 284.091954298056 284.467635351477 284.251966214817 283.804435027441 284.131947895751 284.213539007121 284.032613494632
284.616800496794 284.7814857925 284.479056333269 284.445213228302 284.849665382702 284.382240339369 284.568130436102 284.564421955095 284.536431886713 284.475575994334
285.493803030229 285.840969806245 285.658274062244 285.527866639849 285.781973136655 285.659715479458 285.534301783863 285.718180069564 285.567817318492 285.611762984787
287.141857495767 287.407226931868 287.161447545148 287.268227043122 287.24979009496 287.444318865211 287.148947089543 287.175401228236 287.031543423772 287.145449618654
288.462791781767 288.752956318446 288.656509579306 288.820778708744 288.749133991846 288.859079477507 288.631078959814 288.634445395818 288.301603214258 288.431363768231
289.387367068691 289.736670445095 289.5138635867 289.666368420166 289.937438778649 289.798079293695 289.628776677282 289.661180382913 289.391314455159 289.378530444134
289.539475434959 289.88231278903 289.701379087798 289.863935266075 290.000848089646 289.989277903057 289.939123641824 289.735415499796 289.440357383452 289.683564875129
289.044298223535 289.347746878632 289.083222250038 289.244583311302 289.409796405987 289.455423016014 289.286076326388 289.157262117164 288.953917403656 289.10502514673
288.055060410221 288.426525019 288.178641694434 288.229324568004 288.429606226349 288.436683480835 288.171407003308 288.195830253021 287.833892509702 288.191232872707
286.624408339991 286.934006565813 286.767257300617 286.699173988177 286.965623108935 287.019705714024 286.712764578906 286.78371308962 286.464145003427 286.773462863328
285.159031335572 285.361352022573 285.437052704578 285.1599280109 285.342860206848 285.446632677685 285.383980721227 285.196858124473 285.059844050278 285.232095488463
284.261552781916 284.499721380752 284.562962072177 284.313854340687 284.51981114124 284.506640090703 284.298864536772 284.429884208752 284.232640417063 284.415922409423
284.136602253874 284.196944526764 284.057644572596 284.130994236132 284.259618471812 284.167331079718 283.841059335273 284.299740490984 284.034164703938 284.169457000057
284.406998360687 284.620424182875 284.595744430369 284.431303960763 285.014465923868 284.634567217465 284.46794615334 284.520853805735 284.600061120407 284.629787486101
285.597171070525 285.876561368246 285.914073471222 285.460105094294 285.825073983385 285.571465999552 285.692747668799 285.314931283535 285.713511058164 285.769418569584
287.127770063561 287.5064073274 287.481632424334 287.013331089206 287.351422385607 287.441361092023 287.045728896012 287.143198368008 287.16112690173 287.495709549773
288.734392931612 289.070662082232 289.005108850094 288.451642297226 288.864322014766 288.728522020472 288.471560461542 288.498063741997 288.737335975502 288.826083595439
