289.112192709995 289.059762627736 289.135864246262 288.821146714852 289.068056236255 288.848622047435 288.888601470823 288.842482314472 288.996936689984 288.96107139217
289.176255069193 289.141811159159 289.183776559523 288.793339253345 289.054013303633 288.931801546451 288.946107282883 288.971046420224 289.044768693262 288.948363584214
288.352437971406 288.45104962112 288.503484546756 288.145533189884 288.402833235525 288.275736753568 288.224324857346 288.452202824943 288.389866767501 288.347542165183
287.210884844753 287.282695438959 287.225611411973 287.083143891585 287.236518183734 287.161747635442 286.956641463216 287.285531771639 287.154318110249 287.146610282213
285.901175895044 285.738202040532 285.801087054429 285.531996388147 285.751818012413 285.487870141605 285.637369526545 285.604090301729 285.576544567575 285.681596623201
284.050835394564 284.276773681069 284.243307084024 284.087471146238 284.119655914342 284.126830298981 283.984069866327 284.15688920209 284.325762877293 284.062283198054
282.976914579073 283.360849287974 283.373847556385 283.391548959586 283.163143392188 283.118063131015 283.007584578723 283.204293762415 283.337611641076 282.993493735414
282.70856695778 283.079512997283 282.821731995972 282.807369941893 282.746811316849 282.937572976023 282.893904546667 283.06345650809 283.190707361171 282.553438299111
283.577412635857 283.560340240562 283.381552651373 283.161470799958 283.478382722147 283.437395649258 283.342381137482 283.256362417722 283.433365844494 283.499140716962
284.70593691928 285.116143578414 284.62132973431 284.641076600755 284.891409008575 284.629830765723 284.529913938767 284.961858574017 284.918098855436 284.902144633628
286.299449497284 286.723020389677 286.324018054628 286.546057948748 286.230857858417 286.389840345586 286.243522816045 286.766572522712 286.673376696228 286.424381278098
288.037780199235 288.256450779026 287.784700319995 287.975899306106 287.740625869278 287.909773139279 287.801471337639 288.31846659966 288.310684695887 288.090035566866
289.018189717531 289.348870550671 288.753291648414 288.864838145818 288.631086508296 288.84608285849 288.676859642867 289.514211844695 289.345059436273 289.01783265558
289.096499464081 289.409223293821 288.783347994408 288.818208316859 288.740259272182 288.933439736171 288.705023112283 289.562983336382 289.412893518455 288.946175019539
288.528241451983 288.63006787948 288.078375607265 288.297510439604 287.967006866323 288.333248338024 288.248022177605 289.001509186746 288.77795980455 288.288842400952
287.278839204614 287.464558000906 286.930938829624 287.208265732681 287.040835612376 287.020305801407 287.022060237041 287.715005012078 287.600724564007 287.131517708999
285.735913693312 286.025168719735 285.489908296441 285.780153623098 285.258216458224 285.643867239676 285.584385932085 286.071974298349 285.929836080416 285.640663395151
284.524648563013 284.185140212818 283.813799774063 284.602005418481 283.947890122951 284.362855672678 284.410190902225 284.637888300272 284.627546080264 283.974966787776
283.405309200838 283.101835691026 282.990987036547 283.213595268463 282.651884119255 283.250425836547 282.918618271527 283.304607471219 283.458325199794 283.014011868392
282.877151470204 282.820829128826 282.783577342325 282.968933370246 282.532459385016 282.972590930445 282.785379696248 282.898790944114 282.829728534121 282.871786295824
283.531007493565 283.289999914327 283.557375537766 283.083519055187 283.375452322355 283.516876868705 283.602915546323 283.2458237391 283.432353215796 283.054639617677
284.679650652264 284.789437077663 284.367236520513 284.765171077196 284.568265241955 284.756257698875 284.714077888461 284.480509815386 284.723512095781 284.381546736836
286.612975633315 286.600953510535 286.397629246783 286.406266092843 286.449698455853 286.651036718194 286.508502730981 286.14175067636 286.51516100511 286.4265102025
288.242452406875 288.277934766115 287.93753648684 288.150968026514 287.939501276125 288.191878988885 287.848345426751 287.747603839771 287.891731836369 287.915477162638
289.3559939749 289.208868797063 288.810375408014 289.021705803103 288.901293873416 289.130361508889 288.92640392399 288.616729331998 288.814414507461 288.955946266595
289.253373644823 289.234633441563 288.950814885718 289.118068779176 288.926733185184 289.192740556296 289.080016454522 288.67300154984 288.930200831979 288.882979313541
288.56571516517 288.556486628079 288.353023837423 288.5553417268 288.371936443543 288.600073757984 288.429393263149 288.057005310862 288.309878696689 288.353811036524
287.378192435038 287.445270432418 287.219597981169 287.23450044373 287.409754198362 287.461085016207 287.275019719874 286.799803202111 287.19616176744 287.312977583707
285.549304704926 285.549140901744 285.566106599956 285.643241789617 285.66980398542 285.923736357369 285.761049047563 285.262034081015 285.530247594171 285.698506830891
284.131296316106 284.230884947234 284.264858832334 284.083244731919 284.246701824233 284.500347875868 284.367542590195 283.822074932891 284.194122017915 284.310229699216
282.916434596929 283.131616943202 283.059415512615 282.925693888705 283.232454889574 283.162778910212 283.27889180948 283.258769228227 283.165775280981 283.327134137929
282.662463097957 283.118813682142 282.789871179317 282.929259320393 282.707026204503 282.917336947722 282.98894225831 282.624923554021 282.665846918058 282.89014260556
283.42916593359 283.399211318229 283.32835972215 283.374026859692 283.301692692214 283.148605310989 283.511329231771 283.119889935179 283.334484020486 283.850950390354
284.487844090769 284.701322753569 284.79591636798 284.95174922074 284.54454299166 284.700403917196 284.662845450252 284.561369491186 284.941703415945 284.64853942487
286.295062824587 286.555251396744 286.609269841067 286.702330154903 286.57626595085 286.541866124384 286.541601966535 286.464275669361 286.45185841584 286.365067104975
287.942409972989 288.006825170873 288.151508164463 288.359066700879 288.098595318263 287.985158019346 288.059380270354 288.151233811225 288.094714393841 288.162291702262
288.772178417432 288.965816600594 289.251383114532 289.335610506392 288.998562444083 289.170165520133 288.760255614868 289.097425985417 289.080685778759 289.229349732185
288.66616522577 289.065336193783 289.441668900044 289.280402810303 289.141501361906 289.229757132226 288.823091692578 289.242276070481 289.130588061936 289.388942605078
288.009859704822 288.268331410165 288.543845347857 288.535913012626 288.365016555674 288.644394183877 288.34927694698 288.504575994802 288.362162088325 288.62563758883
286.903662227136 287.175412614161 287.546134694018 287.289514660623 287.158820071155 287.365342080802 287.019486973841 287.462470447232 287.315661648933 287.416569603504
285.393285164111 285.477544488688 286.08059281215 285.912274735493 285.653356374761 285.836293357982 285.656594575156 285.74133325168 285.803853272852 285.754096937296
284.235477901143 284.083047328859 284.498113828735 284.150485854016 284.223164550067 284.388998132469 283.973022338735 284.180522117694 284.412395006361 284.237208004224
282.967819753919 282.965120408939 283.300876450033 283.124261241373 283.11418084857 283.286686520183 283.362939524049 283.012347345205 283.284423075425 283.294890432643
282.537028937467 282.854321489394 282.950973408459 282.790109839764 282.778767186277 283.116448802808 282.841779318155 282.666608677851 282.876140096343 282.834609461128
282.854493730179 283.455584220249 283.568608615651 283.482271411006 283.499630555813 283.162596269782 283.475773061766 283.222189435105 283.302911314937 283.41687947813
284.868394024755 284.924776054381 284.872120422964 284.631310211627 284.645809414161 284.665239913432 284.784423232711 284.835133682872 284.656648952075 284.619820979491
286.46967045292 286.667901375474 286.44685745061 286.379050338612 286.306663483779 286.586312458603 286.493774052924 286.615886522162 286.56303766587 286.652259161902
287.979126351288 288.250075021992 287.998290534724 287.770575854839 287.926432139069 288.056553756274 288.091380289698 287.961495016186 288.097451365543 288.395043217716
288.910836231694 289.395063555394 288.805313146064 288.866911348643 288.804777317854 289.141731916082 289.07473936557 288.869252843293 289.096998997393 289.389749813577
289.122772391486 289.569976697433 288.923299575897 289.007477257489 288.856217766553 289.212865379867 289.111318741575 288.882897263855 289.007895650712 289.409886463622
288.506786983676 288.820386422917 288.366949404467 288.183865108625 288.26120397774 288.583754421059 288.215899732481 288.174333748291 288.411360296661 288.756285532453
287.29400239138 287.565242145737 287.161548951623 286.874156251197 287.113920056089 287.449938751244 286.999616520409 286.935552558685 287.174120813912 287.542382741535
285.811917678383 286.149394005008 285.698932822848 285.494342079963 285.653460474059 286.090013047424 285.54511277938 285.461660685715 285.738204452685 285.83574540618
284.489068822861 284.655328995294 284.119341015314 284.055199930988 284.131471118338 284.254480654956 284.318476508111 284.255636091831 284.21455720292 284.601498801999
283.51068791965 283.324306821454 283.263484684342 283.114791333616 283.222230891955 283.240702128126 282.914799048436 283.019470333603 282.996318847133 283.457677591297
282.862785901321 282.91279593442 282.937934362453 282.899612011717 282.857069658217 282.839698403056 282.832377532065 282.714996147904 282.743218774021 282.921708010954
283.570199251549 283.441120776643 283.314135116407 283.25550329164 283.575891761561 283.731969250766 283.338659205232 283.3552391441 283.189392235684 283.284121598416
285.037033646044 284.96577413414 284.594564001465 284.471129276239 284.852349477021 285.111234022307 284.542800004912 284.701602693873 284.787990493355 284.856778702578
286.722527244391 286.453981286789 286.346717780774 286.397605754415 286.601183176107 286.650355478577 286.336021975763 286.521737486211 286.526074549077 286.356386020829
288.266316610576 288.011837093374 287.880915211881 288.083686714497 288.175948924691 288.086642941369 287.800934566748 288.197293455228 288.002226151352 287.96851977853
289.142638259652 288.875835130407 288.868389368617 289.218612964896 289.23482477218 288.875033538239 288.707337566539 289.035225201977 288.911543286934 288.858370744225
289.222797335021 288.901010036062 289.043534285129 289.079349451996 289.301802023226 288.951254440784 288.832519471195 289.067801542939 289.128345686165 288.860160390096
288.414481100667 288.378482809848 288.401883787283 288.571604164822 288.533777282328 288.25577540356 288.162756638859 288.372213713089 288.427383767831 288.082509353731
287.187227942818 287.250864425086 287.295079546509 287.266678694199 287.358626756852 287.127624404073 286.904285214572 287.291886086907 287.076012639556 287.021621840976
285.811689411069 285.689709886928 285.780084343825 285.790084040281 285.801265945712 285.722523423961 285.274598336029 285.733597122234 285.573898632026 285.512971047414
284.309771424489 284.032133077912 284.427737514809 284.361759632265 284.263746797448 284.117290747909 283.986708967419 284.212182443021 284.25228297315 284.014109393484
283.322760114378 283.32427094228 283.669888291148 283.025703100931 283.097907043009 283.347827130461 283.166467526378 283.121528038187 283.021291557366 282.849406135064
282.768459191489 282.730077870264 283.076133663625 282.572661189205 283.015538189458 282.801792775659 282.809718296899 282.814887442676 282.795684965065 282.766414362966
283.497583498569 283.094055870481 283.385342166697 283.036056924183 283.575791953576 283.414583717638 283.15728008645 283.172657487449 283.247564468983 283.454061215943
284.570827687731 284.550993445673 284.9752114313 284.467277494704 284.972452124407 284.641787819905 284.960669386101 284.60573894524 284.68826868749 284.580665812804
286.397539661028 286.441805462171 286.506833880012 286.230031227694 286.806638500846 286.330183364375 286.361702797418 286.311658003238 286.57562419518 286.279243241953
287.901354743594 287.908600117274 288.21055947469 288.027616586342 288.325028304529 287.886085570319 287.876351762254 287.797727763905 287.990695835734 287.897796910367
288.89879224204 288.855811034636 289.136505527173 288.967918053085 289.281694015259 288.766822282449 288.865103368524 288.631017192918 288.821027904077 288.786159523342
288.97190719927 288.938451618875 289.214147497931 288.97753694705 289.213732351791 288.855405500318 288.899538914528 288.734406964771 289.038757210318 288.819973091839
288.415548108528 288.41617324769 288.749851819679 288.311628195696 288.509307803827 288.344228586947 288.343196669692 288.140343014798 288.359284823303 288.08745572274
287.18397714497 287.19826342792 287.577909206189 287.035603123263 287.455873278475 287.215353304213 286.933539310838 286.976187215733 287.149185552656 286.87201553054
285.82795000829 285.864176080701 286.035681063858 285.406316262734 286.006562939374 285.76460853606 285.647941708984 285.295596340067 285.743259505685 285.331246121511
284.17259503967 284.18207048394 284.696388561048 283.724297474074 284.526710633955 284.284218666646 284.041179205257 284.152537203345 284.406668841089 283.963711659545
283.106534183316 283.339313034222 283.806190970131 283.045604931768 283.158564937747 282.864045778707 282.68307111277 283.020945485808 283.099149365753 283.082448885281
282.655633473683 283.298835038043 283.224018047698 282.826739938034 283.037320106564 283.118146199717 282.642053227189 282.552197436527 282.719411209105 282.612214699206
283.300681704259 283.433563131423 283.591252934047 283.081706017584 283.367687233715 283.347957140872 283.121950338626 283.106090292416 283.307311555445 282.876323036124
284.635941448364 284.643520815833 284.880888776591 284.600407980525 284.912497703407 284.743978025348 284.612541316816 284.466018911548 284.757619229935 284.485117506808
286.325219830099 286.589445242391 286.531790368466 286.186774229921 286.450443994276 286.343290624713 286.104599184118 286.431209626425 286.627389378159 286.179696537763
288.042981218627 288.126055736214 288.141971231399 287.834736763559 288.073620739675 287.983445515427 287.75759037285 287.867291772323 288.345454029472 287.834835452937
289.17365465321 289.188492740561 289.1687382758 288.720280118588 288.873525481942 288.779351083242 288.639429897926 288.764008568513 289.244611643763 288.6704952852
289.275752363055 289.264429629876 289.278251761708 288.851261268376 288.912704308962 288.788689461887 288.769962605625 288.859071961234 289.299604218511 288.679455029589
288.555551690048 288.526611304087 288.578833226454 288.175383750607 288.349192699976 288.134837594995 288.104397233024 288.323447309225 288.698831699802 287.959173672352
287.223148488073 287.486730231752 287.423999266915 286.99654657607 286.947242916222 287.032030295394 286.918487963573 287.008414710167 287.407326407325 286.929886312729
285.620122650905 285.818406671389 285.964485981242 285.290677988733 285.628741037313 285.714804143615 285.49808770956 285.673761679439 285.781835273275 285.477203344934
284.33527731485 284.238042246787 284.518550432839 284.077854727868 284.090168677567 284.255915997459 284.244993562807 284.242404296034 284.304476941629 284.035795004856
283.032472945322 283.212070508514 283.184735297745 282.839221000953 283.34286920573 283.432334389541 282.919568684401 283.130018984676 283.118694501113 282.780797054074
282.67778321732 283.008005882082 282.987318522518 282.591704567927 282.968843631212 282.992883560667 282.56032093871 282.561463158628 282.737173106239 282.700041038978
283.026295802452 283.744482518737 283.480891393391 283.135910869163 283.243702328478 283.245553720968 283.269298956603 283.28767842988 283.385902861772 283.082704896598
284.661541263864 284.530342006567 284.593143095826 284.784791756635 284.524617505721 284.824875655638 284.562445653502 284.530636214256 284.848380665118 284.706283616369
286.316587721727 286.338546461723 286.646214799786 286.485457928088 286.349203547676 286.200829024478 286.292985684087 286.242121962647 286.519895968729 286.3710958211
288.124485011987 287.892404192002 288.023149488294 287.899456429955 287.805207614146 287.752986354024 287.87095564831 287.937845895241 288.099285685509 287.947974303394
289.101922772311 288.790830845506 289.012372567348 288.856179241146 288.743056277437 288.606615957494 288.771253709972 288.817108384774 289.05036426659 289.037741183261
288.970931257473 288.83239683993 289.053462668463 288.884604803155 288.862769571515 288.803453284134 288.820779399506 289.021428263808 289.165558741634 289.100774971823
288.24888625537 288.081200782467 288.450904420516 288.232756516668 288.330454277532 288.127319313343 288.144890947535 288.281027505375 288.562646023513 288.385418784246
287.017194579502 287.013841366551 287.108684003586 287.092517776375 287.15058415456 286.964340415729 287.013604013956 287.124434867894 287.276290189609 287.146630666898
285.544756077506 285.445874937198 285.667495214345 285.660514185974 285.503429479342 285.684860430706 285.587332131667 285.852096929562 285.764311341499 285.491304807091
284.089096753685 284.030357961348 284.362207675588 284.264196424932 284.085896900466 284.356795005916 284.114059759964 284.134691201475 284.293284301079 284.170771776682
283.041287668599 282.983481544598 283.305654606546 282.912814124654 282.995250752844 283.411340760727 283.06484032035 283.28501283109 283.007803311676 282.933572871567
282.480689464511 282.66928841072 283.116098784593 282.704502736104 283.029171232835 282.955064147169 283.03237184772 282.692493908972 282.829936310139 282.537098026837
283.369330635065 283.707178992216 283.421430579043 283.361773879344 283.360203983765 283.506501176475 283.426454776999 283.104980723252 283.324012036782 283.344061438039
284.69271973429 284.561871380502 284.77154835315 284.715521112423 284.768820991058 284.807779277216 284.728748741949 284.710916920706 284.865400505977 284.950660189814
286.358326836795 286.52972311701 286.611017034099 286.492247751579 286.499677089584 286.666654382716 286.580858663974 286.359636976868 286.690668458478 286.617196752088
287.940033488002 287.988515824469 288.311782463453 288.171192350244 288.116807093986 288.264328288032 288.071175062056 288.147614523216 288.139347637958 288.012879215065
288.902653303432 288.889554777535 289.453852539233 289.139198554804 289.118619797792 289.285177461935 288.970281422346 289.0513633645 289.420686875353 288.9801328312
288.971692797977 289.097201617929 289.557869016991 289.138394850748 289.260979682321 289.339754957154 288.925479061272 289.190880758701 289.499083442511 289.2331766011
288.427271452107 288.553712404006 288.760386687345 288.441822341336 288.480683170054 288.675121118172 288.343599643194 288.45623758653 288.575210638704 288.478441796419
287.218627123956 287.346150185539 287.544724810832 287.229446811857 287.21377948849 287.638685412799 287.10098106385 287.474240846392 287.350040310051 287.361587898
285.475777308359 285.806584266535 285.991015577279 285.674177569285 285.851057807539 286.021526273867 285.82358731636 285.92036627024 285.841030558518 285.792377426835
283.97508024792 284.051696492649 284.367557001779 284.227100524526 284.078807911528 284.567097859393 284.272312031736 284.294938587564 284.407143368823 284.246068372657
282.991509056265 283.172837306595 283.169580436447 283.341821640684 283.138826079727 283.419161945232 283.010953312541 283.200068389879 283.573250096617 283.149547788159
282.898962723252 282.763523122131 282.950542406908 282.727231561138 283.061455209237 282.934041047091 282.835996624646 283.094533078455 282.922262854747 282.980208315979
283.161454301028 283.246969214853 283.771681983229 283.379316929341 283.164415439449 283.455090482135 283.281303299602 283.197586006136 283.282599016819 283.336254690604
284.669511327207 284.876900058825 284.695280693101 284.814325981792 284.709075164098 284.995192291272 284.590576032768 284.842696737223 284.622691377042 284.612870465816
286.350559789265 286.51811436577 286.355752432288 286.446795754147 286.387671021853 286.726007378942 286.356528588416 286.636311838974 286.645400024298 286.366493868027
287.815157404587 288.057236532659 287.879895844501 287.999369668123 287.879387243978 288.13749110288 287.987803275208 288.075069588855 288.015615087621 288.051088480207
289.023151399019 288.953964749678 288.84227451968 288.88552164279 288.837195740606 289.084781004854 289.031319169143 289.180621327152 288.788639286515 289.035608339189
288.959994828797 288.969941209534 289.040211690484 288.875557999862 288.980813588253 289.081812060794 289.094692782342 289.291860693285 288.903370251747 289.122253558244
288.33269507398 288.487596536289 288.208255910505 288.263573982278 288.243788714721 288.503312412695 288.418331241841 288.598482362066 288.108121738976 288.378508650119
287.271907949169 287.410382344053 287.111641993236 287.122494457163 287.295798676513 287.269006330254 287.195333297021 287.40130518188 286.914831829791 287.29591380758
285.774144715038 285.678131798986 285.750042361231 285.663284138476 285.696194149733 285.751232023403 285.676261039892 286.23389191123 285.418716254998 285.774383915079
284.500339653238 284.291758884679 283.998302229076 284.174227038428 284.343248755887 284.182139527193 284.291900169883 284.451873185677 284.225852213787 284.124032380536
283.082101622606 283.330163507388 283.108737551964 283.119957073745 283.094818223149 283.20232915244 283.298580181615 283.442872593134 283.149992461199 283.115653877086
282.901502923621 282.871002787839 282.850659595728 282.544344188499 282.673143332798 282.752481040954 282.931632160891 283.28097898852 282.673314933245 282.705231624961
283.649207102397 283.513155475838 283.43811919494 283.444443308822 283.382564506682 283.488980465837 283.211384553406 283.805556358067 283.261691169549 283.311093769587
285.109003858892 284.900215099906 284.674814957669 284.741603018467 284.812085664068 284.78022902224 284.519458542302 285.088167873798 284.690875792402 284.815097992872
286.896467232671 286.699225114016 286.387474806979 286.342163994737 286.598703318204 286.584568039299 286.58033249881 286.73877522156 286.369059396131 286.374573302854
288.226610013169 288.282110176401 288.044304229921 288.068788793406 288.122661000509 288.023880571031 288.216137864115 288.220257668257 287.94981281666 288.104045438777
289.141515629707 289.207215349436 288.955011017315 288.928116064851 289.089230057941 288.93621363588 289.084557771303 289.288767708259 288.886989877366 289.241792458991
289.284662426002 289.352904891112 289.029129849525 289.16827592796 289.10777963533 288.984548913165 288.927595158657 289.314120902232 288.989160031824 289.246619137297
288.674681246431 288.85303943387 288.597344357147 288.469058673491 288.27813118048 288.414750662007 288.102618440733 288.664860747285 288.228917377542 288.463584699363
287.424792211417 287.604049585361 287.243996264886 287.263319045887 287.108306995163 287.452388570113 287.018569643476 287.436280490046 287.128506049209 287.336633207592
286.068190308547 286.02702551277 285.892987441073 285.833248361494 285.520817373064 285.828278704234 285.279619468081 285.883883097984 285.618457274623 285.916038180825
284.22849750675 284.597246579579 284.16138284821 284.162280620831 284.332436728953 284.508580116667 284.06030852162 284.346732606186 283.976636043632 284.116145107994
283.264808971336 283.660905106328 283.200852512783 283.309863638748 283.113005363524 283.436864446209 282.895859150234 283.457412359419 282.846431227022 283.374696843253
283.145620247484 283.138029882708 282.742624349258 282.667111973268 282.587771046396 283.092169025641 282.502085535602 283.344586242494 282.638234911575 282.713135366817
283.35266653099 283.564419662941 283.458868326757 283.508221214293 283.367169560227 283.417361260715 282.966737168997 283.657488379411 283.129048015591 283.279975629641
284.803958964564 284.811926313556 284.915664660036 284.729541565996 284.521770949429 284.744278669109 284.635286624279 284.943414559289 284.350462767109 284.681068388051
286.41452333944 286.561597120831 286.917186552167 286.258009835509 286.402579145711 286.525395935619 286.425468879446 286.549723301798 286.433190442246 286.51466791754
287.741406336094 288.237929903484 288.360567309376 287.834473255321 287.893725037858 288.129486198774 287.869898219337 288.339710125948 288.026758992572 288.058879099436
288.660859451183 289.193258321809 289.420968736266 288.693490015405 288.864701304354 288.957664474169 288.781349726533 289.254841548532 289.014590041184 288.823956076499
288.762124646856 289.441134982449 289.4171278351 288.791227048238 288.907912422142 289.172968121725 288.864455784572 289.387331660293 289.036229612643 288.825920673584
288.149845471491 288.488064359371 288.763239369072 288.213760216823 288.325548913072 288.581997743716 288.064999708935 288.544821593587 288.317894226017 288.207226518705
287.057045865109 287.323117723838 287.456765772268 287.05061655127 287.109541400115 287.41789584399 286.804302086337 287.492444679585 287.104430677004 286.984686955274
285.688984038354 285.731893512874 286.040197597642 285.70022378229 285.635259648328 285.802910443073 285.429507284018 285.85634897213 285.47777682239 285.498108740839
284.425013250627 284.244614290526 284.514709724005 284.08349457322 284.233910083623 284.612939469809 284.058664266708 284.443489593379 284.006332564011 284.093089912818
283.39186131985 283.349314361579 283.585449813852 282.909775307694 283.296904459536 283.540714177799 282.865401321854 283.079999007035 283.126229288434 283.071884042631
282.965912375269 282.836393230753 283.285121493648 282.917391865281 283.044546693155 282.91524220173 282.691844551012 282.6160792263 282.957242256964 282.745765485552
283.323106628597 283.275603205353 283.496118921341 283.440841867073 283.377823887968 283.471782767048 283.41080289858 283.348123049725 283.628792792405 283.246607411184
284.787602324242 284.830633490277 284.85196619604 284.716848119329 284.689447378573 284.800695239593 284.754560082242 284.610435011933 284.74760438173 284.485423774933
286.411891743245 286.72921812066 286.486171848646 286.563819582998 286.338946338022 286.438140783919 286.376090895783 286.752939923767 286.370655895846 286.312495531327
288.145409466682 288.281188695201 288.057087072655 288.115960880867 288.039667951458 288.091437410068 287.994439721143 288.248229713951 287.973047991819 287.918111107093
289.177824849459 289.288692040072 288.982162028938 289.163525384486 288.890339075017 288.876845696324 289.012335306065 289.225213040722 288.915873671961 288.797281751892
289.339538090868 289.427109248416 289.014362758559 289.148965981673 288.958629457784 288.849624252876 289.078995505236 289.189729154031 288.87540883504 288.876630901336
288.811925503474 288.584379848012 288.273410404298 288.422600844958 288.263630583851 288.164582521494 288.514879061501 288.382631464885 288.214063689575 288.057541573776
287.771326428164 287.44208119909 286.926279961901 287.273824522595 287.117159523229 287.084760819768 287.139528642165 287.437296338124 287.089492233 286.896644735051
286.241247557269 285.806497794241 285.499080034574 285.602060414147 285.515583701543 285.542677540102 285.638326945019 286.030461285501 285.868782320575 285.513931988882
284.781705623471 284.178379570519 284.254113514944 284.179256360052 284.221900402454 284.241658801536 284.280181302615 284.492804110634 284.026994444626 283.95373084347
283.779137557059 283.288491980116 282.952878139991 283.32434821528 283.197094106845 283.416437549859 282.936238592765 283.184635897638 283.107557158948 283.00574618542
283.474765261206 282.840231392916 282.885917748051 282.722118782012 282.990669200655 282.864689882581 282.761219394891 283.092615834959 282.785079401113 282.639987908369
283.505728063982 283.166524026018 283.45734310702 283.478134913861 283.500181197656 283.509187364734 283.098528184429 283.334465519912 283.003427718587 283.249256658987
285.092231106284 284.317147359132 284.843517331683 284.70072380499 284.608465358251 284.756088165311 284.615863137564 284.595256218221 284.463986018589 284.707477349957
286.754486023699 285.996611495104 286.482725566651 286.236746504617 286.613842442998 286.501707536835 286.532243592808 286.263786517067 286.445463588074 286.421606193755
288.428873130235 287.631207825583 288.107398620302 287.827969523965 287.996332308347 288.060189208298 287.996281497948 287.849650867502 287.799365141968 287.747561858757
289.21156217584 288.490102781341 289.049496859163 288.736337162353 288.758310212083 289.044511911686 288.857875625633 288.659204614463 288.659234311411 288.77680088648
289.296692208857 288.496744302762 289.078548716589 288.797480305043 288.935624644336 289.077880507628 289.074661872915 288.742017246389 288.768650079607 288.797484208126
288.626978251593 287.901929113183 288.303585453023 288.195671772451 288.423663994142 288.358685090527 288.399995648793 287.950687228695 288.229202151291 288.187316767659
287.518117494576 286.626562948719 287.226355822381 286.956162057892 287.267866269719 287.195939781948 287.179592780624 286.837988279917 286.970444781848 287.225630452523
285.797587833825 285.131726042771 285.80039022337 285.518896265079 285.408174618186 285.721143194214 285.692533134184 285.437205789601 285.474671911795 285.584270964581
284.434896948086 283.95317377429 284.418177183933 283.902787348392 284.172266149201 284.308553105378 284.208887080969 283.915024082869 284.037505394068 284.074037720585
283.381121040703 283.062277979618 283.23928682701 282.742519217623 282.97796814523 283.189295477507 283.085055798204 282.591839854337 282.966345240754 282.951468498792
283.091368453335 282.507491479026 283.059026485903 282.783090138501 283.022983011247 282.781847318412 282.926748815144 282.665675365839 282.603852483223 282.681597616865
283.536248642831 282.917351385743 283.677667460248 283.50660736789 283.12483111804 283.318368499797 283.622705545831 283.34144810162 283.212506311942 283.320995165021
284.665651129363 284.633046373491 284.549452993553 284.857393096046 284.691932954014 284.70585477397 284.853879605088 284.635090350328 284.590227478423 284.942209214757
286.302410244132 286.322632146357 286.661465790673 286.527999926809 286.520695555942 286.509962516863 286.71515192604 286.275644960825 286.364555538789 286.282869471531
287.825942865516 287.864195205387 288.135117427346 288.13880934923 288.318445682027 288.122406383909 288.284881812118 287.808179456902 288.038735136918 287.797787382821
288.637931854623 288.797782180895 289.013153530072 289.064212566265 289.278753415382 289.140632978681 289.372714514551 288.745817367334 289.092575622206 288.805404733457
288.804662380622 288.940021167809 289.138113564981 289.025423915876 289.341787949693 289.284648710304 289.222337219932 288.848449545888 289.011229830641 288.736036619083
288.125907356836 288.264356031103 288.399511769107 288.4356843679 288.686718034221 288.485739480507 288.613598939561 288.321339601104 288.398076245919 288.299124260952
286.993712445382 286.997841016367 286.887583982697 287.146939976929 287.413933773633 287.270517935053 287.504381130801 286.986287245464 287.342431584493 287.15048843908
285.471319607129 285.571651485071 285.519113651148 285.655913387805 285.975567570715 285.6315270134 285.969562665346 285.645860892362 286.043277677651 285.47231826007
284.001291110514 284.120592744718 284.104646749139 284.127653842452 284.377197789055 284.114079933538 284.393441657379 284.174731983425 284.430269343362 283.871110365506
283.073385662114 282.983377927458 283.051826520545 282.883912744207 283.190942349788 282.896470631606 283.024303645228 282.967521184882 283.242493795968 283.04264255234
282.623050256392 282.681375115558 282.543908465778 282.549063196926 282.983219487913 282.702490037996 282.772171242999 282.894302725675 282.580073196271 282.606882586249
283.205333427228 283.145062058447 283.270147411223 283.155802432323 283.579785980299 283.612225131736 283.750835366386 283.369361644603 283.45007485098 283.399486652856
284.712410057493 284.611031016098 284.693579582408 284.564683773699 285.197349435713 284.730528937176 284.870460280035 284.597607812863 284.944250165401 284.709955716892
286.420752918086 286.429239248647 286.524251125278 286.273548417012 286.559196456982 286.598164883434 286.363633133478 286.41005618901 286.570527674552 286.377065967251
288.061008580762 287.978235479637 288.032363074151 287.866192339735 288.148854232329 288.295408257978 288.01949472794 288.196366456416 288.261537672687 287.926955950966
289.039391763502 288.91430929537 288.958911850737 288.723412524798 289.002509015475 289.064243788711 288.965487864424 289.236157163358 289.145746018659 288.836850165579
289.158600943063 289.057232576627 289.075147927571 288.715656900244 289.086641703995 289.068955779286 288.969085716405 289.284595592264 289.262269115674 288.880838112287
288.718774883355 288.513838146729 288.52127869575 288.106845066764 288.629072149193 288.508950181557 288.372389955243 288.653958777964 288.56600225786 288.228784019533
287.34783853452 287.171580025615 287.394596996679 286.968113002058 287.267603723997 287.365956628088 287.291565346783 287.542789898141 287.371454378665 286.99300087365
285.941729752984 285.520622553292 285.92280721424 285.731721500262 285.754086360662 285.79735764997 285.627546607157 285.945995761872 285.784014696357 285.734084099973
284.22467088031 284.140103955133 284.513740281717 284.169167810897 284.503182592292 284.384695138918 284.127243211077 284.4279846297 284.636774196371 284.449946920898
283.118240112449 282.85579904306 283.458729396589 283.23481185714 283.166022132718 283.260846706569 283.189539057806 283.501611586775 283.351514162896 283.378080985297
282.777650132318 282.919933886333 282.801876149196 282.743575060267 283.092099664055 283.039048703837 282.821022305341 283.32102702814 282.896368624866 282.791910709514
283.754856807718 283.740892149036 283.342824691006 283.279373208442 283.427106910405 283.460375352818 283.459080456159 283.429843163735 283.664711043477 283.27354875212
284.899512228012 284.963057916879 284.886423408652 284.709090962179 284.520789054201 284.834514945512 284.877582861303 284.773668750748 284.852961973311 284.651997339511
286.743080094208 286.442550490486 286.52526400893 286.504653795686 286.619254292889 286.575390565747 286.558246082076 286.567612857479 286.455218541791 286.5812175553
288.339620227195 287.997782851332 288.134459491198 287.981101928971 288.033452883966 288.325493370804 288.109232736055 288.04953079043 288.102641238666 288.284891616227
289.195196042852 288.864479969495 289.152124302085 288.849294547302 289.046076255595 289.134804893973 289.092468501844 289.092676357395 288.973255806557 289.282941901742
289.306876737668 288.99484752698 289.068470027598 288.863564948921 289.148887212083 289.14437559398 289.106862544379 288.958378829982 288.947872938174 289.33261812988
288.544666315465 288.322551019785 288.386956122422 288.259799350519 288.48176608381 288.371379894546 288.475566539273 288.306290599896 288.422512207094 288.610564588084
287.444316069137 287.200752403353 287.235822549101 286.956463355332 287.358566667906 287.316902702564 287.348134969567 287.121466967033 287.158060788048 287.509421748814
285.845056896832 285.890353010335 285.657385834602 285.606041437364 285.834655566855 285.910256950967 285.955314379605 285.711144512626 285.572868441377 285.899615814471
284.447311517283 284.336956526264 284.430799003022 284.28762327343 284.225431550869 284.373222661727 284.337163813096 284.091177753556 284.048075304006 284.33762800174
283.290760095619 283.242273688048 283.294001312394 283.231652339818 283.183722771056 283.453049153398 283.348878865736 283.03553860205 283.335401316141 283.16855040916
283.056737322069 282.825131032337 282.619163394208 282.884913365465 282.925681513399 282.915666983308 283.000291385328 283.000832634069 282.82397726269 283.051242151229
283.577649176468 283.267334000015 283.451129497381 283.229725634436 283.243818151572 283.377946013016 283.369870836866 283.377867591483 283.634788078503 283.56972114399
284.768417221391 284.582000947131 284.498168373335 284.721113319764 284.667620015975 284.576105086941 284.697009236754 284.836681676132 284.628626666217 284.621229399654
286.63510914828 286.167204696964 286.187829017056 286.538794703147 286.632940269115 286.573314588397 286.698442828266 286.793803127944 286.381180651517 286.484014143667
288.048423085067 287.896561572969 287.726644844526 288.003917144357 288.170668811785 288.089119817174 288.23441596548 288.465008181932 287.796683973667 288.053631970308
288.915359616739 288.835410228225 288.627218612775 289.043360456939 289.230267906382 288.923630812945 289.2759188443 289.420918539093 288.784720619877 288.816378804992
288.958282100483 288.888393487927 288.83384422279 289.06450977006 289.170845528423 289.224151419794 289.301412296102 289.495946200883 288.800317129317 288.987793413766
288.254434426326 288.156145012807 288.283708676542 288.371412869416 288.39394986823 288.391243867156 288.603305295979 288.907391574554 288.27797784988 288.226917460422
287.144126415856 287.170112322269 287.007003696265 287.080856284764 287.320878883596 287.21735239647 287.589930116998 287.722417175193 287.117084194962 287.052348999712
285.62409827328 285.726795250289 285.510327148233 285.715278824847 285.657023657371 285.82811417944 285.758237672004 286.015784355114 285.502412438432 285.568215962594
284.298685396187 284.053207673394 283.992960771976 284.316668823596 284.295791713982 284.186190080609 284.542413531613 284.672202903428 284.301372539182 283.998618676225
283.211931385557 283.246246555606 283.223401349828 283.233424825613 283.014178835531 283.097856016037 283.267518655056 283.037237331362 282.902590847629 282.911768937616
282.99968846095 282.630636458119 282.841470358778 282.556737815812 282.810889741678 282.942397259061 282.865097373999 283.113337415866 282.67309916934 282.818415874373
283.48281192781 283.402914679846 283.294785085832 283.291141498442 283.409392053101 283.746322833054 283.283923225136 283.317502585818 283.218721354816 283.349386424152
284.685064290183 284.724488883745 284.976623194591 284.63727119993 284.835073188762 284.810144909088 284.937660209743 284.764916507194 284.704620829347 284.573909898702
286.300478918166 286.491096560116 286.544805541114 286.454631517183 286.498771458439 286.541250795063 286.637104060158 286.43373644798 286.504547483611 286.366913340091
288.104582047525 288.270890456984 288.120170148534 287.962828169553 287.78313535939 288.183588716839 288.129680052801 288.132377761882 288.135369873712 287.913413467303
289.118965262455 289.24250830166 288.954513541451 289.056001633292 288.813618729337 289.120642501914 289.056066915383 288.860515497835 289.150335007085 288.778736515072
289.003928795642 289.218669650789 289.063144556154 289.029228692546 288.906559644771 289.227085689639 289.086649268912 288.970106538717 289.326417950547 288.857014184357
288.192072838655 288.64095426222 288.372169037571 288.386382822177 288.28092148052 288.521647605503 288.403041082807 288.307736172057 288.53385572405 288.336530855779
287.05213938408 287.447229220209 287.130514016214 287.167078361266 287.147469668758 287.471152072876 287.030029891894 287.166584989007 287.269958173931 287.390123397231
285.595267685335 285.953520444891 285.608233722761 285.743894875491 285.791227904878 285.822137597354 285.560642600387 285.590271837247 285.748094262691 285.849533986587
284.195541202121 284.417112634685 284.386469961091 284.49891127702 284.051157694069 284.192656421347 284.012239882702 284.304866506639 284.347482433116 284.560662302434
283.079892093557 283.257039264333 283.29627263129 283.263435717312 283.095990340824 283.064083423428 283.214981067289 283.227550820716 283.099943427701 282.916052866102
282.785841239886 282.977659766656 283.062940438598 282.984010469992 283.392036859878 282.975975984935 282.871341454049 282.812256152353 282.946246733178 282.872969932348
283.34321638022 283.512717994629 283.320408353757 283.632169724312 283.488933705928 283.370788140302 283.302009434199 283.290512751554 283.270892052165 283.492906299751
284.888624630543 284.871144079827 284.680403380632 285.183000739736 284.798843780187 284.713059927372 284.45414449766 284.683599142517 284.557167750464 284.756434991312
286.48856921521 286.689006679273 286.413695846784 286.663843132909 286.49161732927 286.380894728937 286.450620942627 286.649291933432 286.188733149039 286.631927052439
288.086147570442 288.268356682094 287.999678845617 288.335600014923 288.182242750496 287.895723340466 288.036650554904 288.163461048653 287.749956199746 288.299626831626
289.088768204225 289.331079694421 288.904826237703 289.411200472947 289.314394374466 288.765259773464 288.783570791648 288.958272237372 288.659810176585 289.241866663529
289.136317988214 289.519706364302 288.920046025711 289.642052728696 289.43145681463 288.742005755317 288.92448800458 289.026252856886 288.763351049143 289.41916148693
288.314280727838 288.876245397188 288.175315189287 288.860462566154 288.584477961046 288.07870134097 288.249043677713 288.21997622878 288.080097126912 288.675894178981
287.239734888867 287.551256139365 286.914707518887 287.594289846869 287.44149939105 287.04768864589 287.125510291736 287.024263895539 286.879862672621 287.457906014117
285.650480841791 286.001666390634 285.376739122603 286.004908847987 285.944390779553 285.387628396737 285.551920332655 285.736385889967 285.568224771687 285.854230749805
284.299463575503 284.314794861632 283.814941870252 284.577571707519 284.32412100385 284.218126322828 284.016409131378 284.082353257215 284.220409056407 284.300111037281
283.069201637604 283.115085904024 283.019897950032 283.516431372843 283.470783647084 283.489157353331 282.964576393988 283.241413326049 283.1960056686 282.962987915321
282.95239910222 282.72164787905 282.851998164056 282.987830286732 283.065171983185 282.913206259225 282.672511316372 282.76898548488 282.642788257104 282.343168704916
283.167916535169 283.37154151332 283.33764156774 283.68235117571 283.307015223818 283.465147002533 283.491581506508 283.254536533512 283.291520223467 283.069106030192
284.49792792546 284.464000356805 284.710963190929 284.828412458506 284.758313909854 284.679348015626 284.580766579229 284.51835742087 284.780643527003 284.324237877149
286.322533990102 286.263180522616 286.409227240293 286.440008883662 286.478561901305 286.628661858943 286.413442380217 286.180266138542 286.630146147402 286.335565504029
288.011711226577 287.667310677055 287.942272581975 287.885847509422 288.04509984664 288.269582178711 287.873519419977 287.821231499548 288.152348876616 287.767130817098
288.875443271314 288.573262845583 288.847898059624 288.771376264254 288.937095106882 289.283987695195 288.949908808829 288.656745786576 288.974176590311 288.560403466438
288.97032667951 288.622202090371 288.905245108427 288.881023580943 288.871638437703 289.419348080065 288.941581821988 288.821604824307 289.17360932192 288.755906845972
288.236862664179 288.078861451473 288.20028493298 288.296289354806 288.202998882186 288.740218746233 288.28392115212 288.212379344585 288.50373986896 288.006331859284
286.950584806959 286.962713462299 287.09786691321 287.246746210884 287.019481931831 287.45041079437 287.251370190096 286.929703796963 287.457566340801 286.875167332118
285.604099988281 285.64443960838 285.568879846605 285.596016837826 285.522642644344 286.06214757963 285.584458047223 285.4204144715 286.00688479446 285.423916224086
284.122133512022 284.105003160267 284.242465115018 284.104505289086 284.111294965592 284.42746942947 284.206216501201 283.99128694828 284.335082540447 284.143518551614
282.91409439114 282.783191427345 283.010918066115 283.05949669044 283.276221854694 283.100474750599 283.298965831918 282.783760685231 283.397064630404 283.12131547501
282.647435089728 282.600083352171 282.752202803142 282.877939586671 282.831356115471 282.867667424712 282.648927302288 282.646792683619 283.03859562476 282.893837108331
283.264180225356 283.164238966393 283.458129925731 283.381283293081 283.165469786326 283.443924825901 283.460422949202 283.174132378078 283.678816484359 283.301025875217
284.562515411548 284.437156670688 284.848887735213 284.691195367876 284.542748542153 284.579652135527 284.762013076991 284.451284163144 284.890835523453 284.579747917658
286.248003947783 286.627384211014 286.676338853355 286.221554265043 286.5142841587 286.370585175765 286.566349952244 286.172169384446 286.786826077043 286.456828963521
287.797422968655 288.171579521835 288.209008545534 288.008919903078 288.017440159614 288.075603115358 288.027683733285 287.523927389874 288.272266651185 287.897000255947
288.713064292832 289.031946142354 289.126869183892 289.007173691043 288.773143262637 288.844043533105 289.097011737899 288.473846307868 289.265915002748 288.930295386906
288.911511562192 289.33266879284 289.174381769509 289.188905909502 288.911094187832 288.757642535244 289.308242057843 288.643794776074 289.345250896443 289.037396347957
288.158242974387 288.512278448695 288.572941127808 288.551797634136 288.194573770227 287.931412299282 288.545632251899 287.950456520052 288.691780045176 288.396589039978
287.054273045296 287.33285809641 287.499298842422 287.695276220905 286.899686195248 286.780642314388 287.237385339562 286.937328331253 287.377557520846 287.296490854271
285.554869706303 285.803584900255 286.077688966284 286.10755973044 285.500656305179 285.338395340056 285.90908001249 285.445460818147 285.90712432809 285.672644757696
283.77005192111 284.200530448379 284.366931601107 284.670951565169 284.244792766804 283.997565763349 284.417846215797 283.92311586854 284.392720580761 284.147949840358
283.209361684897 283.167699370098 283.053532699343 283.457045852906 283.360871532378 282.875627134818 283.463905957562 282.993231567256 283.302819884228 283.220800712834
283.119538352763 282.629217568872 282.948904835067 283.071875756044 282.649825774853 282.711645161312 283.030520721293 282.803878511671 283.104201789195 282.875417500929
283.463896671895 283.105067495355 283.347848638138 283.84157278985 283.656430800718 283.072857325471 283.437558707074 283.339211010057 283.532791247054 283.186434390215
284.688510872033 284.751049349681 284.951151343856 285.265000601861 284.715921055075 284.61488368705 284.601285193849 284.827682481162 284.84997477481 284.558964008205
286.585697896021 286.3555463056 286.482412650852 286.958852158496 286.559943130364 286.246701364723 286.600934162556 286.485013967888 286.634477644882 286.314675517094
288.115318418694 287.832818939068 288.226220026432 288.3304275585 288.02224130593 288.030472476085 288.127287270411 288.124543811797 288.012625892414 287.957479892663
289.18530896591 288.580299806483 289.162950972104 289.48130387584 288.962453744377 289.008709721921 289.086584004819 289.180589977465 288.907230646015 288.767708567258
289.297251536063 288.709195309462 289.228715760924 289.535271009393 289.043331444904 288.897881670591 289.192488980638 289.195608083492 289.002219729425 288.751659487031
288.456950142786 288.038135775744 288.667982922105 288.85243773728 288.498524557056 288.261852365007 288.546314720662 288.584273979831 288.266527152757 288.176293566291
287.267800081022 286.925556830184 287.243626369677 287.733259162959 287.313688273395 286.923555866044 287.457337826239 287.43139791524 287.104810722457 286.841466284989
285.841256405677 285.349463011669 285.926543563195 286.09069127834 285.723614793286 285.699416860291 285.763758351868 285.792388475551 285.863381613789 285.441049617825
284.113513936865 283.946108531687 284.041818110801 284.478573591047 284.343933938974 284.093400225981 284.165953797794 284.415054920899 284.285404722616 283.926072554364
283.023867095009 283.149915320645 283.271936583692 283.609405836043 283.370461511923 283.064338574298 283.142623587025 283.206413000135 283.717845908429 282.952882578196
282.560334917029 282.627703667969 282.724094514215 283.174685004578 282.848940928958 282.546346364276 282.914740104276 283.078860725026 283.227935365432 282.40552289213
283.118797428805 283.270658135005 283.217825660027 283.648353326278 283.457402075991 283.041111173261 283.589503742327 283.982708473231 283.735014631883 283.328398846808
284.674601909279 284.835074308554 284.856286764036 284.843838353582 284.82839226796 284.796952226598 284.878542125448 284.883998740778 284.805252995856 284.411196322741
286.422303311137 286.45373001848 286.643232934024 286.61305798171 286.431825121674 286.373226066361 286.546223069887 286.694642509275 286.515604279776 286.422436846037
287.933368141991 287.842635213572 288.344849734623 288.120473535351 287.998248192514 287.842732394797 288.047069073991 288.268313573774 288.03912995994 288.106050778093
288.985282508268 288.833540807037 289.231393157219 289.045315119499 289.031601183577 288.818539168313 288.991924759248 288.992967426337 289.151763405409 289.044417363386
288.88116386396 288.915374954462 289.37786896897 289.173075473532 289.182992353599 288.807869693976 289.047280980117 289.142226052011 289.209119287926 288.992440280564
288.249725756878 288.34555547046 288.812073229669 288.560282592045 288.480324385887 288.255677579637 288.446370273752 288.40617259976 288.504047208089 288.197218447412
286.996713376539 287.087964076812 287.671415006264 287.342918800835 287.162525845689 287.124144875922 287.268905103529 287.166778275347 287.251620995056 287.036095392
285.593750813688 285.667330968061 286.079298750449 285.830673168682 285.877713492216 285.596640898132 285.779258793907 285.909068837684 285.761164206111 285.68183915717
284.205583536704 284.526484442354 284.698586847075 284.353258621773 284.301458441487 284.080730852009 284.062282963958 284.41577868337 283.946339861674 284.026014173401
282.806798468391 283.193170480325 283.521937609528 283.246352743217 283.157947991789 283.233344676442 282.939794894741 283.277553168747 283.381262631898 283.247156227719
282.61494345966 282.633014463723 283.468283215864 282.909711853319 282.648942833024 282.891010557264 282.593903683334 282.741179776729 282.953276275075 282.578851659935
283.149732783231 283.475692400012 283.699673738303 283.304947268428 283.224650054797 283.694975956504 283.420905104238 283.514488803722 283.435925364629 282.958959088473
284.435973709604 284.936233600997 284.836289769476 284.611621457286 284.754203367122 284.791945450266 284.69771967729 284.71803687916 284.948481463703 284.54049734145
286.14605451946 286.546888385544 286.413409180016 286.439510047892 286.402913044754 286.59275740201 286.553120656934 286.660493338218 286.588706089693 286.492585634059
287.515000811626 288.340419079454 288.090008654774 288.02233868603 288.127298962105 288.249804475043 287.909184657268 288.277908253032 288.120937180277 288.127815698178
288.581662904296 289.301779686706 288.783240772037 288.997733541473 289.034027231672 289.168328816796 288.894955967594 289.208247229379 289.067238139759 289.033405242958
288.596336455977 289.343837634169 288.900971438293 289.084048706286 289.070836778162 289.219708650351 289.033992642553 289.327221091529 289.170104008889 289.102838975331
287.918584060288 288.735965541918 288.494342083181 288.380556416911 288.488796193129 288.538391384961 288.390954210167 288.706491701078 288.412323477759 288.426964135511
286.658850026333 287.624110991749 287.085153411333 287.290090794201 287.361665780104 287.272506012629 287.00881434783 287.553096540675 287.0949788891 287.190017829016
285.273246761147 285.95103011182 285.671235756211 285.69344302602 285.757603546799 285.873221634428 285.71402398483 286.037168583444 285.709915322998 285.700438710824
283.86509985731 284.487785207727 284.269220490524 284.230562082932 284.164467935164 284.490814509235 284.194029522993 284.801581415727 284.407688231989 284.093598204293
282.703781639997 283.467767564745 283.589609521721 283.279926115928 283.166221445609 283.209557764232 283.24560854437 283.566191927266 283.057045598992 282.816336678425
282.83065084755 282.85860222952 282.875430813257 283.211169729876 282.801810832321 282.828984974156 282.611604100217 283.134396200293 282.767819596225 282.69336032314
282.943005516429 283.466677483412 283.513969104364 283.578787323332 283.622410858937 283.483438917397 283.408233177919 283.466168123526 283.226224193877 283.148158445433
284.517620839207 284.555039868432 284.871617422393 284.818237581371 284.700997394555 284.919919008539 284.899555113033 284.910064534894 284.592804652312 284.523416335437
286.157009524531 286.587833713397 286.521028523295 286.411663794823 286.52702721275 286.653209887566 286.446705418361 286.753022222309 286.291695294831 286.295478879433
287.780101823207 287.980838349082 288.140709283212 288.122979842669 287.986891800464 288.299168016064 288.057396879889 288.101205882915 288.057732654278 287.881892600502
288.855171518558 288.843446603852 289.065956375556 288.929418719999 288.92766673972 289.177318001639 289.072416084751 288.99507168422 289.061860994747 288.713389934998
288.998740136801 288.877995264818 289.092144076036 288.942533449863 288.994871178154 289.220396008129 289.212061676125 289.146579440234 289.081337878743 288.818000636699
288.378795553722 288.221249969215 288.44244687919 288.232908702403 288.379512902438 288.553257668935 288.474132448355 288.630463868501 288.384038723984 288.154072144348
287.258433723852 287.005178483123 287.18249192015 287.132921318408 287.129579945227 287.330475553012 287.33378988805 287.272709548397 287.109465628527 286.992719375721
285.863551219996 285.629560806409 285.814871774367 285.494230522392 285.681387809113 285.875764667012 286.010602754097 285.845853674305 285.64717024173 285.636428867243
284.252047075549 283.986292244797 284.385317179285 284.243120101372 283.874402486838 284.482041395577 284.384907194926 284.419887288428 284.047368636462 284.226175510434
283.145365707563 283.459845718021 283.155581627313 283.092198410737 283.079716574242 283.441092029244 283.10692699857 283.566461148083 282.949925079635 283.039872726438
282.976318513784 282.839133089523 282.857587804259 282.936512550522 282.584716868716 283.026122799921 283.038478597746 283.053525159958 282.516635966358 282.729942965794
283.222291027051 283.364907318577 283.499161980101 283.521327701266 283.155499791415 283.542627740006 283.48670836026 283.803794577607 283.03609006762 283.265572595721
284.711738437206 284.720060625029 284.50056991586 284.841449756927 284.549247733695 285.010731554989 284.778500802706 284.746546176936 284.514695220843 284.688255185809
286.479581929514 286.389149322259 286.436033820668 286.588874661863 286.464474156623 286.553561590492 286.329362451338 286.426434781936 286.602081663708 286.363948833767
287.91684284785 288.120475482897 288.023999443327 288.065056834007 287.793815956379 288.233684217971 287.931795741312 288.085414910858 288.104107342923 287.855622137321
288.837397010643 289.127707162286 289.028684594288 289.090788885967 288.732855198204 289.262371994008 288.900803516705 289.020410175454 289.079242908625 288.830698428296
288.953138462779 289.054171245383 289.083307352652 289.008319477865 288.874655850667 289.399117027146 288.953511956053 288.936581543642 289.07911680793 289.01867560577
288.217008446535 288.346326928801 288.443337928881 288.354509941631 288.344638724526 288.722436563265 288.359840896387 288.396073522199 288.567088747379 288.319678675184
287.229884525627 287.006248312944 287.300305523757 287.15619102553 287.236444596322 287.46472772824 287.191412790604 287.028664910937 287.348693554676 286.942864428017
285.581343325866 285.344491656831 285.755950226344 285.641320089099 285.582251475373 285.74870748231 285.878646268967 285.785358235392 285.917416294117 285.555356354292
284.188182208915 284.143031185078 284.210926232368 284.309895433605 284.124837008554 283.796689747269 284.382309901539 284.167225351355 284.534320883002 284.151018543481
283.300423057731 282.83090628968 283.3599756786 283.212046232413 283.491722861451 283.371561576215 283.20436016992 283.10010818016 283.357698470162 283.013860313271
282.970741089111 282.709899012006 282.864286552038 282.943075676548 283.085201843072 282.942605015176 282.89996680545 283.039171776709 282.91203055169 282.704134403912
283.534232022297 283.432426348419 283.596874552525 283.312682483555 283.364882296853 283.105087787403 283.381053735521 283.843304941278 283.679015014652 283.313517069711
284.715337211131 284.727945699355 284.844070010492 284.784180538727 284.824301880325 284.578815578457 284.738143957488 284.882765032473 284.77665505134 284.652446739084
286.847204428129 286.529849649396 286.278038617092 286.40133401285 286.514531375135 286.44778452003 286.5813924717 286.740245777362 286.508429596765 286.23958207372
288.235798627956 288.125625902209 287.89264981692 287.993168408114 288.198542240808 288.017240165815 288.094008020844 288.102861677125 287.972371941963 287.841312926957
289.247186690915 289.177520035404 288.906325880745 288.871701551253 289.240954228802 289.101097771908 289.060597879222 289.04723430717 289.017839257116 288.785924857271
289.437299180991 289.173047815178 288.999347311436 288.978897688236 289.336265056511 289.058008195945 289.117548515081 289.148618924262 289.102603279048 288.795707254598
288.664722016931 288.580698656609 288.229812304205 288.313376603602 288.606027985412 288.383176194708 288.396890126128 288.677111893245 288.463831129952 288.141262403166
287.505535541947 287.353342249336 287.176564662705 287.174494250751 287.2953422645 286.952722022287 287.464058787443 287.653563670022 287.125464567959 286.866358766638
286.2945093212 285.612890237217 285.498804098525 285.733105299207 285.742814698857 285.609391966139 286.020409650415 285.811583062391 285.654666066176 285.386925696227
284.568797787167 284.173238869484 284.174752832519 284.11417815247 284.245209045665 283.842954408699 284.529653577059 284.327218332571 284.089818123557 283.996238204019
283.565897477757 283.228669001289 283.424026972787 283.134292778361 283.25359237373 282.7486111758 283.146814450126 283.256572546645 282.97907735742 283.004380598341
283.301545437406 282.39448258059 282.966200218521 282.748728521873 282.701130976975 282.509156005984 282.987786336646 282.967630667799 282.545790203101 282.549860854117
283.635819125654 282.981377801142 283.344610910858 283.487085300879 283.485222092519 283.173529169783 283.331520484667 283.473582152204 283.301230368198 283.202546719967
284.785043756795 284.852537728323 284.766219231378 285.017497919655 284.78016314331 284.613235906452 284.567006490715 285.001467938367 284.472538750498 284.691214222527
286.618965616967 286.409876997639 286.594618317151 286.629110509965 286.265099749577 286.21936525356 286.619522048509 286.826926440926 286.258798328218 286.369599855442
288.144511710012 288.07737134816 288.140280742625 288.415618292392 287.927930065667 287.726487692161 288.208828751052 288.237241868176 287.775021977886 287.911848240414
289.274651009701 289.134194557385 289.060933118863 289.306935520286 288.801310929066 288.627592864256 289.148526681183 289.182390425619 288.551793495873 289.100770823255
289.082292556499 289.05543237774 289.154918445021 289.293169258896 288.823894450904 288.777700726991 289.26103867667 289.299820261096 288.655982483593 289.178150624943
288.52548336611 288.312992679854 288.544452736183 288.552761088755 288.15379730441 288.05773184796 288.602526661954 288.814953670547 287.934661702472 288.396106871148
287.39869530952 287.10944087631 287.368622396045 287.312854345113 286.918438447499 286.787142999131 287.497901086747 287.715676188034 286.840416139899 287.23151730671
285.739831032743 285.628232181602 285.785579863346 285.848104290166 285.659548011762 285.459295906734 286.00583945007 285.960640506555 285.279694559868 285.595637891342
284.198523978058 284.230468969967 284.513147382031 284.534698773422 284.189883245689 283.752756289296 284.371797965356 284.343567788238 284.076019606262 284.230859742509
283.0774448788 283.152389347359 283.47393015637 283.231760319661 283.027479018023 282.813548434186 283.503842329911 283.365115592906 282.950295786119 283.091815473917
282.802627937731 282.542015212493 283.075475160975 283.174414926172 282.639450705859 282.693417481096 283.132941817192 283.094094478572 282.756899958011 282.571076898281
283.728520053009 283.465235765815 283.424652887502 283.756500995662 283.195570054094 283.241137055946 283.343144217466 283.273334700943 283.049407189087 283.455720301745
284.923640954792 284.693084918515 284.653408679146 285.048318898246 284.458389302918 284.504308643921 284.502210613101 284.621633724936 284.589212243569 284.719809184815
286.431994760792 286.541722632653 286.496408768461 286.488616122291 286.329943342756 286.163088773613 286.418015712634 286.493969562079 286.434332840093 286.498481712789
288.023729648872 288.127844418871 287.939341068352 288.014008287271 287.94724945914 287.942562386721 287.809224629409 287.995654512021 288.108046309886 287.91112991109
