289.76559134645 289.788151079957 289.811346973131 289.81123855789 289.816210418087 289.736634113893 289.715249914244 289.831270217139 289.81254255201 289.778705276576
289.948635550353 289.842850072727 290.000622639674 289.923872796751 289.921736087926 289.747940533655 289.837836944321 289.966824345658 289.87497034258 290.030571130832
289.304046372689 289.324334379906 289.292960421675 289.268248596405 289.328301327002 289.276199214386 289.306808387212 289.363272795883 289.465328348399 289.358561285421
288.186604032742 288.118801162656 288.179820759036 288.311327838595 288.208856615309 288.149828025121 288.145752811395 287.98172969089 288.181322090032 288.166075788614
286.537512639003 286.478707616168 286.747710878397 286.437400578677 286.717054313169 286.480576506058 286.436849346165 286.630616107247 286.593374789697 286.643274738657
285.231331147953 285.187503968922 285.050972779873 284.922878468906 285.304604372865 284.975462047532 284.797000783547 285.301992046373 284.946341862168 285.010549091367
284.154480570484 284.241669005237 284.395820412835 283.846231566599 284.158337539028 283.789875797991 283.925507128634 284.114017967385 283.930438803197 283.917423909591
283.83243851297 283.672538636656 283.810699874619 283.460102847391 283.717395567715 283.540391348347 283.281015222032 283.957817490113 283.64295049923 283.65804705277
284.493253246274 284.016644647144 284.090500722943 284.133824117429 284.365311742322 284.296339107838 283.933397802013 284.298378775385 284.045979324227 284.314157599305
285.125680833767 285.244784847476 285.436215517709 285.423705723732 285.547095996871 285.454338875774 285.247509777591 285.295993690922 285.304398634887 285.555448406438
287.06971444442 287.169679575768 287.118875059529 287.13510755988 287.300571421775 287.070687301148 287.137272238575 287.092798780926 287.095903964526 287.206256517363
288.494107164211 288.601245675544 288.602709725996 288.607057620439 288.834783891665 288.451585503071 288.390772319289 288.567971548355 288.793177574142 288.638153338927
289.565037079976 289.628218205918 289.579264240277 289.518223422617 289.909318607699 289.231836792672 289.20995830114 289.566959237949 289.65373249737 289.522331958333
289.694722530446 289.775022263089 289.687186488137 289.64176666403 289.91641829505 289.353543080632 289.3899295294 289.603306708078 289.818363321802 289.555893818371
289.10078048785 288.988655919778 288.994348793828 289.058489729252 289.309702792134 288.719133419141 288.741945149127 288.875231767223 289.212984329247 289.077717886641
287.889835353511 288.00539098513 287.931261392412 287.79327835713 287.943483435287 287.622539430953 287.650640689456 287.956794819039 288.05799692006 287.876591888794
286.256261699561 286.36097973246 286.190117608391 286.264360463154 286.510430396455 286.048367413835 286.297068974511 286.223174892107 286.71119740085 286.312904555561
284.589635521222 285.054839413905 284.633869829414 284.911771801146 285.106964839372 284.612430890484 284.730604668785 284.746838810702 285.176671261865 284.77601958702
283.708780600438 284.026044892374 283.813630086027 283.972789901713 283.944035985186 283.479367580092 283.856930621415 283.881304228333 283.907469591775 283.899747960946
283.223085741916 283.394755222845 283.489660616684 283.532294572522 283.550555155602 283.254271863286 283.455741916102 283.764819440452 283.441632728708 283.515635852237
284.055210293148 284.108424813856 283.671680367804 283.869032230454 283.801478182838 284.103969862469 284.002753193837 284.030466046126 284.0727319431 284.170388918792
285.168547290056 285.210931799713 284.949233854816 285.127858045931 285.033842704491 285.299471138982 285.572969634663 285.342989032538 285.43523698054 285.267546910145
286.709412492005 287.069819147591 286.994073584057 286.670098694171 286.726870483105 286.985281254805 286.736463022778 286.870833851861 287.063696940611 286.926472780762
288.087961918067 288.514439312182 288.425577068026 288.164085466748 288.169956950916 288.301184524428 288.36258581075 288.366341820043 288.552702234603 288.42839672078
288.954349611599 289.281099731482 289.191083157324 289.156093427999 288.987604985374 289.270506709874 289.375819335625 289.224873102012 289.450594334912 289.425802443436
289.102925027535 289.275650763449 289.307593418294 289.248608789572 289.036736209079 289.279384307397 289.297477302676 289.348544262413 289.373122625077 289.485038265479
288.266995055652 288.61778914165 288.662522544292 288.639066156152 288.358885894565 288.853021264917 288.838272852075 288.612821283052 288.900752091211 288.716643726838
287.099374805266 287.477032263766 287.628951157204 287.543277436118 287.289241462111 287.666175748737 287.630767336876 287.491403089594 287.76829664552 287.686281290342
285.778170229297 286.140024674281 285.974618775199 286.203539791607 285.650737885037 286.239731447227 286.093338335896 286.125906281399 286.250086688723 286.073643730232
284.153727614473 284.564811995733 284.613695731346 284.800046561346 284.439594437701 284.570003100848 284.533763200315 284.451661546562 284.795941564824 284.743635469636
283.272802303124 283.391748463518 283.608510654589 283.650460897755 283.266139249179 283.599937630782 283.667060684664 283.402263547806 283.951488855962 283.387131106332
283.246180156377 283.148605119792 283.032958870805 283.466554244871 283.408778149819 283.236396845628 283.259952175963 283.080986324399 283.283803607416 283.240405140544
283.666278749493 283.861148084208 283.501662623374 283.751723167955 283.727270524967 283.949604736452 283.963562234956 283.823203481638 283.839507744244 284.049129985643
285.21738219802 285.395981109343 284.973489079016 285.069406631864 284.754049954592 284.975277054368 284.899475236757 284.944820629399 285.113302124769 285.246583583682
286.82767828872 286.721712519519 286.602736541061 286.664278112276 286.564299118619 286.640031031477 286.419488223766 286.679596465207 286.858485364392 286.780305327587
288.256042356633 288.144022147776 288.26184734987 288.231843514692 288.017544474875 288.007308726591 288.045734167361 288.140909072119 288.340645364121 288.251695960172
289.049547808642 288.953259837631 289.186529945113 289.09630971888 288.95628331768 288.923928680417 288.984531571674 289.000403003551 289.258131996178 289.073449672128
289.101399460308 289.103801419563 289.347144759129 289.261217845855 289.139425047592 288.971862017918 289.095167197908 288.99058797497 289.196115485588 289.076263625799
288.716155354831 288.410048013004 288.71469810008 288.658517770586 288.613212403126 288.353911870459 288.431568512692 288.38385834053 288.615038543365 288.370620400274
287.384413333838 287.315772375987 287.496080544027 287.488185332237 287.378343188192 287.183473799123 287.204495382796 287.110209678805 287.518276688522 287.391749942007
285.877893978142 285.945770906148 286.173791025509 286.052152091673 285.813382112072 285.800057278646 285.773888277733 285.741020858544 285.896475025978 285.791145999605
284.364845280946 284.211942688104 284.792600443711 284.710880871916 284.605464564653 284.33190973747 284.440015599364 284.377268220283 284.432406246936 284.024547358022
283.594896069157 283.208036893086 283.878150010242 284.046499202519 283.576348975735 283.603607514281 283.299961011733 283.216549980333 283.258375282063 283.367901626186
283.350905736459 283.153185900192 283.205513147792 283.552718960725 283.250496074745 283.451779679815 282.975314198423 282.848243249218 283.410271302249 283.466773578209
283.865678784057 283.597654658785 284.085829544492 284.044663367053 283.75986631415 283.886167914044 283.657317326337 283.56192088291 283.784739075106 283.822144528814
285.209642304373 285.089795374479 285.274739801433 285.171949845445 284.869619384719 285.180899286196 285.050155800232 285.135523951954 285.179724061055 284.921385631359
286.739174970701 286.734038872912 286.838711963427 286.864594749041 286.73460153452 286.750814108099 286.598323203014 286.695273515238 286.728600718516 286.672294324092
288.05781991835 288.264537306907 288.479326755351 288.215585940535 288.199071618401 288.234278543628 288.278578051016 288.238683742251 288.285585011923 288.309405933295
288.921244459672 289.117463069873 289.384929900832 289.323239816126 289.071376003371 289.132094184256 289.084472523163 289.24934130337 289.196481360938 289.088737025371
288.945611702082 289.140347622717 289.439967359173 289.31585636728 289.260221664814 289.223456805951 289.233906211417 289.303838400074 289.145131166406 289.307406533836
288.337040834398 288.538759949751 288.797190372914 288.634330371134 288.672661259952 288.604572372075 288.749613415313 288.663524546156 288.543528792082 288.704514060775
287.176881182428 287.372433579092 287.663723385167 287.717471034115 287.632281800846 287.485720847183 287.552660002543 287.417332724633 287.450740326476 287.40022800146
285.715144618889 285.960010353635 286.136291293003 286.188732544575 286.279946742764 286.230559955369 285.996321853209 285.884781896377 285.847820053964 285.915880934508
284.18477653577 284.427089333623 284.761995310686 284.750517718185 284.708887820013 284.792174686512 284.810098059434 284.632479980364 284.30865398702 284.418518835975
283.447477597591 283.57110381209 283.531312644591 283.506105059902 283.740484896566 283.870938879707 283.838856341026 283.644191591754 283.641570757463 283.588453389996
283.039947185759 283.134932386082 283.56884419406 283.406929430571 283.382537858475 283.644959468053 283.535627530329 283.224860036995 283.265243435325 283.186446891013
283.548413672752 283.686540998409 283.963350431666 283.798082251642 283.831603943469 284.003408871294 283.928988766331 284.051904345334 283.660787132675 283.863879753715
284.812860562728 285.113425642119 285.184347476078 285.141814666733 285.03447026195 285.306340061727 285.030803347136 285.283005292216 285.06679195819 285.020561273401
286.43652084162 286.725118567287 286.884527770589 286.788829845405 286.741053167948 287.01921419996 286.698220107234 286.8042407721 286.863871355175 286.681213354449
288.122042463319 288.0737387975 288.439702297441 288.225433960565 288.274912994868 288.616489975704 288.278954051442 288.297019490802 288.399982952898 288.231890292754
288.945265769644 288.918977217063 289.344473088306 289.205901248068 289.222695757717 289.453706883658 289.139166103238 289.255609654617 289.208815188474 289.120215797529
288.988461786259 289.151434964711 289.541302087649 289.473959598675 289.193999863029 289.457918638012 289.12696251647 289.423114553194 289.447326989259 289.175864911782
288.476894522416 288.436983553749 288.938128845159 288.893778781603 288.619039435661 288.883378444225 288.654386101798 288.92086018127 288.767369945751 288.617019606726
287.388148358381 287.253186550479 287.974196414178 287.541437382696 287.606007266695 287.878199558989 287.428916053304 287.758086675064 287.639493004731 287.435796482943
285.929441069144 285.79190228186 286.347823965918 286.240189149455 286.076760000486 285.982622930935 286.110093253558 286.478016433886 286.228009269406 285.83895374441
284.518729454521 284.330850098162 285.118226718087 284.778721003855 284.639795537967 284.5618652908 284.753899175795 284.738656238003 284.515778965744 284.522648731762
283.729498980969 283.371304840134 283.853929319344 283.963537780559 283.618515314653 283.388771501099 283.701764162812 283.760310211393 283.93961238886 283.655675988344
283.026531046924 283.252069649229 283.498661738042 283.508359857599 283.534710174733 283.338934784535 283.41087158373 283.613066507646 283.454237470885 283.166584286787
283.713636687323 283.69586776589 283.760114400498 284.256738261299 284.033119605127 284.004781623732 283.930976483489 283.78766967048 283.895902542961 283.799637215679
284.857052251726 284.97504414404 284.980213896277 285.309075630506 285.109773736488 285.147901010092 285.223910411955 285.266178822265 285.160144426706 285.023949290477
286.626412713479 286.64048572783 286.917386287513 286.918650523071 287.037439103507 286.923858311451 286.993987387375 286.802308338605 287.015187069133 286.899725804253
288.061336469185 287.988370045778 288.385453298063 288.573064164739 288.522695712986 288.370308415267 288.393770543287 288.438150106768 288.470942303536 288.477810812174
289.236419651101 289.132044526589 289.340426712457 289.505744813133 289.543257422701 289.323686522648 289.450037811563 289.452298238962 289.495389355069 289.434527008177
289.485538305688 289.354903063275 289.326892656821 289.49182220581 289.675400632775 289.36827131139 289.545830373662 289.552193152949 289.492627157089 289.708826818045
288.934679287806 288.74529932437 288.65627372516 288.795688167385 289.12965272619 288.820783891225 288.952233900358 288.70098183057 288.871035202512 289.083244400899
287.759051894826 287.538101801118 287.540742646918 287.659888468858 287.966337120884 287.737787314305 287.966671384574 287.73690539453 287.689091828702 287.918058025035
286.361999596788 286.129231217879 285.832485129009 286.324649633235 286.503929982799 286.263035353002 286.563198854751 286.137128113211 286.581201786185 286.407574099483
284.582082586655 284.803445559522 284.468094336533 284.778730374124 285.082968472552 284.788081831111 284.997649155242 284.565266535918 284.849810903967 284.843922415103
283.41028117631 283.595356666962 283.364212345358 283.634942592952 283.917946141347 283.536047234307 284.035164637581 283.997183943782 284.072028127626 283.929576798147
283.449533459811 283.272253878888 283.208279057114 283.498753619531 283.765207597456 283.198770209748 283.486026892542 283.657514370175 283.753392199221 283.555655347927
283.630014698677 283.831123371446 283.582593502742 284.013687411124 283.965781653811 284.154591070074 284.226862902324 283.77887046923 284.504445985893 283.784679092767
284.954431469589 285.321287159764 284.742688139537 285.244048462864 285.310580205235 285.316451597887 285.402087115515 284.825412369538 285.551361231982 285.092799890879
286.765373268672 287.086613895309 286.724307808053 286.785562949644 286.716600049551 286.85046382423 287.14385729698 286.632874210352 287.377665872685 286.824001322504
288.375514609401 288.529995216669 288.195694862902 288.167240355674 288.273428389482 288.461999275667 288.648433964863 288.209142738279 288.918952592459 288.393782486597
289.308097390743 289.588875757966 289.242439323149 289.163961493466 289.171091985305 289.502562923974 289.798123634891 289.099500962008 289.851067858929 289.441019991169
289.365724326601 289.646586324853 289.291919643507 289.344038286744 289.319062627729 289.677460392252 289.746530379982 289.194137164157 289.92891531709 289.469549137381
288.726715902271 288.836617931482 288.70426174005 288.575104039548 288.828052738157 289.185886683823 289.176967885596 288.799306473475 289.403001703567 288.890888001607
287.683566492257 287.730883428725 287.594316900711 287.681329314089 287.816532374877 287.988134392887 287.974335719953 287.584489436347 288.337496572703 287.595422504612
286.127489317201 286.354677443057 286.265928026026 286.260569264027 286.430788028793 286.618053043229 286.40195890674 286.045332439908 286.785747763043 286.433143645994
284.579273059687 284.889645063973 284.480382474437 284.884876429817 285.0001162284 284.943982402972 284.85542751565 284.759191787566 285.301227050275 284.854635591841
283.677035286618 283.593894415555 283.644911275742 284.107938610821 283.706485312676 284.148605434375 283.749765440596 283.829109310504 283.955627192151 283.630939575979
283.506725244823 283.419693262126 283.172477373473 283.573144379398 283.484869474526 283.971245490457 283.57268851252 283.571996120431 283.611655406134 283.403523129839
283.67371923017 283.683196470746 283.731353750763 284.148500846391 283.922455433028 284.062509208757 283.871359709328 283.709214601067 284.049317355647 283.870927135444
285.182622165675 285.117275563805 285.023243812849 285.454655301924 285.060907204632 285.608545790832 285.159675909118 285.064314118804 285.099954116457 285.418618340005
286.868992393498 286.710273721278 287.004319543835 287.276122531233 287.035713917715 287.187895423785 286.553951020772 286.741039224308 286.96606842961 287.262543347329
288.179561246838 288.140784609246 288.571644478011 288.812620895039 288.581427020942 288.757418012629 288.017194598751 288.33408166521 288.424168025468 288.712914590225
289.099381177023 289.119048178805 289.52677571718 289.742187650029 289.580872460971 289.841194277697 288.973117320122 289.225644096035 289.195024659074 289.762744396479
289.322929804052 289.283271849444 289.664615665411 289.905929286094 289.638334122019 289.979703893053 289.106147879302 289.471542724435 289.270446568464 289.770438285084
288.715272964083 288.649502172799 289.138547206708 289.278518122588 288.92226397959 289.245373054695 288.416271903758 288.692700240195 288.617382551352 289.177238623344
287.671838153034 287.650593484913 287.933969665802 288.232944278554 287.810248186322 288.136701573295 287.305963142803 287.535509154457 287.722264866201 287.980088742878
286.33785725968 286.185327821336 286.773600567547 286.559781365926 286.474667433667 286.925914481134 286.021402733638 286.235750177176 286.010531464792 286.484030574575
285.039827063354 284.744827935066 284.933821768693 284.993085523053 284.828833299033 285.100305253156 284.406720639382 284.645810189565 284.479503992664 284.963706635823
283.819719430199 283.933395821879 284.104487211897 284.279819604544 283.792699855492 284.094493247352 283.839595804952 283.526546102712 283.709902408045 283.941491624204
283.687501776045 283.716641253143 283.369853296714 283.788397906835 283.316448650506 283.569086230929 283.371343844947 283.315512664973 283.311725699695 283.432043021757
284.03750921953 283.958621293765 284.02288743727 284.169889293932 283.965348252055 284.325050287279 283.823426112984 283.793069779361 283.906106605613 284.100795512039
285.150204560629 285.299651606421 285.387055364073 285.527291961862 285.273374238106 285.517276392907 284.916910424188 285.215302415241 285.270368565821 285.470532280593
286.857621142896 287.016425271626 287.135264286481 287.312929874001 286.986557347873 287.053031770225 286.760079461258 287.107514619099 286.749915337879 287.12853258889
288.404179622194 288.659504137224 288.510920408974 288.710002101098 288.254088251525 288.498739053334 288.585093262665 288.574761669002 288.330372175569 288.582895055922
289.311025125184 289.636911979382 289.429171166747 289.694618564916 289.194402878323 289.346886342707 289.415662170554 289.580730045501 289.173963463568 289.565944519853
289.428691691253 289.644094410988 289.409471974468 289.681707000482 289.231044934693 289.463049376033 289.593818000826 289.560646565129 289.318193230942 289.556616414355
288.760832173006 288.860924778583 288.77638454248 289.045418878606 288.573752382284 288.893441502104 288.955706399893 289.087759270359 288.695228019833 288.974851064799
287.761402948991 287.716175361747 287.60986889385 287.905243850262 287.578785573265 287.762710289225 287.629281843909 288.17682473992 287.643847427341 287.965422691552
286.133804149447 286.307024757276 286.335200513752 286.431025866796 286.179624399006 286.481846624531 286.283899320775 286.627374913728 286.13278720059 286.194537317297
284.843790103672 284.449538684529 284.799974334776 285.205998393185 284.797099878262 284.999164902497 284.540460413119 284.931693157289 284.414798135459 284.861075837318
283.873079561759 283.407440978622 283.806461284356 284.134402918609 283.663582606278 283.884002848706 283.820918175674 284.048058673551 283.53218821598 283.843090233874
283.322980304005 283.335384091268 283.625049379567 283.748439848533 283.488073464108 283.734389761559 283.373759600793 283.590927808955 283.181064488634 283.590803341868
284.033133565504 283.967062165072 283.73917222373 284.217524934059 283.931672140643 284.237201228449 283.814500259951 284.103796211778 283.773794138036 283.777108981935
285.172623150877 285.043709205229 284.934566604028 285.330799355855 285.225042502646 285.527676181213 285.058230154707 285.321779694595 285.117175286192 285.09529989
287.02459711642 286.973951497744 286.78646660227 286.977278202626 286.890421639221 287.112947666465 286.892087686794 286.945801954043 286.707661751923 286.857050291753
288.626527271238 288.354610804576 288.337448685715 288.324741321849 288.571444037349 288.597443630527 288.40813272032 288.612310138828 287.993033723316 288.281181270556
289.770394239275 289.185630348887 289.264532765583 289.192646714524 289.653240466305 289.31999549939 289.249743313725 289.505344220181 289.00560169651 289.119891464619
289.87730122156 289.372924144239 289.464098288954 289.508869009744 289.786923297451 289.371787533697 289.369638696912 289.623196497921 289.183620606688 289.273071138944
289.014303568596 288.798702744391 288.799527435988 288.819402586926 289.27754587268 288.886281604086 288.897903162707 288.988077364861 288.554741173562 288.595380480125
287.929956353214 287.704486362353 287.831438076974 287.608411711694 288.229214122323 287.687382375568 287.655116698624 287.777825686708 287.470968245087 287.233203379338
286.477413843149 286.145904582025 286.296987833424 286.225944593199 286.704057823972 286.196885520536 286.093716509349 286.212130035749 285.749985261249 285.820880893278
284.936975187063 284.630467459204 284.852918934061 284.890947801168 285.227268018917 284.896379461143 284.678971477629 284.819648191739 284.51839744373 284.598513558344
284.036276088433 283.670519389216 283.852417270331 283.959941615661 284.293197959732 283.739840014714 283.809773296819 283.828155211124 283.719512050528 283.697449189924
283.576158431396 283.284492549153 283.528031432344 283.793462182523 283.762784044001 283.204300807505 283.301630747084 283.349002583122 283.161250064583 283.539704472118
284.162553911163 283.702336711274 283.669043568249 284.257202302092 284.091106010841 283.801725670516 284.138564575519 283.807087220145 283.923690360359 283.671462911115
285.220290195039 285.041776405257 284.928173201303 285.260008213305 285.438266878311 285.014970849256 285.19770895489 285.036587048541 285.229734958867 284.915378516917
287.018576264367 286.575383627656 286.667155886004 286.846561996029 287.100117586813 286.501163115797 286.880220306603 286.542672835287 286.812682019327 286.607625075806
288.572822423422 288.197735496587 288.267415577979 288.573475707448 288.471044360118 288.226503429997 288.247851285922 288.075569023318 288.247911188518 288.070360291783
289.398843417982 289.248600458708 289.22159830729 289.57328160155 289.333488481001 289.275959459028 289.145166658907 289.040946789893 289.154583382178 289.011093827598
289.620949604979 289.507781369059 289.214418270254 289.700938290599 289.392801331322 289.514923954334 289.351565893435 289.197172347504 289.291099559904 289.119948538083
288.866440504571 288.980271941473 288.582640858924 289.054724122163 288.821225389632 288.747719928029 288.710702360004 288.520081363926 288.67439600665 288.426211831466
287.761472678187 287.62657157628 287.389395784145 287.931192114261 287.682987453708 287.788476881695 287.588206694248 287.518419600451 287.609477652404 287.324896675901
286.367197063097 286.209487843979 285.989997237128 286.43504905637 286.228008735295 286.25956316791 286.124863935112 285.969339854846 286.096610964321 285.860531688772
284.671015303429 284.528710061823 284.447491261769 284.85261112558 284.642001034452 284.682635907264 284.329245557856 284.520374460628 284.744689660301 284.18483853223
283.894906472857 283.694278758619 283.265029517102 283.850985860314 283.636721361544 283.737915929214 283.774395950947 283.528286847179 283.422433451314 283.308634713142
283.468648711846 283.126269817448 283.107831018009 283.530817873843 283.472820162054 283.283985639589 283.355919504154 283.348914294261 283.491839720495 283.118967557224
283.763356495986 284.04227898142 283.893608433855 284.107103748168 284.131206569565 283.793878833036 283.839314134264 283.906684417012 283.734659050139 283.556305161465
285.247253008864 285.292009760853 285.19510699765 285.219101528866 285.02029641336 284.942521259819 284.934128574738 285.248571596838 284.926103966997 285.101265633306
286.600015569823 286.931149254527 286.651548204655 286.834293863922 286.944415771019 286.530145944825 286.693237704206 286.933868468765 286.485667158051 286.966812882816
288.161477995582 288.444311160986 288.374339330453 288.328573797048 288.475097903786 288.286011134147 288.254463867683 288.453091140198 288.152742476166 288.365525197059
289.163477047575 289.398022152974 289.341465896773 289.195201988748 289.350473462223 289.315198635468 289.127874327388 289.571734536553 288.928297484715 289.438320131073
289.227484837502 289.553732261326 289.486373073718 289.397968132042 289.226022701432 289.423324599555 289.295143060778 289.593701989151 289.246416493021 289.539531382604
288.749820287408 288.973482912411 288.928900532073 288.813161246921 288.568136389083 289.016784091658 288.604469119828 289.042996750659 288.691950394413 288.986959269956
287.600485133295 287.889636929162 287.748343785557 287.743658226503 287.536758910401 287.884731828219 287.527001577447 287.8819368099 287.511500079808 287.776985360223
286.201012928231 286.437223728165 286.329950873245 286.178242073209 286.244066610922 286.139264255748 286.208932552338 286.443330575689 285.94875621795 286.363848023474
284.80479436842 285.045556852 284.817578066511 284.835429429789 284.444274609152 284.702416762822 284.439644667327 284.952472511799 284.439698592065 284.907736562971
283.467462187455 284.096410013836 283.768876424899 283.837795019133 283.533074634347 283.502793577987 283.633532628547 283.708721040607 283.428491520291 283.633696795745
283.585774339895 283.667584539199 283.61958812961 283.491854427462 283.457054860032 283.302674769322 283.201374266825 283.608874579927 283.389229425987 283.571795786763
283.915828644082 283.834507153275 284.023696479716 283.915544933764 283.901820231849 283.745399239428 283.797265466514 283.844009682348 283.864119807526 284.099110097205
284.995738171908 284.963878122173 284.929620356876 285.114023425694 285.037713897526 285.110951928607 285.357232203204 285.225127805294 285.118538220047 285.145022651567
286.731773304722 286.704401241328 286.561160254786 286.691888705381 286.756530983431 286.946460929338 286.969271209415 286.816464174766 287.003358619351 286.867381329853
288.395510168359 288.088570035011 288.175701396835 288.304618034269 288.246726985994 288.441331924926 288.365923948516 288.314198099009 288.42252497885 288.610296326109
289.312002109661 288.969448733603 289.088463921033 289.277938749372 289.073417066728 289.322781487165 289.316369283607 289.156341194021 289.537592009168 289.650973233765
289.391440049199 289.142056761486 289.052960014345 289.359320717987 289.108047730068 289.203484736194 289.414717431159 289.291038107264 289.616441177289 289.657035693183
288.786357773667 288.539963828344 288.560661122951 288.858978398614 288.512935857285 288.679249258339 288.798012954624 288.813935539406 288.934747979899 289.197238037731
287.73248137759 287.539271178562 287.466491914096 287.518979256758 287.46659105817 287.573771509851 287.64378610254 287.632873130313 287.843981159574 288.075432487889
286.192780394108 286.019102711093 286.057449049523 286.226442846016 286.118376045949 286.06746606393 286.318593061335 286.238527030212 286.428436593218 286.591603366027
284.777747472146 284.578557129875 284.355611672303 284.711989084198 284.622198067207 284.525077633313 284.799530249355 284.930280080693 285.227048154442 285.316192753128
283.636223345814 283.740699539875 283.483313213615 283.674494730284 283.919705083232 283.592408735624 283.814736349493 284.052639552773 284.085036245481 284.128260382612
283.501518940725 283.348105263197 283.106250096271 283.2398606376 283.609799495239 283.415668409312 283.644631915933 283.686283130879 283.487472635329 283.877022022301
283.778128421725 283.824648211617 283.698568926516 283.951563159403 284.251580523586 284.00666465014 284.01702547245 284.142631680506 283.899158609385 284.344486266604
285.084621876481 285.347729400459 285.181595594804 285.293240797061 285.28889509089 285.284993001671 285.314579885998 285.41651574937 285.412513935241 285.624893094546
286.778262731049 286.996618659324 286.882554819202 286.970513152434 287.02840398442 286.975305623059 286.706678434848 286.952179653016 286.968217989137 287.32145496191
288.347334226139 288.278546988201 288.390140341579 288.603352998517 288.580717837781 288.589420899101 288.298719400353 288.385630454767 288.465477709705 288.796402129819
289.175628400916 289.189644708351 289.348497289858 289.600742560021 289.472405330342 289.551527836618 289.20946015654 289.424762676576 289.440326410507 289.818791193549
289.346223987368 289.360033019327 289.446007686914 289.630632922913 289.66056048374 289.622883174082 289.454741665963 289.632094339401 289.444516211191 289.977303121298
288.671350545846 288.781615639928 288.82486726144 288.893820400323 288.927918685011 289.133251283885 288.827437575408 289.100168453249 288.903412528199 289.321224991308
287.562378029073 287.723250802512 287.667437437047 287.827591779846 287.945791047738 288.01689851063 287.679144135848 288.131695130158 287.845407323932 287.96637994576
286.058908876626 286.239344677834 286.183256005221 286.463729467764 286.426050085825 286.599466990677 286.233911767484 286.66606431968 286.349102043024 286.431367620976
284.569613345724 284.781719923895 284.777322004048 285.053329446895 285.015634018905 285.064304615601 284.81817548509 285.159375534833 284.838362686878 285.332897188472
283.669964905233 283.832589539805 283.789349414222 283.732071169512 284.05529281685 284.037593595688 284.144560739079 284.29521188413 284.171232017495 284.26127680031
283.604159255222 283.516381950677 283.864880219941 283.753913568846 283.890481005148 283.592654921258 283.8684949098 284.033423865097 283.94119586875 283.76916514789
284.274376433762 284.201658210724 283.96417657304 284.370486805388 284.601896534353 284.235175030009 284.185060577296 284.374131146107 284.464948353762 284.186420757281
285.385147007616 285.388454012086 285.040193126584 285.509346654571 285.752590848671 285.591091050619 285.492858431042 285.668527859848 285.604890173007 285.3997393551
287.194225986936 287.087638642913 286.746721326234 286.930123360421 287.268580945747 287.130966727972 287.219129526786 287.064264934689 287.085637594769 286.74484581927
288.752413288941 288.556145267287 288.34216753404 288.426966774389 288.752523545814 288.576856197237 288.724395097722 288.713242201735 288.600551416171 288.235386244049
289.672079205934 289.585790803523 289.332801261336 289.498440932008 289.759384340863 289.531394682083 289.85242596492 289.739156566337 289.418508364772 288.950238842869
289.771696314381 289.61690864032 289.453274828699 289.719204307162 289.845251281591 289.64723642197 289.973181148989 289.780172459913 289.493059293846 289.287685589231
289.178469693874 289.004837987594 288.796002347252 289.100986693981 289.35940197652 288.978301603983 289.182565915507 289.060179006089 288.872466902603 288.691907801777
287.915408150958 287.935227110861 287.698677094819 287.977575395839 288.279795602389 288.078668630206 288.125937438269 287.872478746316 287.744857535621 287.710293208317
286.544907593042 286.460249206476 286.190739867082 286.456174606726 286.90656086442 286.563415889653 286.523162501642 286.462985337113 286.220811279106 286.208117622612
284.874380233854 284.981987600403 284.724318715935 284.944743052921 285.31041008944 284.941809598253 285.262026253489 284.982410259109 285.220194859735 284.727071947789
283.847342585075 284.048071780982 284.123570911545 283.917453924281 284.156554027447 284.209012160297 284.423990064431 284.317110358026 284.294260012259 283.855066607136
283.686024442805 284.014823814676 283.801670947068 283.579317995596 284.166866757379 284.132143437667 284.087972997443 283.853018416211 283.888891183294 283.617595271531
284.011660660387 284.297049291475 284.110677837374 284.31024222164 284.312420908333 284.418983842156 284.294514310034 284.229351241947 284.583856607817 284.215072041231
285.401878467194 285.473444639458 285.522644885589 285.269451114152 285.578841052113 285.608011358847 285.444448870174 285.149437881741 285.610135514143 285.504139324259
287.077686292092 286.962022732786 287.034617059004 286.940577393849 287.054364939485 287.124343013303 287.089345649365 286.9690039177 287.0346962889 287.063380920087
288.598392178701 288.451040321778 288.63835004928 288.40159143209 288.423824260518 288.589238377926 288.361717414321 288.302352071944 288.655352120215 288.638417964705
289.335200518278 289.422523546892 289.552226612194 289.345195935213 289.41045380792 289.585728777173 289.219018183344 289.356947933167 289.639455937627 289.430816051494
289.474517283073 289.47039362419 289.583463590553 289.412484746573 289.420729574265 289.642585248385 289.503554613792 289.386816460251 289.749525272581 289.579303525148
288.983053773273 288.816526323891 289.03734748685 288.722669605599 288.869988633599 289.044156749722 288.862227779645 288.783903598957 289.117214842169 288.986048855383
287.834001097725 287.809526881439 287.991452532515 287.6776387924 287.766179688577 287.983812277961 287.810795181447 287.726390931109 288.070117282539 287.900518623429
286.244687264294 286.377086701256 286.534570510919 286.423512725087 286.458407542075 286.560866781419 286.201592118407 286.376980861374 286.552135127517 286.562776235634
284.872840851435 285.160736719064 285.151213078821 284.946966512906 285.106983793069 285.30223692022 284.951721701198 285.046793130362 285.101826745237 285.16927353949
284.069012563904 284.221184694287 284.221717178488 284.157283824602 284.211397709825 284.285636141079 284.168802663654 283.887577252995 284.317794662424 284.08729093509
283.667968116648 283.793714995008 283.799676546635 284.174518489781 284.068253504909 283.738531806137 283.895888047542 283.597929161334 284.266264026509 284.016909911822
283.993102517127 284.387626539693 284.337817008882 284.419249262934 284.907502185192 284.197652812722 284.502733160495 284.496642143254 284.796501573415 284.61314084943
285.257879973794 285.713314935361 285.624984738354 285.505999005338 285.738459263152 285.538896211792 285.459710761605 285.439947964611 285.795506110602 285.579467768748
286.985082706782 287.175048842272 287.11077453196 287.038198571564 287.133306298271 287.203067353131 287.131503159231 287.2262241352 287.316396793286 287.190521849189
288.294426663223 288.72894320672 288.622642110275 288.489109447309 288.624775015626 288.722126870712 288.546916176723 288.530278525705 288.682215847319 288.594725589097
289.386392266755 289.7079204841 289.565877994391 289.335920122337 289.615288916294 289.656680437571 289.411658229432 289.506400650539 289.44759282801 289.493733140792
289.43628197744 289.991506666989 289.668466328421 289.359859106919 289.626089817741 289.725928356885 289.538355050669 289.72869887742 289.626899864372 289.707934780372
288.815194441071 289.40124460787 288.938076411169 288.87726924925 289.015156250142 288.99982614112 288.925403496406 289.308319229245 289.081760865356 289.183940501783
287.93236308458 288.575122609099 288.105634898032 287.796152036132 288.033114533364 287.944729935855 287.900461988031 288.435226002371 287.903429157512 288.044039863557
286.384445633327 287.016208954 286.648614921412 286.453298768247 286.497194806907 286.381797329996 286.504838361152 286.887416516885 286.483675931204 286.506199218481
284.783951015437 285.75425543415 285.209483891182 285.04112873343 285.110771366857 285.036945993485 285.358304566196 285.316885220169 285.215748673369 285.287398528758
284.155145485353 284.821378861503 284.304690081885 284.244962100719 284.35279304207 284.112254147968 284.431849792739 284.332423270423 284.074722900086 284.180780904464
284.016250045839 284.15385103681 284.149612710763 284.058382781595 284.200330042023 284.00541759868 284.108630058424 283.941890929195 283.96921806766 284.032797019484
284.36490938936 284.79520516892 284.504383431209 284.548141732033 284.702010365745 284.421463147621 284.666304399036 284.382548273209 284.758379660656 284.451406238072
285.564781115482 285.855963358234 285.760101937886 285.468940619401 285.750424151775 285.254346625091 285.499108435373 285.660966396276 285.765406156644 285.711391984235
287.086910304347 287.383080690093 287.347896412038 287.259996943788 287.137379540167 287.001507782863 287.167619583799 287.106361101895 287.239705518652 287.370883707141
288.488815717093 288.982188058299 288.785270880516 288.606040416364 288.705902747987 288.469409299209 288.688628828602 288.678672069181 288.658854493079 288.76656670113
289.476915896704 289.916570459744 289.9504493222 289.575873533315 289.65703838147 289.366705009523 289.649746164473 289.669148940601 289.707283763512 289.76395974032
289.513456569636 290.108764150193 290.079134327126 289.689970287402 289.801474717342 289.615117794211 289.849393468554 289.758445883814 289.683437712548 289.794752136645
289.147707681317 289.709448789246 289.397866071904 289.028557600475 289.213058492755 288.951248203527 289.22504881766 289.175094662911 289.07503032269 289.232993076336
288.030255231113 288.485191592874 288.314587704434 288.124406218111 288.259193409247 287.767840905809 288.184526679332 288.034971285645 288.180548709529 288.070733682141
286.58476440784 286.916981082033 286.955830912758 286.641435315228 286.771173498343 286.527907197739 286.577969533321 286.756672863872 286.866352055541 286.710760415284
285.18432659619 285.626093098303 285.527385314406 285.358927061587 285.149638679553 284.834104426182 285.30081048958 285.191539399924 285.556524850516 285.347974690304
284.506594495087 284.608865509984 284.507769919885 284.558178403806 284.282213384102 284.125833666633 284.45431412073 284.304213160053 284.576987987323 284.394108809845
284.20454927769 284.426217426134 284.231357801066 284.210979996649 284.21729294074 284.111251682906 283.865984776711 283.953842507551 284.403881154457 284.282210628369
284.725321458475 284.623342144823 284.714235613211 284.920391210901 284.582669504607 284.389538099804 284.465653203721 284.59499202595 284.590820047642 284.882634683443
285.967313510968 285.704468813049 285.667265335427 286.08998623178 285.76558836116 285.704954980274 285.867074163432 285.597084629392 285.875705250518 285.815283179201
287.306782665503 287.132075540842 287.202323580676 287.654358399231 287.415434921643 287.184596454552 287.25201347375 287.009537259432 287.477047133416 287.20954883391
288.794071098041 288.565327523567 288.758399430698 288.919008413433 288.911243018985 288.73282065593 288.730280252284 288.408377238553 288.845782862471 288.658086823777
289.92019844537 289.558295141509 289.817287997723 290.064257246062 289.853460134904 289.756135086329 289.733323158467 289.400516354827 289.735087350566 289.604578068763
290.015371263986 289.771705780952 289.851942491239 290.246534049055 290.073594825678 289.864451575854 289.945088032981 289.563860295794 289.893462902344 289.671487071332
289.258389034716 289.063262117609 289.350475431742 289.590790885894 289.524982878606 289.389011343006 289.340084562427 288.885746636579 289.306338737051 289.140523328934
288.248502233866 287.951213224333 288.333692844164 288.56532475548 288.399154975175 288.187633958477 288.268851696053 287.957559015677 288.227132100298 288.099847806089
286.835533556267 286.658743087321 287.033538534492 287.120509810746 287.045767212596 286.781082347939 286.74468784896 286.410976170598 286.732143996975 286.515672843608
285.24067083371 285.138401552479 285.31766183031 285.797732660797 285.572399032927 285.330838700731 285.443066315393 285.184917700364 285.397208344408 285.254196024371
284.560831062099 284.413840923025 284.274027223373 284.526918411492 284.566685163075 284.350114996117 284.361933997482 284.319567080665 284.627209934317 284.742939326808
284.152664600226 284.128214141123 284.034935575549 284.688722813785 284.132643861117 283.964510026433 284.226997771042 283.98980853467 284.331251334205 284.224713767472
284.794179612725 284.784334349771 284.838746847685 284.756083532258 284.530771848507 284.601377437482 284.476498294926 284.546911552505 284.789078780964 284.618537559218
285.826991018337 285.965559081022 285.766818779988 285.618472436273 285.855159275562 285.542060277736 285.973612346958 285.817234705045 285.859546164973 285.775340267467
287.318452187732 287.480047018949 287.006444119537 287.422788172556 287.366997440368 287.10916507457 287.620308122248 287.372892258658 287.280729256138 287.274067915902
288.74055754388 288.870347108753 288.490474345332 288.643515159126 288.965221737357 288.528401327938 289.01117592926 288.872652912606 288.751571706544 288.791656756903
289.666379162312 289.820456586216 289.321911204331 289.55025479436 289.923149778637 289.557818750525 290.031288790121 289.84731630441 289.692420651167 289.886080381109
289.71800799495 289.888092361521 289.399906166726 289.616414832515 290.180489483641 289.681438266176 289.947058197688 289.974993888864 289.628204335891 289.890722224196
289.175266747447 289.404561982052 288.939382444135 289.254628941551 289.44664740881 289.185885352456 289.298447023479 289.273099840618 289.139200045682 289.35365678016
288.066182790359 288.35777500604 287.960326088751 288.075894456314 288.288783401708 288.102171002028 288.378958774592 288.294849782692 288.052333012658 288.261713210115
286.627622867052 286.832039846908 286.741470961302 286.710619483901 286.733952898466 286.628486853244 286.849233363869 286.924936861645 286.753394448147 286.706925098398
285.385711395667 285.54600652826 285.369631187054 285.432034601953 285.4264866408 285.412687857654 285.562696304455 285.423686331676 285.258930066773 285.559334642705
284.704049949741 284.673276849722 284.411931410091 284.392905707147 284.213001229016 284.426397467611 284.570988452831 284.493950394134 284.71567452591 284.656056886042
284.256136495303 284.534105143519 284.309406920891 284.474364827966 284.027902383841 284.314849969559 284.530804362929 284.324308477221 284.259286549622 284.515914143835
284.961435498797 284.850087904624 284.72645414312 284.62478786583 284.55657693426 284.863629294986 284.759034341324 284.919581783407 284.729282237422 284.773704141549
286.210754528661 286.030893284779 285.645468325173 286.032929815868 285.833762260672 285.88705671847 285.605828905848 285.999002043 285.707016625054 285.742313651109
287.566024895503 287.385253662295 287.273914341137 287.519430293743 287.213668780531 287.440681914838 287.166642071412 287.419259008202 287.124551744937 287.428596146541
289.058262153291 288.76638865889 288.615105076061 288.918490971527 288.689536791851 289.000917733324 288.503674335865 289.016585377039 288.809066938457 288.820834911119
290.013741192563 289.84098382599 289.610713019384 289.798178118576 289.533681179224 289.891336417111 289.347253517664 289.871336191604 289.778896944095 289.720757356573
290.062764686798 289.924382807645 289.791824762155 289.987896973627 289.634079021159 289.996633192797 289.50231990939 290.110230970993 289.987095619873 289.898087648676
289.551924044156 289.393029601768 289.166501363931 289.371458694843 289.041900180958 289.440314138053 288.995502782987 289.543674758032 289.356117471184 289.315274665418
288.527778786782 288.166269207762 288.213501965959 288.170832707347 288.025072116586 288.372328420885 287.910488292075 288.350527822565 288.249854111482 288.27029980701
287.210005233967 286.854051996345 286.822991420781 286.709829652405 286.697971472526 286.918250150337 286.576688214799 287.09887848953 286.932219528335 286.92428804218
285.566541410998 285.413393378686 285.197678167427 285.601249104549 285.292356712186 285.481522576472 285.265978207468 285.699480012736 285.451593498783 285.705869185582
284.776840506988 284.438939141221 284.611848665297 284.829990094452 284.312669161468 284.339226881877 284.56908904626 284.693514577237 284.527512847549 284.628832032558
284.526922846158 284.198610974447 284.20409287427 284.577159146331 284.35676344511 284.24734880159 284.278256700471 284.35385127615 284.340248697337 284.655383821815
284.779098045849 284.793850254601 284.831100620737 284.996226660371 284.639903147095 284.633802642796 284.815763994159 284.751125590814 284.887775656938 284.906582756778
285.792876752657 285.840644177575 285.82829359288 285.959838784493 285.803895728561 285.783780990257 285.922059676549 285.870971099479 286.047911730716 285.916318737511
287.49127945407 287.413561794556 287.315099508922 287.426528085002 287.401339576312 287.319722380618 287.305586065038 287.436913450676 287.546861615233 287.528608781396
288.871546179299 288.724174842446 288.967364457686 288.849104079661 288.857586303573 288.763527198149 288.799463077689 289.034682148543 289.275863959516 288.88348395494
289.838227200175 289.719616206348 289.748840670994 289.886697067724 289.939145839654 289.79341567881 289.720197461757 290.059067688476 290.2935901052 289.800091472443
290.038339345423 289.89849836613 289.958033017199 289.990598124945 289.993301082027 289.951477433265 289.885892056267 290.080535465483 290.370155713977 289.893667276382
289.386698846964 289.335200043383 289.361287818201 289.279136457408 289.402509372905 289.316156040655 289.418768523337 289.561724963602 289.674141296271 289.291471015049
288.413623530463 288.081476347277 288.391852492251 288.213611687959 288.312966276428 288.236569368134 288.227460150246 288.452660385163 288.673010466448 288.22297341177
286.799024936842 286.893553373168 286.920198330318 286.917174929085 286.74194802179 286.90098569801 286.816492708858 287.011602868967 287.320029063433 287.009938118993
285.539648577143 285.222788553799 285.387722593087 285.411749407022 285.226270193554 285.51064648841 285.404081321603 285.464658996926 285.824051333128 285.551070407677
284.446266123224 284.274853284432 284.504327299803 284.645815266048 284.50931941289 284.533001405073 284.45584615026 284.851468811289 284.775735205169 284.611379605914
284.257220577579 284.109276753578 284.388823652798 284.446141960221 284.193151305672 284.272143391531 284.427624300822 284.416906647036 284.356630676149 284.193993146296
284.801251327137 284.635272498129 284.897348286037 284.851058794303 284.94396421745 284.743663599785 285.055700366621 285.060864144056 284.994496102286 284.786125503899
285.864864450344 285.636601116515 285.903044372948 286.181562616848 285.785195111746 285.768523819923 286.021420046577 286.023223300637 285.965600413369 285.977020822391
287.359176267023 287.13458314633 287.62175285758 287.66474343525 287.351896531761 287.233710354811 287.480426366318 287.362272158466 287.540043382808 287.364334064467
288.83134856632 288.464661661858 288.969654289049 289.163890337188 288.763742132239 288.612427930806 289.071720353375 288.928262066042 288.836317130843 288.849350627131
289.593798360457 289.528250725638 289.837272105781 290.082023057913 289.664246042222 289.675185681188 290.030514109968 289.698858392329 289.852386964346 290.074466922097
289.741979480691 289.758466844474 290.069911017142 290.123362257796 289.867373065736 289.693710841744 290.073494142284 289.931856478718 289.98269752495 290.113410990448
289.15348299929 289.079557400904 289.471169347929 289.571847552452 289.20993668527 289.289973057481 289.44812225704 289.260639771121 289.281388069749 289.556408458776
288.117853330378 288.269850406478 288.32300689501 288.582431587565 288.290618836104 288.277092704784 288.317029546797 288.315742862418 288.337857486862 288.549715073435
286.754335861632 286.809885229471 286.923650925977 287.200062148836 286.943929321657 286.910448899242 286.952679180223 287.05935351667 286.793658247141 287.165238984095
285.547474382834 285.473904335961 285.638842556431 285.684210288388 285.445522416802 285.538251922433 285.61873649258 285.484331133854 285.516740005107 285.660738133149
284.452550699191 284.472018360026 284.903600116557 284.681114573355 284.639032513513 284.374836454928 284.588132274931 284.408809450388 284.576585693863 284.847845823499
284.306092627403 284.285673924194 284.344033899478 284.701626788276 284.419026503327 284.500412907633 284.324796677203 284.340766387322 284.426389941929 284.341968847762
285.079506338362 284.840523836372 284.817464021308 285.042343304293 285.23834631495 284.896330524498 284.799177447966 284.745181608626 284.913556341635 285.037474720849
285.833486370061 286.021602578171 285.723628775113 286.139301198263 286.239221507656 285.977823357431 285.851951005352 285.75032043729 285.92047814534 285.987597756277
287.240179228767 287.50599869032 287.420699962314 287.646547406306 287.641586766784 287.3785386463 287.136880336343 287.323403935923 287.405098614225 287.468020346302
288.790832028738 289.017570339044 288.819900492 289.024763932695 289.125238219627 288.77073465895 288.639197844378 288.586531357896 288.709620819607 289.095374863821
289.765051939119 289.907670483128 289.766123160838 290.024086061264 290.20803586168 289.698583819392 289.526641138573 289.638158911045 289.649001658832 289.94420079518
289.985231159175 290.087217044479 289.993840629379 290.218364703589 290.556028733907 289.675927320221 289.65378669357 289.826457332719 289.87191688385 290.042236278395
289.459868802143 289.485558239197 289.346319404008 289.512221732536 289.916817519794 289.259360094369 289.204151265468 289.193578976838 289.200423320104 289.316532921373
288.387128030611 288.468846982986 288.202901613459 288.504739198841 288.769867078098 288.102288747752 288.150484919603 288.112225683026 288.213499750826 288.184764562311
287.092973532909 286.970988812793 286.864028697252 287.068687197093 287.296181099036 286.90537210776 286.669597452841 286.826697180299 286.722104518594 286.829992088234
285.611932707652 285.784369047336 285.342553295007 285.660897442543 285.920531511114 285.69703464564 285.268221398517 285.316987516526 285.443400336119 285.280153380588
284.690723487395 284.77623855023 284.504964676555 284.968306218358 284.934964553258 284.563232743477 284.315246841077 284.569598615033 284.692628313109 284.333822311869
284.270245468893 284.412758814885 284.384933353828 284.607572363357 284.481677808125 284.271589478734 284.307285746438 284.093286505012 284.566050338441 284.491023439929
285.018336089955 284.895536225164 284.700247987079 285.037867903131 285.129751973144 284.782932141312 284.608446545705 284.844024833119 284.849508455854 284.623995893452
285.986473477304 285.783312271187 285.836009339197 286.067733562773 286.173520086422 285.964815540759 285.979557032388 285.707493165928 285.915287988001 285.587717610584
287.622099688658 287.441977804598 287.167420519065 287.558535370459 287.486855931048 287.619628829332 287.447088809382 287.537429171948 287.512123849513 287.060033966171
289.178097145449 288.773558528593 288.717876759994 288.903302256112 288.859904734612 289.162584406605 288.803196862545 288.896150579262 288.947331935734 288.642618076976
290.2800583457 289.619237061714 289.678843832847 289.814292889514 289.794608549511 290.214128046701 289.798662289512 289.853181943986 289.967318451666 289.623950082433
290.374219803545 289.768373068607 290.007427195006 289.873998015231 290.092996954275 290.314604679763 289.955360084672 289.976163294391 290.113799790924 289.717356215808
289.705576114877 289.23023418348 289.249847851944 289.280759157799 289.459488622875 289.717713272059 289.463208135716 289.558860545984 289.540923237328 289.17378368589
288.6505231924 288.125138149678 288.256694250697 288.159538819284 288.423218581415 288.688164403309 288.460671882738 288.514371562806 288.513402248275 288.099032664299
287.024693860134 286.762232269092 286.76856917203 286.991774272771 287.048763355402 287.273463277216 287.035619672446 287.145258599843 287.161237179882 286.694864399814
285.697265092874 285.433475826947 285.447943616717 285.530297584215 285.539724230838 285.752150935599 285.652701613673 285.772206219345 285.565911613957 285.159516956625
284.756078524621 284.30482424897 284.365858512332 284.786755889691 284.834963586894 284.76848764576 284.734108694168 284.650361496743 284.876075037497 284.321947804544
284.454238689314 284.197003374861 283.990936875177 284.640397495079 284.416795031052 284.449936098399 284.50599689255 284.411305045784 284.366894245773 284.047208885445
284.923714335292 284.914905717231 284.69513936423 285.11536662042 285.077245873462 284.761837247972 285.007375632652 284.825917450802 284.818554330097 284.423418028848
285.912328219774 286.115548816712 285.754409453662 286.244422515196 286.018755044578 285.983340746041 286.149795993143 285.839014859009 285.958159018769 285.791766166094
287.34507223175 287.450457328537 287.460905530298 287.545493059969 287.613014475258 287.489428759006 287.681664410198 287.528563552408 287.283773330613 287.094215800081
288.829802891106 288.915026734048 288.774033208571 289.050350990522 289.108473378462 288.965113465908 289.075595733757 288.981015117643 288.756430262262 288.801039522886
289.793083118175 290.009513514239 289.696055557975 290.067555578825 290.15596988655 289.840358870602 290.111647236053 289.856745578658 289.699497959849 289.591260273923
289.845794959482 290.210196056792 289.862793592003 290.101827587393 290.183926046754 289.901986177168 290.091770758971 290.107878001905 289.874899928712 289.844847452018
289.34547132421 289.595084937211 289.279913189528 289.559504824273 289.557678706433 289.415875844373 289.484865943549 289.617012388983 289.156825106781 289.159744228078
288.240790225842 288.506626167525 288.358661701791 288.58750144333 288.428684856473 288.250656231312 288.368066395551 288.595100026652 288.11744630805 288.295518232014
287.041531064382 287.018197197841 286.790237106968 287.256564634918 287.048861824824 286.802369983089 286.94785264697 287.022939219484 286.723095628084 286.66538675268
285.474581468497 285.604471804353 285.462338669199 285.923628577394 285.470937383812 285.411214163435 285.45858149357 285.734399747818 285.365579206947 285.305020148747
284.785745065087 284.902075340954 284.64760277346 285.078160250057 284.456488427913 284.676162408061 284.647945080313 284.771398293119 284.409500327186 284.270341619765
284.432814106834 284.409290521044 284.377446217653 284.78029693759 284.485171917267 284.525193460337 284.43231325812 284.390472535111 284.126388717585 284.097015871996
284.943788107926 284.904421985999 285.033446507468 285.435250530688 284.719114311497 284.737962163145 284.731520481321 284.884220594218 284.70302431448 284.723372080053
286.140004202133 285.899403555279 285.967026169778 286.481317075892 285.888750742805 285.933661063511 285.956399263445 286.033609097556 285.990296237014 285.939230198984
287.490153841055 287.525101029052 287.580000879791 287.752744776516 287.255758838954 287.42049432615 287.263003934478 287.573861531238 287.503308572573 287.50964378252
289.115456298869 289.042187070062 288.929416405199 289.104283370623 288.667928261593 288.900131377314 288.797707937466 288.90468635659 288.886075826612 288.925836183231
290.0572793193 290.124774298177 289.97630758943 290.176016501039 289.543929999878 289.726954927826 289.719897062234 289.848099754532 289.93502473645 289.820021645487
290.157300935834 290.22469033605 290.028127645912 290.241582226416 289.710870933382 289.809836925387 290.008149528564 290.035920454357 290.028671026498 289.929662508264
289.693465018241 289.565882556702 289.427468850472 289.720903011974 289.278545091558 289.235288956367 289.518766647325 289.54018274039 289.680235307802 289.392383553722
288.576572951355 288.650967882554 288.451300195298 288.667849110902 288.201810587315 288.287140431569 288.345413107813 288.468593797906 288.679789187559 288.215891149014
287.068340558463 287.161216583405 287.053874111387 287.107070955692 286.806788762108 286.969753484391 286.771729366917 287.054056075713 287.233638382496 286.923756565441
285.557182462875 285.754654612308 285.511882763179 285.793823015992 285.53532805453 285.548919033877 285.685231914972 285.639647598627 285.815644511994 285.565724698494
284.649845872285 284.991398423804 284.657927644417 284.915772731014 284.63574744649 284.641702643522 284.757281746906 284.705150816731 284.766429404057 284.606692291848
284.491745871002 284.680966274896 284.448427036018 284.634572645446 284.587033969577 284.402307057125 284.576434371109 284.500658862711 284.215935931668 284.562103202041
285.042909145433 284.939411202428 284.826071534845 285.323008167713 284.989399906807 284.763471699977 285.192755719956 285.081860883478 284.935162431347 284.996223149963
286.036689325648 285.950809372094 285.978391286323 286.153141240462 286.149704893289 286.045433153379 286.167275334339 286.146063104042 285.970968554905 286.061165138655
287.62254146522 287.521637026089 287.503041070799 287.727522590186 287.618681314742 287.562713751203 287.774307495568 287.589127986733 287.506094474604 287.609528284779
288.950186804361 288.863706579228 288.812293951291 288.979614526878 289.101792857922 289.109149523818 289.280873248429 289.168084070357 288.964099076198 289.211098774922
289.991986332697 289.695074787313 289.753652775131 289.931959746033 290.23642457911 290.112851952203 290.199496958844 290.161052233349 289.941974558719 290.241924802682
290.05390425534 289.915739363608 289.755074370644 290.069554731068 290.395079592945 290.204632144552 290.360826785056 290.234011210008 290.148044016249 290.390970908668
289.548223887564 289.288585802509 289.297950699423 289.447483378105 289.758883029958 289.54530974525 289.848899759535 289.541226128517 289.520282084448 289.825334920702
288.55483265701 288.245699335533 288.355068313562 288.548110178447 288.641868687052 288.614696987166 288.612307067615 288.602252956286 288.389481361785 288.620599982131
287.074525526776 286.659679894851 286.696189014706 287.122528713622 287.221368568133 287.265890169254 287.176474398136 287.250712245611 286.889034098604 287.286630043808
285.727228826213 285.615388709056 285.48140388758 285.923455458879 285.611801791834 285.643206366103 285.731130335156 285.876372804966 285.459734920673 285.880021238159
284.533460869559 284.778863411136 284.635947866766 284.877760017711 284.77982045503 284.642805260237 284.59208145482 284.949111689663 284.510931679159 285.078330582069
284.331937658175 284.277333811616 284.283574192643 284.53524384369 284.544962057663 284.408637499871 284.683757997219 284.553303855674 284.253047341308 284.604697801219
284.690867007034 284.80138804783 284.979984267884 285.003700185415 285.037359378703 284.776902055028 285.035298235586 284.927607128001 284.34177991939 284.867065888816
285.845928198777 285.965846993372 285.941009255254 286.060629181897 286.320803597813 285.908960182525 286.078150628228 285.873674327062 285.533585588517 286.048092574828
287.537004527282 287.605752118501 287.357056744892 287.431826396106 287.537324439265 287.498370622064 287.587971286774 287.547760236444 287.197605774762 287.562579270744
288.902752855061 289.185327336847 288.881402361824 289.062057621565 288.963127445463 288.967785939902 289.07123075899 289.065089921066 288.669103926681 288.92675082848
289.909482309846 290.125824113431 289.855743769126 289.920631449846 290.00938043621 289.844594182135 290.131194286963 290.013481374906 289.479311358811 289.849846147453
290.095739659691 290.296758950248 290.030021532237 290.082711212777 290.156651327117 289.888439356248 290.226080050158 290.050980062805 289.764619091834 289.843682403717
289.48968835852 289.573089118806 289.468789197117 289.477992186702 289.542516375523 289.282313903812 289.56787183218 289.44472351011 289.117582936391 289.330615574602
288.445439131938 288.594417445049 288.317383022248 288.498835205441 288.508036829559 288.218639139322 288.720775880413 288.430946667414 287.922306710436 288.359616406573
287.098897271114 287.337866011966 287.039100365836 287.081551375383 287.160310979482 286.712965591129 287.166590617411 287.015504634179 286.814351083334 286.695217969306
285.703212412053 285.788387776586 285.69255609931 285.526780194746 285.700746279671 285.286514701682 285.963067632862 285.727020430021 285.288020525745 285.450833780115
284.495430453347 284.770373103621 284.614054133891 284.885884738649 284.750691191554 284.279739729464 284.791522843226 284.797653040575 284.378746757651 284.277111518707
284.440436741941 284.660221063592 284.41033705497 284.613152102405 284.681590023236 283.859846732211 284.717821750274 284.495813850966 284.380244423243 284.129197592523
284.665744486686 285.109160261952 285.012307363676 285.018848438785 285.286459642348 284.366081512091 285.004053281864 285.007919576433 284.48994445964 285.007760054757
286.002264280868 286.169044510196 286.064363624996 285.920424050944 286.038817240461 285.628732649514 286.167344958941 286.22086757465 285.821954305919 285.891096393646
287.605842687196 287.600205329915 287.436354555696 287.599049787625 287.560584082111 287.387507855314 287.644429808765 287.686457307063 287.37086928156 287.456964093787
289.082142380842 289.11709221725 288.786359611582 289.10079928047 288.827547931822 288.783979004402 289.271671933847 288.97199412123 288.70611981825 288.945264355757
