289.745633634098 289.578641458373 289.41509193769 289.766338962495 289.489875304657 289.364210200283 289.327991355268 289.572692028407 289.163022528575 289.657760592176
289.784905147735 289.599708091859 289.509996578438 289.718852725399 289.537149676124 289.541886472264 289.401855539503 289.554527358089 289.230408751438 289.700492427649
289.027065505734 288.987558837851 288.830685841011 289.020274851376 288.999758028874 288.898913542955 288.724044070645 288.920559484874 288.578395663867 289.110100692052
287.866983714587 287.704377980246 287.791429762159 287.71886623063 287.765573622309 287.733298367844 287.623527975634 287.62966161479 287.510441147027 288.025246080128
286.4538861076 286.245761643105 286.292450891754 286.368521673822 286.227124847582 286.240209757787 285.912351486431 286.100700840103 286.054936781797 286.803219146415
284.78830588554 284.760564872534 284.671579685803 284.584708363133 284.712363153583 284.806478701633 284.499139101296 284.679791935274 284.408541826731 285.008467044279
283.437330170694 283.710325322129 283.624451805108 283.749078202514 283.699502168521 283.781166341624 283.63648128924 283.611586129664 283.456988032932 283.882962841099
283.575445838581 283.455804227124 283.466289683863 283.416253923707 283.525750210119 283.519445452143 283.546220665736 283.470194762307 283.307709320944 283.903971831718
283.659648731176 284.069666870634 283.999533148831 283.970057815725 283.70542722501 284.11441749547 283.922153689271 284.142963471899 283.867858415082 284.142189035227
284.924933238062 285.16873589251 285.215501024438 285.271015755786 285.008370370208 285.19846259564 285.326039363646 285.3638507641 285.299485253066 285.276297735528
286.780413590804 287.021477367958 286.711045625433 286.752527696812 286.777996144329 286.941598559797 287.035899169894 287.10851644809 286.885743793645 287.009628329342
288.114258085923 288.541712538646 288.371892066926 288.268599285785 288.428419193602 288.577436409728 288.418928296013 288.547854592001 288.716968390872 288.49131007814
289.028341518517 289.490153052071 289.321780305692 289.262128568129 289.175534248005 289.517761650957 289.353237454591 289.649403027653 289.561249731693 289.428378687204
289.297954297337 289.564784894303 289.235728180046 289.398667318211 289.299755865179 289.611157581025 289.436982626635 289.724940629313 289.76015407452 289.44111264395
288.796766156222 289.134204653454 288.605613818869 288.685187621727 288.706359361833 288.889348795943 288.835626415452 289.099918820117 289.215728961309 288.688395500827
287.512780107719 287.939740207179 287.703347776677 287.481112966098 287.668967034471 287.786361471873 287.862123716191 287.921722521955 288.190559915099 287.646663128843
285.947902041315 286.612393668446 286.174309562371 286.195702233967 286.015272656355 286.186240086099 286.448148980448 286.453128401633 286.465000372193 286.258752378088
284.504997874597 284.976137561724 284.701327988734 284.553340518784 284.756521932119 284.966353751593 284.763829424487 285.022875974609 284.990944049153 284.655619483962
283.378317539183 283.787431738825 283.59525699285 283.740177446272 283.762915742064 283.765396251222 283.671953895986 283.94081598413 283.965047614466 283.678626425694
283.182757526042 283.505510077109 283.399845515041 283.226873778886 283.416388123395 283.587967832844 283.510644501826 283.483803476937 283.712622046676 283.589833422636
283.916178605704 284.122507289159 283.994912601369 284.078100493712 284.055396090684 284.103593325427 284.036728026948 284.056797724985 284.19397870269 283.998672815192
285.387762552829 285.492107103351 285.34109220381 285.208414827124 285.195332243393 285.410887677602 285.208856746417 285.265878295827 285.374561195126 285.154260608532
286.918045949675 286.981711844647 286.997397617476 286.827651627393 287.118879074272 287.156512163162 286.930083392718 286.929284512152 287.35458060565 287.113971820269
288.290372746862 288.492145470535 288.495779796956 288.464017941081 288.644798166022 288.959549251736 288.285729759745 288.70611657621 288.972765541803 288.648756426599
289.227958916182 289.299150139796 289.497426907356 289.334582363241 289.508666081174 289.921886288667 289.136056253669 289.733282126829 289.980374364562 289.716479934176
289.567471031247 289.446515147069 289.618612334339 289.332285760913 289.67241355161 289.972038195497 289.256375956574 289.715156485784 290.099314357876 289.689017225541
288.732347193133 288.828102586267 289.101579704674 288.773614358192 289.008363736525 289.406889070525 288.643289731589 289.129196430875 289.228277100302 288.957756045417
287.705658351177 287.781054300699 287.831598147315 287.512606791324 287.946082451647 288.204697749724 287.751306259166 287.998749483688 288.043248566978 287.952645336433
286.257598361911 286.346814581318 286.381235555141 286.232008608763 286.351770129963 286.619513641916 286.143238792992 286.624855511391 286.612197324598 286.117341382174
284.681855337031 284.805858860953 285.003357953269 284.693995424139 284.830117276398 284.922756740553 284.659518865992 284.958406200163 284.948050220322 284.882310192892
284.003982913733 283.907004001544 283.91418458802 283.617349473431 283.798834148856 283.835262085417 283.768296696681 283.943178258013 283.701292035156 283.836054127584
283.633880054261 283.520271968449 283.388296671491 283.15453996336 283.89297601935 283.584079615795 283.413967721848 283.732338142038 283.605522722953 283.438359574036
284.038917910673 284.016603345476 284.2476445372 284.12988435613 284.037017190924 283.933835056264 284.183271006686 284.346514052025 283.924084455089 284.044526019713
285.345060655764 285.426671218733 285.426081223395 285.232936176334 285.378878242482 285.292355685737 285.356464121751 285.306052817886 285.020128939768 285.257105972192
286.862668095043 287.23996129063 287.02843992194 286.917802117764 287.135563634818 287.075882402932 287.05094615394 286.98053177772 286.930041113181 286.89174467082
288.59654082092 288.699894433005 288.708720251375 288.620190814641 288.611918064853 288.394987339112 288.580437986479 288.637067383735 288.254320762312 288.529011507927
289.521757732076 289.74906564207 289.585808878601 289.59916782287 289.552648819538 289.396393978386 289.661346304181 289.593456572704 289.224408193103 289.461714432777
289.665726683379 289.790866859294 289.694215268957 289.741786590409 289.628691956315 289.509358924209 289.632702144746 289.613943723766 289.370436109785 289.475174386252
289.062650558656 289.079884868379 289.115624526843 289.156380850096 289.037776158162 288.806464369038 289.178032770901 289.227073638834 288.796897061785 288.794681139769
287.838967827947 287.915087155755 288.037045005816 287.996210833212 287.734820268577 287.843627764816 287.971797841492 288.095498407344 287.61564415512 287.624974621651
286.273836728562 286.239817705497 286.603324208968 286.623348746051 286.196879040626 286.447326330613 286.48063710128 286.38381484574 286.237059174778 286.038430976768
284.959668171906 284.75838202272 284.865822094809 285.08981720637 284.856428194231 284.901652545722 285.055210491025 284.71170954604 284.626969446527 284.530049323077
283.695688542135 283.740612783993 283.963844895148 284.023892126893 283.502058192275 283.699338238725 283.998982164066 284.036624368753 283.533172215768 283.555641941176
283.411281891672 283.540449452208 283.57712805074 283.784216350457 283.575113570124 283.501014404755 283.688191111437 283.786237754328 283.434943077847 283.598802964898
283.972678709769 283.803027370535 284.063838603874 284.208092133956 284.052139903664 284.037859700408 284.284970918816 283.94069537752 284.0491594556 284.040602483105
285.533609389652 285.348509857428 285.604258828719 285.746839535742 285.501504447446 285.264834560487 285.58544243917 285.409765209295 285.627709715379 285.570876718696
287.119459603008 287.273039482111 287.363151460384 287.511839752064 286.915227866392 286.894410181481 287.378201664374 287.11287057088 287.345660746599 287.253909327893
288.579070856007 288.767529754109 288.910011702002 289.058769868388 288.295621529718 288.429867653342 289.171853742854 288.533575216734 288.790550307657 289.039726309267
289.571449960257 289.594273604591 289.876449018115 290.070591672708 289.3936171866 289.519033909754 289.87001908455 289.504649636492 289.543130088074 289.896055976503
289.583933936784 289.636976773811 290.035567020327 290.436607095472 289.600655669212 289.631907697677 290.04834865927 289.511092310914 289.746337175265 289.939421981324
288.939933912807 289.030523934738 289.413127886316 289.72601092222 289.07829236565 288.792346976046 289.502414946355 289.066365213722 289.048940843383 289.294854741573
287.686876082602 287.960278715995 288.282193621018 288.598454780223 287.869708002446 287.906280399847 288.524869723309 288.017153009122 288.016314550743 288.206661274748
286.350128616449 286.550296860596 286.840600989879 287.213931070596 286.133382569912 286.296169159975 286.873816170213 286.363910050644 286.609747801161 286.697322745287
285.061259517392 285.133242802563 285.427834272327 285.577468942312 284.738306216995 284.930908952861 285.266976893269 284.940205690351 285.122963307412 285.104339767785
283.893406799311 283.860283287776 284.335522876879 284.43133201131 283.653219642422 283.856148987835 284.214975835383 283.886548360925 284.062672387752 283.951888737004
283.75495903196 283.650598251518 284.083097214247 284.040163290126 283.475114803397 283.510994582758 283.906942815788 283.65614169214 283.426011479223 283.425777363641
284.410872912037 284.281245857226 284.349426167041 284.429850944346 284.088723378572 284.190313316703 284.377965306108 284.334014633367 284.434556838902 284.232491496299
285.58309842236 285.662314709183 285.473587831238 285.415170625766 285.22990686651 285.522269568731 285.372397879321 285.560214838644 285.426011448993 285.437259002728
287.191963418411 287.411146106733 287.162893127133 287.260195906097 287.175169598171 287.463685951022 287.196606581842 287.342708218005 287.186775266124 287.064219371445
288.925207381422 288.986617001149 288.560705460011 288.818831386077 288.784572761045 289.000753989029 288.583804272397 289.024547128819 288.836481568688 288.557161659882
290.048643606516 289.856296171272 289.470753925446 289.601486771957 289.709691439443 289.876049189273 289.631654800775 289.863959404705 289.796858122965 289.439265683442
290.244306829521 290.087647498486 289.565201400458 289.847178855931 289.909470672581 290.157122796069 289.658813441348 289.975099897738 289.883535623826 289.576819523756
289.639648905275 289.504096075742 288.832805118891 289.286715637458 289.156448973811 289.308791382894 289.064170697217 289.38529493563 289.268586946664 289.048959936487
288.573476071222 288.415570547251 287.673589654272 288.116210919496 288.067524796651 287.994286315387 287.956895522049 287.852908244809 288.132716975269 287.914695285947
287.086596542487 286.920313085084 286.291100221014 286.642289381809 286.85467218326 286.797223970732 286.28813059297 286.734218546577 286.631156502441 286.190110839564
285.42902857875 285.432985596702 284.654375499187 285.243121192257 285.193352115204 285.178291452438 284.954728078294 285.068405271377 285.01643382977 284.960214751056
284.414886137367 284.18748636687 283.946977218158 284.272865809065 284.120688738003 284.081709794499 283.979853251183 283.77343372113 284.040371046405 283.838048630338
284.123506420829 283.765406375935 283.575122694081 283.775509360095 283.917008032383 283.788116060375 283.889313037641 283.607171719221 283.7014651486 283.743650967146
284.535165058076 284.685329735096 284.025246749393 284.367323059586 284.204457485169 284.163529121265 284.211810283392 284.378298199754 284.459938309657 284.467758948654
285.646125517401 285.710035453275 285.420870387494 285.620982828072 285.527448181653 285.625067316822 285.61130052485 285.353104317297 285.59919943849 285.700585255949
287.398429610717 287.345886612399 287.026642546588 287.316717291798 287.194672387764 287.24590885972 287.342162965826 287.059648819816 287.385481941297 287.387103721814
288.811088427179 288.789422931694 288.546224432939 288.847918483874 288.734992811443 288.846084865681 288.934084036853 288.552930060355 288.984917931711 289.084735284908
289.688125133137 289.667416275195 289.445793559393 289.722539831272 289.598981485678 289.727421059345 289.968651534443 289.511673650962 290.069753429728 290.039045950357
289.842135611417 289.772653444779 289.764528503109 289.83154802996 289.691512796672 289.996552883783 289.911118126654 289.621154999729 289.965862520237 290.371639064083
289.210088642295 289.091949688168 289.148269442072 289.201440141967 289.119027723945 289.33994983836 289.24903094575 289.032321055509 289.434395820807 289.528256710573
288.350494726771 287.962037002144 287.996812245019 288.066659410838 287.886244593655 287.932591044369 288.200112229173 287.755087570431 288.318622027139 288.393452869996
286.443112042188 286.523692146759 286.440270322688 286.63110600626 286.386973228329 286.460008378074 286.657200656259 286.421864983279 286.644176895081 286.938651074716
285.142143431547 285.163260592621 285.091733219138 285.110198296713 284.950649907885 285.029060895254 285.080481862125 284.757676611253 285.255562120855 285.283706198725
284.069595779001 284.033443000824 283.989900840888 284.077385721725 283.966794703178 284.146614351153 284.047602459357 283.708287034738 283.615473010154 284.110306598732
283.662402984734 283.736887507576 283.890035751952 283.893368601977 283.403143474275 283.720539265595 283.780735218943 283.434473011934 283.821135625758 283.921917629279
284.178899403352 284.361539549327 284.146140349908 284.374845675037 284.27172551054 284.035878758106 283.960373517168 284.135329545958 284.296691006884 284.34930723341
285.536455732216 285.292303926629 285.662690981447 285.409356948376 285.593994086598 285.340934735255 285.222594624361 285.580114392419 285.319550272884 285.913455390987
287.18489936178 287.138649414623 287.539986318816 287.474447026137 287.327093802544 286.926569998335 287.116413109233 287.196176596367 287.165260655967 287.363837120724
288.87446328717 288.660617962411 289.094387709784 288.993286661599 288.941773805758 288.354878816396 288.514022175754 288.714934934149 288.520130840494 288.938411979007
289.779135149127 289.453923915757 289.964381232749 289.91607976311 289.95173560993 289.158810100226 289.384778861611 289.630144633497 289.346415757499 289.859405773176
289.807396691853 289.592504329363 290.052269948684 289.98452990748 290.001946351842 289.36759946307 289.637717395596 289.674648758747 289.684031265634 290.138312183339
289.13643993331 288.983054392709 289.5825037621 289.290196264844 289.368752960211 288.580581307195 288.928712439998 289.049345995965 288.980058417807 289.340022871324
287.928515898356 287.909393509003 288.384971335326 288.18069659543 288.138459945615 287.502863781387 287.652964899114 287.853951916046 287.685942595754 288.264493917204
286.650094750923 286.316999240905 287.008277942619 286.559780649759 286.548717493463 286.146469591172 286.382516791947 286.286995404418 286.151129046187 286.864211579049
284.97657934991 284.972662439053 285.320474483696 285.442112322767 285.147125721474 284.590744122427 284.657317797965 284.989134529548 284.731648461107 285.250255952485
283.948144997008 284.092821535779 284.268856858626 284.014341958324 283.963617949157 283.622559634462 283.7510530799 284.056385052089 283.66349315428 283.848173582932
283.759933704824 283.415698740032 283.922774147041 283.736216542257 283.66930770527 283.484524320497 283.760758392635 283.966975658714 283.554624575649 283.823095297523
284.117634636878 284.126846777861 284.170546532329 283.734902761415 283.896933292681 284.27948805429 284.074182986019 284.19274963975 283.996562519924 284.278497158942
285.267714333427 285.309654596687 285.635777429956 285.25201043893 285.413675548273 285.439832423247 285.343876359034 285.61106829332 284.861678541624 285.596388670004
286.972876892261 286.886202998831 287.20328106269 287.138910945875 286.928789288981 287.305242162867 287.207028996865 287.409840732031 286.73244269031 287.41223227678
288.480561702675 288.481818774619 288.82054681531 288.449975151209 288.333214520527 288.647512844564 288.861989656499 288.935887647564 288.334510965904 288.882696190831
289.438914882461 289.473846077604 289.671891700881 289.355305217538 289.239803109508 289.660900327756 289.857439555239 289.947425781865 289.355133220808 289.940440175939
289.467217660295 289.652931763691 289.761747416169 289.468421082638 289.291964177782 289.720423074715 289.864912994196 290.046510440609 289.47139220605 290.022499484888
288.935676081643 288.996846353118 289.123588645526 288.848891073359 288.591700959472 289.000230399792 289.502788091897 289.419306105192 288.929977193044 289.278204752291
287.821881736956 287.798631092908 288.007491379523 287.703557897636 287.436084063328 287.760859436309 288.495710042428 288.30840938031 287.762264619528 288.17975226684
286.288195184146 286.511402531224 286.56113782723 286.180360790939 285.955614116742 286.488472112223 286.869565483282 286.67643332513 286.192014028392 286.708695642829
284.649435064811 284.89802375617 285.085425438496 284.813623189155 284.400928220452 285.168733883621 285.360140983721 285.174164609907 284.874855895343 285.336944574664
283.722728202739 283.9650172517 284.10254118521 283.618330124715 283.865074910277 283.886814375865 284.345310742187 284.077472326321 283.984706678079 284.365448978717
283.686973569141 283.782078651855 283.696634152957 283.508802499979 283.351681567219 283.696757581753 283.916284748937 284.012738304829 283.815086405786 283.94558438041
284.256569307637 284.325087761884 284.407646043271 284.021786749947 283.991723172036 284.413256447482 284.371439442525 284.287871178713 284.046578313186 284.352390266282
285.378089497133 285.887782496509 285.575690339933 285.175267759543 285.511863709518 285.829666315961 285.619178682821 285.681395189578 285.467732232572 285.420328999093
287.110660560833 287.531295974166 286.985358874314 287.061171043509 287.202511714015 287.357891420564 287.403360828442 287.660337287774 287.259672462313 287.388362638582
288.439443642839 289.064633598174 288.541435743628 288.614092801646 288.787858805783 288.786639065789 288.924262062203 289.053915285215 288.940847066927 289.135648799909
289.315798072546 290.136577536457 289.540263689181 289.793168200376 289.716954354138 289.842103588866 289.783823350823 290.011470029206 290.003604378875 290.1753638537
289.50774489939 290.171873788823 289.672609578698 289.933947994759 289.730294816482 290.138635641515 289.837921837984 290.103949620905 289.980301882913 290.251016272994
288.890279761894 289.691296875552 289.153060339244 289.148117805635 289.017511664041 289.432102662822 289.152882481202 289.389690284744 289.430892331446 289.480761449983
287.716993031559 288.642972973633 287.878974919088 288.130907824008 288.076285278902 288.185774716062 287.999976653415 288.38604061235 288.446819101669 288.223675440623
286.289448739927 286.990627988634 286.378616625974 286.680769478095 286.54859418067 286.891504168877 286.44141182687 286.745580893545 286.950565442345 286.712372637183
284.863177245502 285.540150222349 285.034041475791 285.205338926719 284.894712758992 285.391037165678 285.153491334014 285.411161007602 285.437762223192 284.956633179785
283.81978016753 284.239048793679 283.755935728885 284.462949021319 283.880919177978 284.255079816007 283.950989577529 284.014745852328 284.274412782931 283.771759121944
283.850600620018 283.964129858802 283.728996865214 283.904015009919 283.625374744555 283.88007363993 283.68330885216 283.757254404716 283.99770824488 283.925286680993
284.292329216627 284.541412272896 284.162041518017 284.138937681994 284.077195629 284.13420868031 284.036079700629 284.148388834975 284.435219118935 284.2152219564
285.613309184997 285.659475289607 285.695686685154 285.597547540246 285.685109766754 285.515206309424 285.568628343727 285.263745287523 285.739813720576 285.552743543577
287.61532790228 287.311315023303 287.143114656416 287.16984464547 287.244310788028 287.181173461271 287.158740269746 286.86138953705 287.210114607054 287.026868583954
289.121265879299 288.978338532771 288.674065757444 288.762776640415 288.812641757685 288.676342442668 288.691918709057 288.312028658447 288.813897745592 288.613218680411
289.955748533283 290.011452979786 289.648102035137 289.843818385966 289.699434594898 289.715140061611 289.524357756382 289.411545893109 289.666084913465 289.542284616423
290.06193911366 289.933441261991 289.861700645775 289.8069241028 289.901597848884 289.628050548197 289.473695078723 289.536856439369 289.771495812361 289.687783123638
289.551093330691 289.225018328883 289.354989986076 289.225520564111 289.32857884724 288.999231087125 288.893327175901 289.042314877953 289.143440973444 289.078693706646
288.554440522016 287.906337471886 288.228184918295 288.117033329772 288.153324365333 287.65547359717 287.791988964679 287.889894857413 288.036805867081 288.031304081409
286.857573270932 286.571224967727 286.67937616613 286.359302596256 286.652666097726 286.207772840645 286.36241850524 286.308165628955 286.493419014699 286.318796091658
285.413620111743 284.841368786329 285.063086211275 284.975977039622 285.078817771985 284.710164294755 285.074257006299 284.986157218192 284.990640747095 285.272970497681
284.203562131314 284.015282872496 284.153772506771 284.093336758919 283.985581127825 283.937380698685 283.900346936641 283.886013133955 283.93492138383 284.166159843414
284.133459369331 283.69527810421 283.913644216438 283.721309380605 283.925551155908 283.774910142807 283.661797109584 283.656001566662 283.616410650743 283.809598735726
284.358147420341 283.92267045984 284.168165006721 284.398102999796 284.263907268916 284.022732922789 284.316408297178 284.216761895377 284.421619881266 284.492388211931
285.729560585604 285.278299742988 285.637960909039 285.644721805888 285.479409977173 285.281262126036 285.78141546692 285.459184024755 285.655139258201 285.807201385784
287.431649473859 286.958180585695 287.45094484391 287.485664180741 287.156318578273 287.201863290071 287.267669302929 287.448680984795 287.327550455975 287.266121878923
288.905893186241 288.47518334222 289.154574072921 288.949267770652 288.784505787759 288.777647642503 288.690329601115 288.859859030007 288.983878727696 288.74259067053
289.819050632904 289.396677552978 290.117554255691 289.813894937271 289.865523340389 289.750010523561 289.394770173027 289.839232714784 289.952470435321 289.662988273127
289.930728691709 289.452431060508 290.219230898832 289.953799088255 289.980048662226 289.751485969862 289.516085354867 289.905188264647 290.014806349123 289.694906236369
289.193137597835 288.883000124952 289.680301855843 289.371033536937 289.391045914663 289.149906858742 288.935341118059 289.221837417086 289.16672094193 289.214764213918
288.035503710849 287.879421567487 288.609503566639 288.256327027221 288.270489947102 288.009241889234 287.857782829503 288.05331323532 288.136353346775 288.076826280667
286.436919427064 286.123778571521 286.770593673656 286.790759310566 286.693993032685 286.390408019431 286.41376463213 286.64782936969 286.586804235335 286.496479186749
285.012761588322 285.056790582308 285.364726735812 285.391846400265 285.107116155751 285.159845111789 284.838804961467 284.996558682045 285.135638040714 284.889262817279
284.114042478391 283.663214459492 284.348277063574 284.157179188208 283.814360694683 283.820276684848 284.047054295546 284.240147066988 284.060099777305 283.912843831097
283.483080084672 283.958963298769 284.190354177861 283.711671845934 283.65971588911 283.493290460431 284.009201326802 283.717255885746 283.531331288122 283.541602056666
284.185624254908 284.528137981179 284.53749674399 284.164568400469 284.186044635093 284.009785695621 284.521910765004 284.076637469486 283.979661743845 284.050965765234
285.599770569203 285.539405807048 285.888498017108 285.66126174908 285.535985280487 285.521827256793 285.534127124672 285.279593245676 285.419986313647 285.271606455261
287.266601487485 287.354482434864 287.37457837998 287.090697584638 287.181849550857 287.382634291311 287.268461194225 287.057944009204 287.171080537668 287.213248895494
288.602227018002 288.854396874075 288.977062726823 288.591486015746 288.850961406998 288.975686146413 288.840288337401 288.654239523356 288.575290927089 288.446744037512
289.560712100159 289.987823584805 289.863396675646 289.594218827926 289.673985840217 289.890033614238 289.838468944152 289.498850140768 289.580544649433 289.309729409584
289.742913430134 290.01164202758 289.859309081062 289.716160060168 289.989207696377 290.041287082293 289.937169997499 289.512437096694 289.598099653346 289.507454526084
289.083057999027 289.356195074735 289.167770195545 288.87405465647 289.147044155126 289.422035099144 289.45838080924 288.864395059783 288.98948180227 288.907148122037
287.954481939072 288.268373505516 287.877275020535 287.861165476173 287.852360135463 288.400346332206 288.296010504661 287.87954505676 287.939940177817 287.888774339783
286.448238749346 286.693341611119 286.592364789073 286.259640860359 286.47258387714 286.892311928958 286.714055500363 286.448840166069 286.374161899669 286.300064503815
285.006099648343 285.125588459207 284.819221315382 285.032195353962 284.911265489225 285.284680490564 285.251762233073 285.029567521251 284.952885642038 284.953658158901
284.111974824812 284.191404641605 284.075043109637 284.242528084377 283.663156436637 284.101576323661 284.288988469872 284.010602100395 284.196075141123 283.980107145931
283.565448025654 283.815698691132 283.918516786238 284.013264671188 283.375237537918 283.855193697357 284.113318234812 283.826905330308 283.809463072515 283.496278290294
284.499646840094 284.248331158333 284.463682691615 284.375487873855 283.891237802237 284.340470905926 284.283539193488 284.276736910357 284.353529701762 283.825648340637
285.623171442684 285.696504461636 285.872235946718 285.558398955624 285.262392371053 285.548345490152 285.49037957505 285.578723053038 285.563372475836 285.256980956456
287.333508714906 287.343446477346 287.42453686426 287.29708034477 286.995058243858 287.310337323892 287.323868112837 287.242606191041 287.160021159954 287.200610283965
288.567555664035 288.809021441877 288.981689585075 288.690493448012 288.432597631889 288.810559148961 288.865601299806 288.918486404768 288.766579691523 288.774074005941
289.640434063035 289.885776316458 289.913034124419 289.682739587518 289.455552142649 289.668620562198 289.729432563319 290.0848379439 289.542161240816 289.757983334317
289.752838832195 289.779729474804 289.944978708538 289.899624722382 289.519814476204 289.73151368832 289.767168618077 290.067035480862 289.597401061311 289.800225396697
289.133012511919 289.288764828311 289.383467679763 289.169063108285 288.870019353532 289.0126853926 289.191506795437 289.42247579404 289.056776623669 289.278475281912
288.181129778711 288.035412031191 288.20631540716 288.07713880913 287.782367422817 287.850704012195 288.001028154007 288.184962754246 287.807735469996 288.148112187121
286.504193851257 286.582189231103 286.811998617945 286.683857288079 286.395330124363 286.359853139632 286.576104960742 286.672799478274 286.346683919572 286.70841452249
285.107295745605 285.085845874042 285.288877017256 285.15642500094 284.968999366383 284.707460104214 285.131368587103 285.151337096128 284.843965920779 285.406629588651
283.947152973351 284.076160368431 284.119192866959 284.343749402023 283.86844938257 283.694274070291 284.144338081826 284.19248594326 283.934577764306 284.059325676349
283.725514721883 283.938611314652 283.761252165976 283.895260213703 283.804271474745 283.806212844757 283.724627385307 283.740752657793 283.615430318675 283.902763539562
284.250911996353 284.387835393112 284.375035039828 284.378320061524 284.125516754972 284.210068737117 284.469167263915 284.461268469904 284.154617349771 284.208792494795
285.410956493198 285.514774427455 285.884401284435 285.690023909453 285.607906284399 285.321419465148 285.641750895234 285.516504106028 285.628676108332 285.525790890465
287.224023721411 287.270031855707 287.438489051426 287.542204550981 287.342146523476 287.117527582776 287.18887841497 287.259919414301 287.443550375922 287.423866737934
288.73516055638 288.977602251703 289.101518364606 289.218785806662 288.892326171437 288.624097194465 288.8305086029 288.789754504016 288.862480730349 289.012434982207
289.776548630832 289.940939958721 289.903630159874 290.144020267361 289.759142333531 289.568814739091 289.762454095066 289.708129412126 289.713630617704 289.801345222345
289.731017003286 289.92774044971 289.8873248664 290.271780803025 289.81839929887 289.570350484036 289.983472336257 289.767098229416 289.856198120998 290.010754774533
289.105746506411 289.399059451163 289.287821259209 289.609861480666 289.204497004709 288.924107152312 289.186307567014 288.935042554163 289.112093605422 289.39004410234
287.974254448735 288.287839464531 288.155355243866 288.488971871977 287.999683245887 287.922485618185 288.107589243308 287.946474562464 287.994202706764 288.254836970263
286.678964871862 286.697479132065 286.687022545418 287.037837016468 286.544879239698 286.341921261414 286.573285641641 286.383301732695 286.612154168585 286.6940699071
285.233872507228 285.125579929713 285.266693093329 285.710106363173 285.122217091806 285.171424764872 284.968358417048 284.755824545192 285.104429184192 285.286658955065
284.064871965865 283.922435129385 284.153352726754 284.329228466345 283.915857416537 283.941463709578 284.156985175657 283.793220356339 283.909604482981 284.336944188162
283.804201437279 283.794651284317 283.910489951391 284.093490603082 284.164635333285 284.015902983327 283.997036446676 283.816454996102 283.715947802872 283.887299369792
284.280722077958 284.298005242862 284.211142636606 284.563544816793 284.56706686077 284.61502559793 284.307660353128 284.0623269384 283.974243628661 284.293839815084
285.72110333104 285.360452450305 285.829854927553 285.679336385579 285.644839792789 285.674796421359 285.393171389357 285.448112287687 285.374904431083 285.830325268279
287.52860320486 287.049518877622 287.405668465323 287.427491972979 287.387956814327 287.387345934232 287.193953706263 287.316617826503 286.979119482003 287.481464144896
289.100351580391 288.586653217837 288.770513575808 289.029944336218 288.997554074307 289.021149816697 288.769487226557 288.739857194652 288.581961443337 289.191857962747
290.202495830532 289.401451816772 289.737573997686 289.767993051163 290.048403383582 290.096150721758 289.757403228959 289.750120355524 289.688565164178 290.12922941456
290.305301938293 289.742007525777 289.677425496111 290.008612548848 290.085916616996 290.065701192756 289.755427387089 289.984388719834 289.829975357092 290.08406959441
289.576183933725 288.940532726709 289.002905267544 289.389334706332 289.413764427574 289.460530219432 289.17954998262 289.397054973081 289.13356729317 289.654044597754
288.46500722319 287.896940331722 287.88257875686 288.2749381196 288.410880684427 288.439074600514 288.016122632284 288.050355256256 288.004793928359 288.320921046329
287.015795532162 286.359208856141 286.582965455523 286.627269638722 286.819072936809 287.004301076064 286.529390089067 286.573220651395 286.526745050322 286.871424013504
285.691567162494 285.029853390364 284.994561088278 285.087057691123 285.125398034566 285.355743534753 285.213065768184 285.310676575641 285.051613698051 285.253747856275
284.63736271307 284.095814116228 284.046694392434 284.260014478644 284.287941356574 284.327275927093 284.154468747129 284.084439976825 284.077462982595 284.347773647813
284.208509996983 283.940763599462 283.68368050297 283.78525092492 284.1910484161 283.8546286429 283.85206299576 283.837990621791 283.567160593404 283.864958388523
284.46032200247 284.130487444313 284.215378399644 284.553610495967 284.552184483465 284.538355122677 284.203420825122 284.494436485432 284.364752511484 284.478634092787
285.607372847867 285.403894683961 285.81588728817 285.708373044401 285.804148162174 285.683257987836 285.249188978675 285.814840815485 285.802857342837 285.606667517105
287.358513511202 287.196247883059 287.595139830244 287.208157682568 287.428259264049 287.427574386922 287.331555824831 287.416696863046 287.568455202671 287.339414846611
289.012840497778 288.836579416585 289.030926213269 288.731026321242 289.124427490291 288.995877525646 288.937758871665 288.950068417971 289.057212584307 288.816579794145
289.892620324748 289.840238819187 290.000746067591 289.969831175874 290.048989809405 289.930645039276 289.900629052206 289.975479958685 290.027525808425 289.616953190939
289.95347733643 289.707751875167 290.107100238152 290.086013535226 290.049859088474 289.909945962643 290.097263848357 290.054785287294 290.102256840932 289.727996869948
289.404424571793 289.242356913386 289.539475632462 289.428135457729 289.430400609789 289.245883170532 289.444198061127 289.440994614792 289.566321091084 289.221193164507
288.299306970208 288.113453437065 288.393346718217 288.469875356051 288.325376122665 288.131096890796 288.303221823205 288.222057583688 288.381869081116 287.674163857554
286.742975268135 286.596724357137 286.799367526574 286.991518888933 286.743814858207 286.650187108527 286.68022995749 286.576459309769 286.744475751582 286.309074455689
285.314068795724 285.338066681624 285.176754321814 285.238846035801 285.006402453064 285.04462671538 285.410918381229 285.140765202637 285.138545976424 285.089656668429
284.097368538092 284.372403031565 283.981810762597 284.189970994787 284.142367239125 284.117407846698 284.265833476209 284.158792828955 284.337862422718 283.734811343273
283.929908485942 283.974102832304 283.951284062942 283.837113486565 283.648269760325 283.65876133988 284.232441619605 283.946203567077 284.015575913078 283.632871719113
284.472097126626 284.325197194647 284.268919985049 284.403044686241 284.393032047186 284.439567465298 284.627995860386 284.425194479348 284.133624218835 284.324077425988
285.605375845697 285.626334005609 285.308874341169 285.941212366874 285.708449289704 285.480509742158 285.816381416655 285.600945850768 285.18023202307 285.477890866925
287.444079586649 287.345857499151 287.11834155532 287.513368125215 287.345961654752 287.166346620633 287.474869155775 287.330237640839 287.218492345155 287.310068307382
288.98868198761 288.881138527038 288.621445443828 289.082016486008 288.836437918268 288.692068231181 288.936234633973 288.924757828681 288.794933501942 288.656577388425
289.844795806243 289.81987004962 289.506647569249 289.927355263413 289.878183302611 289.709518527517 289.805852406616 289.872408782869 289.748652664469 289.570956929214
289.897421579794 289.884206314867 289.596265378401 289.911329633665 289.969643825598 289.758359935555 289.811743733061 290.042206510726 289.744371538108 289.777981773089
289.307341002587 289.125306437241 289.136084115021 289.525977537276 289.262446645423 289.236808131985 289.227176885722 289.151571405949 289.212186452167 289.064567262027
288.181325238485 287.898241791255 287.97613498797 288.218058732923 288.0883866263 288.267171479725 288.113734083646 288.225087967996 288.106268427671 288.028548697783
286.705963637394 286.530787322434 286.34760429839 286.562420139611 286.706943892042 286.718501906276 286.472740095065 286.748945006134 286.540452029942 286.520347996809
285.122631151211 284.9165798335 284.954507913463 285.180443054066 284.903749906602 285.30125001828 285.001464803347 285.183003979945 284.9155893896 285.097046457533
284.123124450826 283.728894801971 283.961146986587 284.223163818985 283.966928534807 284.098406825889 284.076429655434 284.298598040029 284.254759412655 284.059749067116
283.779824552544 283.887555304194 283.749649212509 283.781597380507 283.88622803115 284.179162644792 283.729826998054 284.024101453233 283.923884790925 283.957415646425
284.476847655263 284.083618274651 284.387305194464 284.281587290679 284.414775293066 284.59958006815 284.449557010907 284.275299884721 284.576024062792 284.414466674484
285.59074090273 285.412452706027 285.564788880691 285.836172792383 285.61516165223 285.837969842201 285.676431965836 285.678797060067 285.67976915256 285.363495105064
287.532709638294 287.257720065192 287.26283368767 287.404279808192 287.339835131317 287.74342292481 287.206848176155 287.356815027036 287.284612177979 287.109117215977
289.044212648894 288.886486443673 288.750049660119 288.816644101162 288.89147927006 289.381811956018 288.797817705497 289.147332447132 288.988010486706 288.625674304448
289.902220395361 289.864119203043 289.618290294599 289.766868032918 289.800178384163 290.369829377095 289.622230983119 290.135200871263 289.768388231819 289.651932769322
289.938434563128 289.956926691118 289.738494871351 289.802461208851 289.884630951132 290.327566708587 289.674837680614 290.27800622147 289.673835895729 289.774936643479
289.141530180547 289.277309117654 289.177565404756 289.224879774643 289.263029363616 289.716520341925 289.210627688541 289.469475107965 289.258990161011 289.256420681358
288.163433631038 288.218615407807 287.821723281818 287.995848721966 288.119064110059 288.582437413243 287.980176806448 288.260218717866 288.174164390376 288.160227433005
286.58855773311 286.679027054147 286.531825624095 286.688719323275 286.67369896845 286.965419686112 286.602859923837 286.916406927982 286.59647683512 286.615493468492
285.191314005095 285.201409956675 284.953745494099 285.110874311692 285.068618409671 285.540485348912 285.17270542162 285.416269619522 285.046357960854 285.113419260122
284.19632479754 284.181511885062 284.076854306667 284.158591517799 284.235374700157 284.440107156376 284.294550876313 284.122491579811 284.348788325078 284.192589600756
284.018399356184 284.085521963643 283.858379756696 283.927617195132 283.85019208105 283.917545517279 283.864687128012 283.801977471391 284.082970807512 284.224932994545
284.249894708797 284.584363417396 284.35322464428 284.207699380134 284.36902834098 284.636882345357 284.546012721246 284.183051666971 284.609125948452 284.578608552594
285.427900127537 285.657472487809 285.574258565962 285.509164309094 285.782452993231 285.888024466434 285.524978605184 285.522065868023 285.928375991501 285.835461991153
287.247968259456 287.471776199023 287.371325394713 287.301059375089 287.215709597952 287.542350765737 287.23309990914 287.327605929852 287.720334698156 287.365837848477
288.690170973045 288.923646351483 288.903167840802 288.748994452133 288.775091131101 288.990116613041 288.899998985052 288.985427246896 289.298853657226 289.110508693355
289.665537286358 289.929101215107 289.738355690217 289.787984902916 289.754231039785 289.990547524403 289.892152078601 290.033940773189 290.361038348839 290.066612987275
289.754010649497 290.055913832908 289.844188678053 290.038351311986 289.765102532174 289.972142771624 289.944580974515 290.082214854646 290.432004729444 290.280870085217
289.306426597934 289.359957395273 289.282812630358 289.375283442337 289.245050550216 289.332425148912 289.339567129547 289.458547354525 289.858823278262 289.641977204768
288.156914191108 288.454330589594 288.035992576547 288.256074633952 288.13758200537 288.203640962466 288.263454058823 288.348116926108 288.66490489367 288.535451025254
286.61349968918 286.741652802556 286.400281733901 286.728020809212 286.54822199143 286.509277816972 286.604202600462 286.975790244846 287.250455527407 286.930511098465
285.134442554095 285.230094764291 284.84823182119 285.13449296525 285.110251693782 285.186692072398 285.209745930607 285.205618606089 285.530222432604 285.335880719033
284.164163943105 284.101112013961 283.980715504143 284.077428459741 284.001906318381 283.926103488619 284.21417396888 284.481371257881 284.553847029323 284.210729642062
283.844722048907 283.98582856992 283.685678040201 284.022305975695 283.9900251144 283.434281877534 284.080295061039 283.972540455155 284.178608199217 284.032625632149
284.555836836925 284.563133161272 284.301004227274 284.574425323395 284.478887952584 284.324954599592 284.441172731526 284.671941588345 284.526362191335 284.551337165673
285.850297705746 285.820745788857 285.505889815859 285.859663976511 285.654137897959 285.640122349711 285.618648757109 285.746728505636 285.996184518228 285.727819600716
287.690373474919 287.760686751664 287.633185775682 287.599142078574 287.346043917894 287.096346335572 287.454016637314 287.592680979618 287.900926731433 287.292975318769
289.345878120079 289.198551289235 288.973517541263 289.115975583489 288.799454180823 288.611075633086 288.860317225686 289.035145132733 289.345164403878 288.787228805462
290.266813203663 290.20577319344 289.970990219506 290.06562100126 289.820727169381 289.650586107213 289.857696936004 289.888419389266 290.399491456515 289.754501698742
290.395856346463 290.230441124252 290.260492628282 290.235025537698 289.892548229159 289.734016265178 289.922206354456 290.077803601769 290.439014584091 289.796331818004
289.729440836131 289.544458708489 289.685580841814 289.614575455443 289.346638261631 289.106878361981 289.429952649946 289.450099812579 289.789996226696 289.206380143913
288.806406691095 288.434171019206 288.469473330342 288.530372436002 288.346619394609 288.016607655645 288.311877174543 288.193102467302 288.541623109706 287.892667903667
287.289075517933 286.732198749825 286.882671281001 287.053136886169 286.576302924461 286.748805633976 286.720306028466 286.638574314033 287.196895445061 286.520817934515
285.696242396441 285.012872684891 285.437053115838 285.46213862009 285.366742098914 285.071825902583 285.237106388501 285.170325780851 285.606211287741 285.258926897321
284.833594176871 284.055658437813 284.300432593265 284.402356239732 284.268037562059 283.952524029146 284.486318543667 284.241902141785 284.504886515665 284.493608885909
284.223510181841 284.01226270543 284.009235761344 284.008154376058 283.908293674931 283.529331616171 283.874954270823 284.011798108428 284.376202572127 284.203712201747
284.716306346359 284.636099867245 284.469749981626 284.521778200023 284.469291483603 284.453158987565 284.439625783242 284.270601723603 284.732370190898 284.460647011438
285.912334534208 285.475076700992 285.716670579472 285.870035651452 285.602999524131 285.87185616673 285.584170488258 285.494091496684 285.889090227022 285.870553443734
287.751031840206 287.269169311621 287.391257911542 287.627903906226 287.399603935574 287.415291101917 287.049592140766 287.429242566197 287.512636884557 287.587327770349
289.328218204756 288.857411704249 288.809384097684 289.095517431289 288.820896837818 289.019078620396 288.851418541018 288.815190669851 289.045047414034 289.310061508545
290.299322351618 289.630937253863 289.674914524726 290.00597120119 289.842057823508 290.110693358457 289.720176021609 289.917747021497 289.954779185632 290.369364770452
290.391163418203 289.901976496911 289.797784117221 290.021233802877 289.9016030352 290.347976576532 289.808954690718 289.999179616504 290.011134834027 290.32998927319
289.779464289405 288.975787355673 288.999237891752 289.459857632137 289.500433919555 289.49209485766 289.353038404416 289.206502806667 289.545575479997 289.62862066737
288.737899647294 287.905511863714 288.034307311001 288.442778371227 288.478597044228 288.466516890487 288.267846029717 288.049619500245 288.532810872736 288.447968113621
287.237821333957 286.344557311575 286.438214203032 286.970600079357 286.84753209188 287.029976101424 286.741053548954 286.610110242911 286.729583645264 287.000779767615
285.655271551026 284.808331413848 285.195284119932 285.330752734559 285.497641935313 285.263936157538 285.291638953871 285.0686828526 285.453352381135 285.42340764399
284.446942214733 283.754218414641 284.190564899993 284.317070923662 284.415082746457 284.498470763834 284.200693556395 284.051444918633 284.515594916759 284.50754941554
284.188836131465 283.573772398598 283.797086487673 284.032424053588 283.977065291634 284.075197069853 283.731078296647 283.646723087885 284.252330294503 283.902521969403
284.555808374711 284.187490694435 284.361931906733 284.299567095248 284.548095505699 284.444697275033 284.397490426645 284.486498267255 284.564109604568 284.347866707918
285.900898291057 285.517101819362 285.76788778155 285.7581128865 286.051618582305 285.558963078413 285.630657228919 285.702153641683 285.903574588832 285.616011724526
287.632018153048 287.241238303612 287.218449171467 287.654073607739 287.653869670379 287.266685330173 287.570615285338 287.628162941982 287.437124206923 287.406417901096
289.03417631027 288.936182811336 288.682101076934 289.27198871714 289.270709575303 288.663858874582 288.996567910797 289.11668638153 288.998926440494 288.992493035409
290.01876599182 289.714625567365 289.614358428643 290.211877717497 290.287981309923 289.645862467611 290.076864766923 289.862723572296 289.906856352135 289.765342325783
290.049888329995 289.951580518786 289.767125796988 290.384407274697 290.366226243052 290.084250255853 290.033661145952 289.964124475262 290.062115650753 289.898483733086
289.34125946748 289.519467170379 289.234482747762 289.701532109406 289.632783519379 289.272729047294 289.359123656663 289.232361296116 289.463031504092 289.27250350189
288.24710800551 288.302056442499 288.036897783806 288.738338560492 288.661236136505 288.102797820733 288.340508622289 288.195596591106 288.341354194832 288.143859599079
286.74468274421 286.960148019196 286.614026097154 287.129613391682 287.116970246173 286.71652476451 286.702588599535 286.467157751634 286.859149347868 286.560795832715
285.221569911875 285.407866057454 285.249367736787 285.734725199994 285.346938406228 285.027673534682 285.101323708788 284.852057163642 285.400664035263 285.345443880855
283.9297754819 284.457687222156 283.78266607987 284.609422082479 284.426119419429 284.051924953541 284.257390562792 283.909681007158 284.244070409763 284.348994024144
283.902023059224 284.211150299954 284.202464373125 284.123958364898 284.251401986903 283.873291367897 284.049645245285 283.636254691761 284.230308548587 284.306427433056
284.330907699352 284.491171989743 284.661908514626 284.718523354172 284.360382862334 284.287059753521 284.408712873173 284.316663474626 284.806534285913 284.457893320484
285.531810999714 285.863181635147 285.971701464804 285.893963324701 285.777707149764 285.745435137817 285.445286541951 285.652009588122 285.792213756391 285.856759833891
287.113685421253 287.692097294241 287.452613337151 287.583006516995 287.315819823407 287.535110358167 287.579520002443 287.417187746633 287.67308655687 287.506410216576
288.680363264465 289.285643799624 288.988499941449 289.053532963647 288.850958720651 288.971748226556 289.021345912781 288.920241118718 289.39504502783 289.088333903056
289.637773968906 290.23976671482 290.008933615982 290.03210208459 289.713018479702 290.109877796168 289.908085226979 289.563424872846 290.397694662534 289.999138273024
289.666298421052 290.356476073027 289.976805948297 290.074315408043 289.856286910429 290.197725630369 289.909164075327 289.878603800877 290.597463658068 290.099841812947
289.005235682188 289.714278517514 289.3394907982 289.311620858606 289.297175430355 289.647445133365 289.658427178692 289.193863515525 289.882565792863 289.574321075535
288.005529657108 288.600227476954 288.13333980317 288.338135449671 288.195535356857 288.524007353984 288.312763271641 288.218713166491 288.862863736255 288.530907040754
286.520783448949 287.14602859463 286.701620129006 286.849078833271 286.67611954338 287.08058044078 286.752931493168 286.477955914575 287.31788650128 286.95939082608
285.029001272122 285.766554814624 285.257536010665 285.216119010173 285.154960775269 285.570335285685 285.300502317323 285.253770637369 285.704536428521 285.335167669857
284.011381288415 284.574932689662 284.296728425877 284.335327741616 284.131166357132 284.585552363753 284.392574118413 284.141736203217 284.743459610887 284.196419198372
283.772397335779 284.394830214049 283.878760518674 284.072186209936 283.948502940505 284.200943565442 284.065580193507 284.021038111309 284.416798374053 284.348545745583
284.338378445899 284.824309929667 284.007835926611 284.341367676721 284.49591554448 284.862563691286 284.695202516956 284.509399215572 284.801772390019 284.665244396594
285.659697600991 285.930196130154 285.671644721816 285.606882368504 285.59883610796 285.730687923601 285.925675475578 285.962701480781 286.064260334396 285.64743740486
287.410550384718 287.587680957613 287.389223125218 287.446614823111 287.442598115251 287.451123300268 287.667319272921 287.560712356359 287.559668476644 287.557521528371
288.921597559179 289.26797053151 288.926452484627 289.061952469657 289.017556750643 289.151536474268 289.181906852452 289.237435825287 289.222112615629 289.066514162047
289.883991305499 290.094878455484 289.753416529889 289.990697911126 289.957315855079 290.106826562916 290.078431651458 290.159413119374 290.161521902965 290.018902074263
290.00178399796 290.200160352558 289.772016420492 290.050617828344 290.046896181965 290.237929410486 290.124669866696 290.236193942397 290.129623754106 290.034990507495
289.40413141024 289.60111096855 289.224664520963 289.482184238539 289.334928203963 289.607921261744 289.595695577382 289.716849095831 289.533541326208 289.615301497569
288.309088405347 288.326316933926 288.223800726811 288.464042744493 288.381719210041 288.45071103428 288.428925754596 288.539722651806 288.347982312156 288.319916519605
286.793477378876 286.947491527783 286.854051837875 286.832934134796 286.839814074841 286.75062982241 286.848704734879 286.928774677717 286.875674926808 287.018402738015
285.207412857513 285.311538546079 285.205153162464 285.045720199683 285.544142127464 285.043026060356 285.691844683907 285.67249305872 285.192537623412 285.316867383426
284.6995689412 284.327414231859 284.298905711073 284.46579287073 284.259992753786 284.075939734187 284.658977550054 284.497368449432 284.390373939877 284.298457129398
284.191475642527 283.91127505314 284.053070753759 284.464154499371 284.140374935982 283.799032257292 284.147834004599 284.311229928283 284.228493053459 283.940347257955
284.472263472151 284.404825706003 284.780293029421 284.882895926008 284.850518105514 284.489434657605 284.757964740439 284.834352782433 284.609433544656 284.641405410456
285.755271448908 285.714397602841 285.829400777526 285.95578768524 285.839587938938 285.532603545114 285.817094252191 286.054816270359 285.68917369881 285.866868703439
287.474249679116 287.576400107332 287.647070086746 287.637529715227 287.755625334771 287.203745222549 287.307913290481 287.618033967622 287.625953148816 287.586171429662
288.992167793461 289.094845667211 289.265756444831 289.219009196379 289.316902501412 288.602640980943 288.798022423626 289.291421407017 289.315866878066 288.922943741519
289.852899350613 289.704694345545 290.258789577377 290.06775968951 290.326041848684 289.542863983982 289.608871848874 290.30911101615 290.128552293796 289.959429705214
289.895662080747 289.821568493264 290.265605849715 290.221298457761 290.348389803655 289.765943308869 289.670333164536 290.234073155803 290.17236903103 290.069370381761
289.401949189947 289.341016839575 289.526692948155 289.58625861197 289.875909233817 289.098239913557 289.171286793425 289.601755792029 289.578529043 289.496899132123
288.324593234797 288.205382236203 288.36128797047 288.664308453242 288.745520371384 288.141313422497 288.106569462184 288.471946158037 288.383151003838 288.320903188068
286.528299452812 286.942483407135 286.73391090816 286.823816809158 287.156390479547 286.473357430121 286.561929844596 286.931139036082 287.041596068112 286.696796266048
285.236392884164 285.345277214317 285.139870940979 285.395394163559 285.567157108214 285.090609363066 285.051093571729 285.495303134533 285.351249678978 285.342423425095
284.396950084664 284.10281834232 284.250229151974 284.460260232677 284.497822614019 284.178765344082 284.205326413274 284.662204561922 284.468288068374 284.72310249793
284.005343975783 283.76599337969 283.731905890641 284.248241895153 284.059355527339 283.80377772504 283.963181702532 283.933897556865 284.228202325823 284.130480402019
284.49802023684 284.219276250142 284.131159318454 284.635065076377 284.521273582844 284.435692548553 284.653061571064 284.339932659022 284.866624670398 284.484384900289
285.972850998098 285.544649612615 285.567651216358 285.741930180709 285.753416869434 285.940803518796 285.775918939577 285.762267497948 285.769628406954 285.930427208967
287.63891120454 287.489895444724 287.220317553841 287.420682903022 287.510863897029 287.466426546297 287.347267281705 287.150899225734 287.357397255484 287.805704105919
289.132772174257 288.919143034749 288.740987335288 288.940005848525 289.102028309343 288.933567141603 288.964628215924 288.695294204228 289.040826898521 289.33310645672
290.144660449227 289.824548641882 289.923807989177 289.903793553609 290.121753293065 289.843245060324 290.060846775793 289.805842169768 289.787994816908 290.314684667226
290.216676165322 289.861315227735 289.995264216128 290.049309141733 290.130920096719 289.947441658422 290.086862571738 289.771768530664 289.831343064565 290.433688379208
289.822354962796 289.302290944777 289.3304267971 289.362275626533 289.489219265438 289.451617330883 289.499048977157 289.225390352925 289.167242132853 289.892301154406
288.643272919632 288.247559117881 288.236461665819 288.228155253277 288.37348119215 288.272764251696 288.186691453539 288.209861568007 288.148240642534 288.617229771943
286.924336168728 286.735982042006 286.80433001915 286.665337634248 286.989020609323 287.00737016756 286.893382207393 286.616990922952 286.512073917153 287.04053891417
285.206580621881 285.234175934329 285.404951832303 285.343241885527 285.177169057726 285.438684358188 285.512214720235 285.176994365554 285.276563595681 285.568849049367
284.323479592499 284.216306472676 284.163934822388 284.295842499116 284.468322225887 284.213205136624 283.990404454234 284.280404263288 284.382346075534 284.681403288986
284.105344634427 283.819735282358 283.833193509996 284.122441359109 284.15874540146 284.045511190888 283.81485402154 283.793274120708 284.044715847912 284.220651048671
284.532780944138 284.625789374739 284.379829491412 284.636851765824 284.49714821333 284.70206547482 284.583064496937 284.497983397509 284.401897627128 284.570093869604
285.935538781868 285.668473303778 285.793162442189 285.991898689671 285.857854232495 285.883626419178 285.717684907992 285.870772096545 285.864589762108 285.774177127872
287.3511093089 287.393332496766 287.282450289838 287.701759571341 287.564219518934 287.404152806482 287.545195454614 287.57716641313 287.35738185082 287.611907376893
288.978611981159 288.999864677852 288.755459103991 289.292165873552 288.960906389012 289.177350186332 289.19335923262 289.271311780825 288.885278467775 288.985560625574
289.826077753835 289.852402131753 289.786699432008 290.265590189655 289.834359096424 290.232896615469 290.143120098422 290.25257175004 289.853596104386 289.901774534394
289.961040022271 289.853833846603 289.925104685498 290.291117598576 289.915791225659 290.221413729469 290.207907670579 290.273934118742 289.889876793843 289.930083229734
289.284141113712 289.224761562073 289.189824612062 289.718269552381 289.43254943048 289.544038046147 289.408503247479 289.698018977019 289.418495546107 289.485395476243
288.174074881689 288.265910015695 288.234292867135 288.503281827904 288.177286336428 288.300019042011 288.306047369598 288.764707688309 288.416592020108 288.194893120803
286.760732286048 286.667662266583 286.816862520464 287.091952888393 286.80199760304 286.958849377181 286.856749870008 287.006556399501 286.874158303941 286.838107060415
285.276229821912 285.162955402047 285.15736303675 285.603176515825 285.252493179024 285.39386026285 285.267210202249 285.795539718171 285.317727707209 285.311481774185
284.290757038577 284.207542109356 284.135350015697 284.56065385186 284.348592354125 284.367947297844 284.17286623164 284.49886888559 284.267260878468 284.435240702184
284.105958089958 284.005601291581 284.117134192305 284.038288609526 283.981153517245 284.196281732905 283.903731891409 284.247245179589 284.273933664574 284.302242818087
284.452908824999 284.530290031505 284.523778260792 284.513245286598 284.500711843616 284.844361152068 284.659758755137 284.428336177604 284.475358620661 284.523336002018
285.89304861982 285.902621822327 285.912292707062 285.728795364312 285.571444939139 286.040890653145 285.714522857724 285.857109282205 286.007826781337 285.911087683439
287.398215925578 287.694556185442 287.622409851091 287.603773094049 287.429911376479 287.706998989241 287.566498800942 287.656150713443 287.69049589237 287.583044157543
289.063463435297 289.165019382135 289.21095651033 288.951821671839 288.816899556114 289.355127601485 289.115956579807 289.224198731325 289.272753261592 289.147674046347
290.109928607144 289.845038511133 290.133614765419 289.902095639955 289.566199505954 290.220170888349 290.0061824501 290.197297562554 290.423803097342 289.905016910256
290.122408872451 290.068061293136 290.012390824959 290.043822450507 289.769889074328 290.382598087266 290.071879075927 290.084754860995 290.41968296398 290.195463758422
289.553499797261 289.431522610291 289.62207754797 289.419105828442 289.040876595702 289.728958135976 289.540728799973 289.555676498205 289.734208168652 289.513719710581
288.543702753867 288.25420766511 288.58864205786 288.38266285612 288.082774865414 288.636266066542 288.533450972093 288.375460740238 288.634580327833 288.489912518858
287.27876368007 286.796987043163 287.112742982591 286.932833295607 286.75904603976 287.175037868567 287.081022816266 286.978444925455 287.069942675569 287.041156602083
285.567558619754 285.422416601237 285.381051953301 285.399629291922 285.438040668462 285.545600369623 285.622071816162 285.649755539747 285.595136515783 285.49582660183
284.592271470638 284.334391176393 284.368681012911 284.483034188896 284.513888065409 284.435472792331 284.559990284125 284.306618137878 284.3532641537 284.511879932675
284.281794254839 283.806422564331 284.075616375045 284.144737066675 284.13845873496 284.212321864684 284.324738206722 283.939238232484 284.183012997393 283.962832329081
284.874995089208 284.475541610143 284.66173802927 284.987780304764 284.77717617332 284.317325474695 284.582503838472 284.626293795109 284.473437880071 284.256142087871
286.154710567115 285.927879309112 285.637313424112 286.042309975632 286.008428847958 285.777825243642 285.886961269748 285.729878718669 286.080073801475 285.563821340232
287.708260942506 287.798611235136 287.432424728744 287.624076760048 287.722494246001 287.542917758798 287.767065900382 287.562398984055 287.719286633714 287.334159667271
289.248191352865 289.141998225274 288.836905148048 289.197700499754 289.300119049494 289.063967479545 289.318402438643 289.2089783399 289.349603425122 288.73054847996
290.19209251411 290.02179663228 289.680866122137 290.24318679355 290.257339152467 289.853571633513 290.22405528631 290.11666409285 290.161057427097 289.711144147617
290.218548583027 290.139276293549 289.927628099182 290.526761741953 290.530279875202 290.023797360988 290.250476176002 290.181075079289 290.33060075201 289.981974477004
289.645955312818 289.470241662407 289.333054694994 289.879152031298 290.076623727164 289.510549253882 289.659625867977 289.666481101946 289.780867037325 289.336499140475
288.486889510453 288.308678500786 288.194569991025 288.872088243892 288.88576057862 288.43713160639 288.467846019422 288.573488087572 288.40212910524 288.257941738637
287.135194222091 286.8762781174 286.846439519898 287.320876888614 287.135603840504 286.891005528861 287.081740807301 286.832964626588 286.949433434491 286.762472802244
285.535096049501 285.484785616743 284.986994745169 285.829667777068 285.744483982647 285.307820378981 285.585301033077 285.469139501333 285.426120678917 285.405687045003
284.517365374756 284.491274083824 284.270916779697 284.981216309764 284.605085122203 284.266909834796 284.623228603208 284.329822851635 284.405214568413 284.389556238644
284.028957219621 284.416350866939 283.895704702314 284.571653043679 284.114056786939 284.132051165294 284.295093576242 284.47750015954 284.156844815615 284.069134190334
284.787533476954 284.751938960854 284.60349390332 284.962866460194 284.695182264498 284.630604195501 285.11707690302 285.025788565284 284.609270796469 284.490086420331
285.900181483843 285.948371977672 286.036620583808 285.872552072674 285.977488208134 285.948101365116 286.306678157629 285.975247410485 285.944410646897 285.966090611865
287.431012017802 287.821068066703 287.633038209116 287.84995352386 287.801213419938 287.736762126387 287.746573415841 287.751077730136 287.609532728552 287.627167773806
288.925172186334 289.176229653405 289.342699319749 289.335413773285 289.133470932533 289.139101343103 289.508734469799 289.24027023314 288.902876405782 289.179725709009
