288.399950780716 287.96045738792 288.452187102003 288.10444039888 288.173810883773 288.342434959932 287.784509836874 287.874523502486 288.083032357301 288.588382076257
289.340437460707 288.858814072368 289.237995258722 289.002913469395 289.330357377414 289.193083658982 288.672480719955 288.883644961081 289.011496415879 289.572279454045
289.445043713792 288.859460540591 289.410601682895 289.031237991017 289.389552088685 289.419327404059 288.723693524439 288.934618063085 289.077886404354 289.518151172773
288.746112505034 288.260315901088 288.745059278184 288.451789743836 288.793991542734 288.764758807373 288.068019651599 288.36241145913 288.481643989241 288.852948195083
287.564606154181 287.12404203723 287.398887193262 287.182393306536 287.476411441336 287.530378854438 286.97419262218 287.144605724731 287.285678931442 287.85497735943
285.953279854243 285.670480904091 285.954642280479 285.650145028039 285.866751445659 285.922061445236 285.30666648567 285.603163637254 285.933005436764 286.262882710238
284.510356670076 284.339342944084 284.494444190522 284.426822615957 284.254246822844 284.309272323667 283.830236001253 284.354446477193 284.462108935385 284.578630698974
283.468662310724 282.977557675218 283.409379775743 283.26992212377 283.370062378808 283.464868276983 283.006383178614 283.094314428923 283.425865474651 283.436263790378
283.13367395286 282.972652324994 283.116899909235 282.850699690591 282.937803231501 282.974362411095 282.737164049851 282.858243384683 283.099778953476 283.222883706077
283.741723426546 283.437469423801 283.460545160799 283.71339364953 283.686866216411 283.735758813921 283.257112231329 283.340645286952 283.873920027277 283.679600707261
284.887792866136 284.778153395609 285.009628952405 285.087181463282 284.772690112151 285.044165601042 284.910107133289 285.011988059725 284.954381824382 284.796687571172
286.454926826817 286.411928973324 286.691688916994 286.869996711091 286.368558154878 286.73425313731 286.811905529429 286.699266291198 286.923754802861 286.510605590019
288.029446124607 288.277983265094 288.261768869626 288.508674506463 287.979624825463 288.298314318279 288.30818793215 288.351581516948 288.676876957666 288.120893991439
289.156543034362 289.387414280271 289.110697495646 289.419593545185 288.887461614535 289.151822806781 289.240811506898 289.297207526262 289.555772221499 289.061580673066
289.193649361583 289.368847244308 289.145120786449 289.38204640398 288.978700930625 289.181402278531 289.337905921378 289.395210508281 289.701260627961 289.178076583189
288.462238341371 288.618641050035 288.488596083222 288.793642229446 288.501450825641 288.480422177449 288.754208110679 288.693133694986 289.025622670036 288.690054392209
287.165316018098 287.367412518689 287.594817951052 287.63335626354 287.277113269384 287.168219708816 287.497741126413 287.652706858475 287.886718496938 287.36780414083
285.886069269327 285.996047805222 285.845162215322 285.906661871425 285.818605657966 285.664921434232 286.182506895589 286.061398661034 286.204612171314 285.985315100877
284.406067694092 284.465656624839 284.410097398948 284.646941908356 284.197649950032 284.471448785342 284.538957714942 284.609590095605 284.72499778185 284.477860800696
283.431440878865 283.340537707949 283.386828521546 283.573975299361 283.487396583548 283.187007705726 283.300389105232 283.49418437658 283.125386976241 283.404132855692
282.983229371508 283.031027931682 282.875779787442 283.374126534779 282.987335620126 282.962452562973 282.899317007629 282.949414552331 282.895501333807 282.844932791925
283.65801718672 283.575504610453 283.581859161202 283.597805912144 283.694002056816 283.483335390068 283.483683318487 283.458937624962 283.323850623045 283.414958023927
285.049584259361 284.932537901421 284.97369795042 284.908580119736 284.826141184581 284.76898462369 284.721212794317 284.831884347063 284.62045412347 284.622164408077
286.678627491834 286.544761975102 286.704381349228 286.765322985805 286.63524293326 286.565082780507 286.384369698714 286.380369178323 286.432802636125 286.519629870889
288.458418496597 288.111763282349 288.25858190821 288.259170575659 288.122491443941 288.142077426261 287.859657033713 287.818059956551 287.941618521592 288.158633171317
289.367699558418 289.124143238442 289.337318925767 289.247116855261 289.177883455766 288.983492716575 288.741380449193 288.925028083985 288.826245393424 289.271323755479
289.576800872388 289.188963587659 289.343030549571 289.231366871447 289.256486697808 289.082063744745 288.831396791444 288.85463706822 288.805160665898 289.527291419997
288.788388447993 288.505256759221 288.547450702181 288.547120733681 288.612975908098 288.355846248202 288.205712406356 288.257537413891 288.272839264891 288.887069304434
287.646275673048 287.440022672894 287.455992212422 287.183991333645 287.530353403673 287.364379657777 286.991244071031 286.905011920785 287.050582034752 287.703696027339
286.162470226008 285.722703068657 285.851913003719 285.556478380878 286.024999444283 285.599732940102 285.251196355869 285.459769196776 285.703470982538 286.12063164743
284.508187224651 284.320725996927 284.398236717637 283.918739787096 284.501763145453 284.186267690235 283.708018171561 283.758807661883 284.242506121843 284.708980222315
283.265470188537 283.32263730509 283.418351918176 283.0429269597 283.462211739875 283.100112306895 283.015693159099 282.817887100002 283.232974245789 283.657870839593
283.107629162227 282.990168426143 282.957167944953 283.075118420682 283.009225739618 282.612787186334 282.720811877787 282.644219415637 282.968636332092 283.385783026739
283.479792404094 283.553276088729 283.117905456158 283.258403760232 283.550733672003 283.331936839685 283.393441746977 283.491686815891 283.364817118428 283.784940734241
285.046741797299 284.919336025858 284.677470342254 284.615345888558 284.821224898188 284.472141948391 284.674105507332 284.654777672148 284.742840139061 285.007473858651
286.660996204834 286.528681800851 286.378116030268 286.340950669026 286.621294715477 286.249193736222 286.571814781913 286.458293814828 286.428449462448 286.618640203873
288.095668440217 288.283932287644 287.974193573695 287.953557246854 288.066562762404 287.889491089738 288.102352077747 288.110671236741 288.183283420362 288.327638935357
289.025222293588 289.188236596071 288.905616447483 288.847965612793 288.905146032226 288.788243344235 288.970336776781 289.173368048814 289.118997195759 289.301662759473
289.076489838724 289.198874882011 289.14044491402 289.036419800186 289.077101474771 288.878545744794 288.990447539718 289.302986802535 289.15897142663 289.308305258692
288.463073043152 288.542382271391 288.36137401737 288.520023437784 288.381546792271 288.121355438295 288.319838248399 288.575434713781 288.46488056959 288.67269153957
287.32576246406 287.344582858209 287.128016514519 287.149810636574 287.065512494261 286.92836390308 287.414511865563 287.337418350008 287.436758031835 287.365399817071
285.742855985985 285.794035550605 285.701737759553 285.722534994254 285.825637769997 285.621328821817 285.668738166858 285.825994654167 285.839155009722 286.035173534333
284.314760907595 284.23308829696 284.132521700547 284.265699929905 284.224617371584 284.248151466713 284.291164993069 284.105837338549 284.015385170322 284.536585287042
283.312635697459 283.361178609023 282.946088332336 283.212552829662 282.923081418555 283.090507165743 283.058735363123 283.413172020132 283.138728657173 283.629019950627
282.988316315628 282.903814877511 282.700419997324 283.074217262829 282.975258036966 283.027888186665 283.14139201431 282.99683359871 282.672620665489 283.362991056368
283.456054999559 283.531241117057 283.433930487214 283.713409829578 283.603594233154 283.485697734153 283.441190970768 283.31338784244 283.393012148367 284.051767569542
284.793622854321 284.799648044109 284.475514738189 285.051532959431 284.626533693609 284.751166267463 284.926948346492 284.897056209078 284.666962978269 285.109478289339
286.582246073564 286.69737785004 286.61615185733 286.847811817063 286.619495489879 286.632373829567 286.884685237429 286.714723978147 286.294799543301 286.842410116059
288.031470408108 288.210674060967 288.118443050513 288.283551973866 288.156394254351 288.320229809421 288.340276049896 288.19114107772 287.939900091041 288.402183757311
289.080406969023 289.317654599909 289.029136447144 289.322289833385 289.172711577158 289.382795626584 289.489010116451 289.260951330491 288.905565717658 289.478733198034
289.180252781316 289.344484761132 289.08890866439 289.384188112417 289.122998383898 289.38133169976 289.6059097766 289.262385422757 289.025676965215 289.587866759985
288.412307248532 288.582382193148 288.458479926133 288.722315563418 288.46005521031 288.592448993898 288.788236148987 288.73030691023 288.575957745621 288.854402284194
287.164820951388 287.367893731686 287.356680281058 287.594050108702 287.30523356518 287.565930834966 287.620140153108 287.408142092865 287.393494795591 287.718962788377
285.589569440586 286.172655124358 285.738260805155 285.917774001847 285.743436395852 285.9717689762 285.971893080481 285.792919990375 285.768628513512 286.232616462033
283.972250381161 284.586024441544 284.323072648395 284.267170778981 284.163778213295 284.636912502528 284.290643461829 284.184730685181 284.323607614967 284.5794527684
283.10638163875 283.235024772948 283.157576293205 283.154204406597 283.261630594735 283.470290092552 283.12022228001 283.122363155648 283.259041991228 283.339646331127
283.055693966971 282.950987893659 282.837668722139 282.672071553926 283.015117081046 283.115095310629 282.520629531842 282.839201975701 282.920878807081 283.071118336736
283.30935363566 283.746654007331 283.301749436085 283.572486662166 283.452191961205 283.378656779113 283.571173715424 283.372312960674 283.676266993175 283.631026583523
284.622303903497 284.931956861302 284.814629824232 284.64897727713 284.86393665915 284.817523414714 284.896525946239 285.014543767428 284.830477975985 285.062732380109
286.487894499934 286.715971314987 286.575278116506 286.415656776302 286.506132836374 286.72538020334 286.607276334589 286.62163015283 286.686017046054 286.662160724168
288.061103069429 288.268932901791 288.292210681641 288.000730185052 288.048198620818 288.453349642504 288.083679270668 288.239522464808 288.397305376813 288.21372312579
288.974880150624 289.17581582116 289.253209943536 288.985816738995 288.981657357328 289.575537667185 289.00989067117 289.040226044042 289.441278947109 288.982062473594
289.002532170327 289.362784828176 289.302438894815 289.0183272162 289.005805236044 289.659476778624 289.244064796577 289.106193286795 289.608305951999 289.117670812933
288.538314037992 288.564835800691 288.702035749616 288.283732390826 288.467732288327 288.846398930625 288.492070232024 288.359365301278 288.971600439524 288.339608167723
287.293580433027 287.223972946078 287.51361715369 287.098699714749 287.271421860502 287.743429804919 287.247716656194 287.295699811685 287.891573646992 287.209945422913
285.817897621648 285.720120091704 286.220404324169 285.705730999487 285.661591293587 286.329970332571 285.821230377204 285.878864124125 286.321459579273 285.567936361226
284.272874200498 284.335052627592 284.67490603195 284.003406265971 284.288544975687 284.520039498425 284.357828651363 284.303042304833 284.732836124735 284.285296044303
283.082483948717 283.575365827554 283.607293525085 282.879859583206 282.990442120226 283.627350284065 283.26234242952 283.329509564641 284.014747730333 282.863454798974
283.092435372255 282.955640021208 283.028132354863 283.192523863414 282.715734450999 283.16318033169 283.004920473694 283.126808411013 283.343812027518 282.997139506622
283.500199119 283.360443873459 283.614770842672 283.633611108692 283.519180172008 283.451054267519 283.596515552264 283.39683178378 283.429303697092 283.491527590585
284.83840331068 284.776609321648 284.924764125138 284.990145248172 284.848797180826 284.98397120187 284.897698619924 284.725247710468 285.086097972117 284.834210533948
286.65920319087 286.668215650365 286.738489760221 286.672450341127 286.447167207713 286.594858256065 286.648845019317 286.53580882311 286.771463659017 286.776328092017
288.2643248175 288.094414733023 288.366947536161 288.114995852831 288.14728446572 288.14196918803 288.271846535326 288.10275539063 288.443708670467 288.164849427151
289.129076194047 289.059177063461 289.405419801939 289.134280618549 289.042353968393 289.107529194134 289.153158692634 289.255847853118 289.381148730184 289.103295919043
289.248791015057 289.248804586434 289.325040620677 289.215229180122 289.178458948867 289.094572560623 289.202171347349 289.310691869001 289.381005254964 289.2190517425
288.763746942233 288.549955387208 288.560602754026 288.545667319205 288.706289581621 288.383422218346 288.710858552367 288.816664373053 288.72560202057 288.618712360734
287.668729783009 287.411114055026 287.480512987468 287.326959624788 287.414090683414 287.175318682215 287.445459170153 287.679674627171 287.534352710653 287.273227643152
285.968427943435 285.960599016948 285.947902818102 285.889574419649 286.008013232322 285.858878208183 286.083479103847 286.101032830802 285.982710717392 285.974063449481
284.525106877542 284.684241075197 284.478409452722 284.352748043929 284.626111702414 284.023988641226 284.338762219603 284.433513789094 284.612044258044 284.342179956365
283.477760559367 283.43737096329 283.292471235856 283.368323980736 283.227932739758 283.143078886567 283.456218177104 283.436626997532 283.674572312124 283.370883915972
283.065652704744 282.844338254228 283.108670670468 283.392971005407 282.896362884119 283.263742270518 283.162280541003 283.240597794224 283.288375945558 283.01626582984
283.679666870734 283.70353867328 283.58220478447 283.607843799631 283.20552667171 283.662855514138 283.58822920851 283.636717707538 283.655738944295 283.710745507478
285.084805497298 284.97214624701 284.702554120446 284.465060520736 284.777320577134 285.009764808049 284.959345024024 285.053992849261 285.006855952658 285.120252249612
286.897965075366 286.707365545946 286.797441945562 286.498723609052 286.587083047911 286.653873314787 286.811141455894 286.895009549433 286.7149635056 286.861816957393
288.604212955863 288.374240379625 288.236110895248 288.178651571021 288.22480784324 288.468463932602 288.117593911018 288.540132681032 288.464175902445 288.604229601175
289.461922855344 289.247101021159 289.145537084263 289.290143019055 289.081194326823 289.346234861425 289.140935013301 289.689229775071 289.163199496026 289.457456854836
289.454595481054 289.334770937864 289.150863164146 289.264533525481 289.132974876344 289.448854107138 289.201247663029 289.860826300735 289.371286941635 289.721052155519
288.765318937251 288.66960077812 288.345431432041 288.574194768626 288.555813975698 288.687674075123 288.640359698948 289.115567247917 288.690456191697 289.091820828256
287.523525738405 287.560709969502 287.402567263002 287.305530805055 287.323250019721 287.465712616951 287.548673364412 287.93121970767 287.562865500638 288.02567676268
286.137617069746 285.933225243291 285.935266280552 285.825764571547 286.02490003525 285.904345148135 286.137044614045 286.223373778966 285.870517125635 286.426880561039
284.765767869565 284.529848852602 284.346557252829 284.273183096338 284.416974638691 284.286803753084 284.608595994168 284.761880230548 284.497682436004 284.633410872194
283.472243547215 283.513538250001 283.288799493928 283.316841428905 283.191175917371 283.244894486394 283.489501391997 283.768442138546 283.352574036857 283.644282416239
282.94441686068 283.045374793086 282.991062081006 282.983021392534 282.864921085146 282.969019339234 283.35650000756 283.418095058763 283.091077829595 283.202325701513
283.823501412076 283.85080387703 283.435744954713 283.599176596138 283.576605363122 283.416578637254 284.142431624172 283.608617177766 283.446019007778 283.672750406545
285.002066438187 284.912018300394 284.821164675294 284.700865709892 285.04610932545 284.652790815677 285.220342223553 284.963301517081 284.940042144313 284.964319191074
286.699236882176 286.72769796355 286.668820061492 286.563707325254 286.71849960393 286.556984541922 286.754577624375 286.915174488631 286.76391037118 286.757970063199
288.112741380829 288.361014143047 288.155346899247 288.14039110659 288.277887557105 288.150346431933 288.430460945458 288.362988208783 288.291678569495 288.284940160364
289.0523852199 289.24155983012 289.085730790813 289.236415890936 289.151765784526 289.029491626893 289.438293612147 289.280075626423 289.14716847439 289.14993202524
289.099564854882 289.479835649142 289.186538763192 289.232298467636 289.322889958484 289.148719066882 289.497786729807 289.330072789816 289.10369920859 289.181927542929
288.453169207576 288.662840865495 288.473141740262 288.497861944944 288.79941059731 288.533794969549 288.688104075124 288.42403361639 288.548314176382 288.684769676622
287.312337070129 287.537618453535 287.516277955424 287.333469515916 287.507616607617 287.317812121303 287.652642747463 287.481760984354 287.221524177364 287.667476624957
285.963917940121 286.063636291597 286.024198206029 285.809342283453 286.053020608653 285.953919165948 286.07865878024 285.697775445164 285.961140664821 286.004045777844
284.496773715213 284.542644263994 284.436054815727 284.359539174248 284.609818559433 284.525488781115 284.563232072769 284.236259855587 284.441640538963 284.45146172497
283.169292506152 283.395473216718 283.258174889962 283.228894474688 283.691960905928 283.53761358902 283.387845211374 283.124120099047 283.422246510218 283.492182078249
283.252015480659 283.32692287789 282.984050572936 283.197230387028 283.371950251099 283.109583889029 283.19125171945 282.830872155878 282.860040103075 283.067428276465
283.69727904437 283.80240511514 283.656071591364 283.743722509765 283.89809681804 283.797580675861 283.830912853081 283.26313745164 283.480262550161 283.741225266796
285.059091374033 284.951224238615 284.855685241015 284.973151622017 285.063562023497 285.115576793595 285.214757250093 284.664836758659 285.120611196946 284.743886773186
286.710884555954 286.514552157022 286.856145954105 286.571082859193 286.785128387362 286.785386881801 286.710978982722 286.497319919705 286.857539687482 286.605302659128
288.425737491605 288.150634866428 288.336826767247 288.11142933449 288.51501383455 288.379191329849 288.275425506575 287.873805679792 288.274832272713 288.396889361131
289.407964821878 289.182837051517 289.317685727146 289.04874356997 289.761728346413 289.412990839489 289.108627640724 289.073031558028 289.19828867724 289.226632309796
289.288034530459 289.28854716146 289.219736847767 289.126882931099 289.637241868395 289.505496210649 289.215829709512 289.070009725695 289.210629838317 289.222674705787
288.642641924408 288.667374616556 288.706118347098 288.339025280245 289.000165508318 288.848603423788 288.514953654228 288.41308285823 288.528499485394 288.685690124218
287.440942319294 287.536075697441 287.547464279809 287.205303498662 287.862173832951 287.498183296522 287.259879591753 287.125182087226 287.246771859593 287.560624209806
285.973951108389 286.059775702802 285.82064092544 285.657803026382 286.352052769668 285.675223861539 285.960915321845 285.649969219705 285.714853488074 285.632085045909
284.32738072162 284.453001304895 284.655525327876 284.078201833119 284.695901086619 284.457676448128 284.476007555314 284.245993299493 284.333211743978 284.168258911608
283.516602792931 283.528791596781 283.344827725932 283.086202770658 283.672581176578 283.568926586107 283.412364943788 283.109825623291 283.008556530694 283.346263324444
283.214641720143 282.951040205595 282.821456512852 282.717557920358 283.514450314513 283.164654341614 283.145364548634 282.731226700892 283.038343484698 283.023060958653
283.830030822984 283.787358237497 283.43159745932 283.875955210311 284.025879847932 283.635630865499 283.77918217601 283.68526874524 283.196256632258 283.391822008391
285.154142314092 285.187218045758 284.835551798373 284.962531496685 284.926205581015 284.842406376916 285.022732755227 284.995491253182 284.818480044946 284.96861149401
286.938391977793 287.161445922412 286.713543860426 286.947926211238 286.819288015961 286.471819637545 287.097221504964 286.748558531485 286.578648401614 286.545615071003
288.419090663707 288.746443895115 288.248987044851 288.27846785061 288.417928128355 287.945951563245 288.543270337301 288.307397705668 288.069672204489 288.068018276016
289.453749859249 289.75385707394 289.157169337413 289.339067456361 289.468736045071 288.725138685633 289.425980569706 289.317806709198 288.98491924886 289.03628106212
289.620336060821 289.834402847633 289.228069046816 289.421983877846 289.564622286069 288.872662521686 289.488358856587 289.356639254459 289.047145136439 289.087774273235
288.893064771585 289.173266950594 288.593896362064 288.901697812495 288.819053846884 288.143306607324 288.829090499313 288.541415004046 288.4836852035 288.409128489832
287.688941213226 288.113430006824 287.348707371443 287.736850680901 287.664804736397 287.025219742469 287.646574071841 287.333911866715 287.240142411383 287.337630817025
285.983420694601 286.682731255541 285.94846721423 286.008163731262 285.971327291616 285.481737682851 286.065434879211 285.648641292695 285.638954053423 285.856850037324
284.514486982241 284.860839785173 284.274017204478 284.590923895571 284.683252400456 284.110617818176 284.648805778863 284.228849255113 284.119605155573 284.298625897798
283.509118397623 283.838054090024 283.2742444154 283.648096311282 283.467925646543 283.405267623202 283.522510048969 283.123970115443 283.27216955744 283.412412065839
283.027050554675 283.447872803651 282.990459360509 283.427163826752 282.85257104205 282.667751210799 283.224410710978 283.106470076363 283.005665697212 283.111872754055
283.4594058151 284.125047401418 283.594453985072 283.950556941935 283.571689549515 283.156831868018 283.535501309394 283.66180224 283.502060424352 283.672969173529
284.891657048517 284.973741346602 284.994344538049 285.250101808796 284.880778868502 284.648737462017 284.937762489341 284.764137263514 284.697070534014 284.701967293508
286.546023548252 286.520278832803 286.551570571856 286.874944505207 286.46830434181 286.528671197476 286.481085018995 286.636323517733 286.41278905827 286.44848878881
287.972768149529 288.184526193594 287.937417362893 288.316202255473 287.888604377226 288.096637602625 288.03182326452 287.92462190143 288.003718217584 288.074398306171
288.902786524703 289.201774155429 288.889352848411 289.297736385793 288.843395290934 289.031871994167 288.861490254597 288.769491721247 288.890728766092 288.8898367945
288.932508742916 289.189192750538 288.907657135873 289.290206033566 288.84421094362 289.010351709571 288.797009667451 288.912630711756 288.915818442486 289.003288113431
288.274790466836 288.373297347033 288.23823896866 288.760618437666 288.286699772207 288.383342404497 288.228467160309 288.164291971218 288.325745780078 288.457678072095
287.174680919796 287.256879423994 287.028471053186 287.454810224811 287.182156221404 287.170356625519 286.889029532215 286.98328333014 287.185457528445 287.290107928387
285.62684687648 285.701097022887 285.47464411197 286.071938728265 285.607145331899 285.686703125739 285.304334330859 285.529353154882 285.720556026137 285.678181402229
284.085553610199 283.983989257519 283.915632943005 284.430282967124 284.004673359112 284.035142755885 283.729462164376 284.105688422439 284.038663360107 284.297621138768
283.184340897619 283.163461717731 283.108457702414 283.35752005164 283.085405413423 283.232454736683 283.020818137648 282.977497225079 283.156185328259 283.148055541875
282.958604375687 283.09209041312 282.713511042782 283.175329765033 282.970325768767 283.036338141896 283.213577815493 282.561275175897 282.797264542122 282.917238593581
283.420429772441 283.641727244762 283.351285913455 283.544915429354 283.372474340579 283.419113222504 283.535251533303 283.174100142143 283.219173671969 283.445963070795
284.905840731932 284.762891251965 284.892006565234 284.829657219065 284.852788851059 284.820667039307 284.713149786581 284.557809970507 284.880624732713 284.94504117432
286.616733515442 286.481593497755 286.620831524378 286.52134103771 286.557070888204 286.489018675753 286.629832151549 286.660083634943 286.598949064545 286.820520243849
288.12190855764 288.131178154851 288.286492997227 288.070895513536 288.157123483708 288.002503716692 287.967016109472 288.187229841543 288.285074324328 288.229956903638
289.012465865954 289.125219967298 289.214200918153 289.133624475019 289.024579967769 288.917680133465 288.874210076725 289.24413052143 289.207413207406 289.25342248307
289.212857944191 289.085913314095 289.359803661568 289.023662793579 289.226389129368 289.000649563773 288.976354361641 289.476539755717 289.263651912053 289.39954448849
288.604656704646 288.605104171953 288.607024609323 288.360868418523 288.805000908718 288.448534677061 288.35011933065 288.708090908729 288.616685018807 288.764123011126
287.357828711083 287.400549282623 287.579218712714 287.213201857445 287.484693857275 287.387333276649 287.193951543301 287.628717999981 287.562976805106 287.57472610386
285.952992825116 286.079185079081 286.041264710561 285.635318527274 285.789935859839 285.641342022015 285.814769907931 286.153181392715 285.877177239805 286.03524470695
284.220870397031 284.399526316763 284.410967974252 284.270669355311 284.111184421896 284.236251700762 284.246714066927 284.671991360858 284.492693515628 284.574402751579
283.293810846792 283.161278806369 283.320795302871 283.2385575146 283.084597297533 283.055263204055 283.230051536772 283.485233511205 283.491723031146 283.466879080878
283.088407844485 282.923256508892 283.036056583054 283.093527702434 283.116342974657 282.923399576952 283.04660422061 283.317298723405 283.13138005303 282.769870495216
283.423395426562 283.744377429897 283.640277551193 283.648857860267 283.604313057494 283.483551163492 283.741527492098 283.558429478384 283.203938893848 283.447844598126
284.86234680378 285.057438653361 284.773319174334 284.672463717879 284.788224712189 284.719005057173 284.862000495417 284.671282057582 284.601753101987 284.815772470454
286.645043026687 286.751142375454 286.604732010688 286.401720170117 286.58107219164 286.460968876537 286.594771764215 286.509949763975 286.519590688943 286.554383968739
288.202866180046 288.090974927599 288.325381485337 288.141975388716 288.080216229109 288.010524052308 288.210764877351 288.126803046728 288.054792673697 288.031401915457
289.379139734517 289.094370420466 289.398995740477 288.977320348048 289.055591626913 288.918285173879 289.357950708356 288.995801335875 288.932033206914 288.901277865496
289.546798504378 289.229091596644 289.386336874106 288.98535402022 289.083833828777 288.906063503559 289.422731368469 289.013631989449 288.995537388407 289.022373131548
288.859816496443 288.618344762882 288.639453050955 288.43013763597 288.482129570392 288.43204518529 288.721308396836 288.612616053373 288.353029655332 288.379691580406
287.77304669712 287.434052728124 287.503099376532 287.310090791629 287.342555872997 287.253581901032 287.78739201762 287.507993731367 287.153842363336 287.217565400383
286.185788058674 285.898451215099 286.014152942148 285.738685065148 285.843057636524 285.864798441478 286.176720410691 285.770774487026 285.663556267312 285.774943013375
284.66289665361 284.223490503917 284.460216642786 284.14421117153 284.330275265085 283.958809581231 284.42825437551 284.513263975671 284.170095747281 284.419404290535
283.241097618647 283.199911793449 283.398253381998 283.262530226252 283.322546332329 282.896304963379 283.101170995358 283.162171560846 283.237550675478 283.282144988863
283.05868565867 282.84368277212 283.030323817585 282.895506913234 283.303795853319 282.776207880901 282.945784370808 283.05411363327 283.016212277693 282.953159855448
283.802992815176 283.428369352532 283.473312532256 283.521253170387 283.667793317092 283.687541155937 283.621046394734 283.34199254429 283.338028042928 283.571134617463
285.015811621689 284.699401983106 284.839452041535 284.713058423212 285.058613318458 284.855906425812 284.71578940486 284.720737005865 284.604522149256 285.196642616761
286.835955931881 286.360931319415 286.579362172131 286.4109682151 286.990714203196 286.762136093109 286.520779472305 286.272078525517 286.635612630073 286.869689296789
288.359391128795 287.848502961565 288.069493228483 287.901641855436 288.531549625516 288.341043163435 287.960847845267 287.948368569426 288.037974171271 288.328354914879
289.364614814798 288.999596320048 288.966631421804 288.821922889259 289.589395319336 289.294782673882 289.0038777895 288.873875928457 289.037249324948 289.554009121494
289.477744697894 289.20761402245 289.029475188674 288.993862089732 289.711214190408 289.401887542915 289.115880479091 288.902240429463 289.230956073525 289.700471737343
288.793053117748 288.628711262382 288.341896528148 288.454333504775 288.954311887428 288.697304799189 288.657421986286 288.301868386333 288.519699601015 288.934968731791
287.528086339838 287.360249301005 287.10739868572 287.276240255467 287.782507703415 287.605294000925 287.315508633858 287.183021931866 287.437745973805 287.754823956433
286.030219487229 285.988737098635 285.395141387182 285.802930282317 286.210980389839 285.96994261447 285.933471650485 285.640590515664 285.861022521842 286.411805967386
284.677532986241 284.663425784935 283.885494301124 284.452070674074 284.764892142402 284.415218436527 284.473465441882 284.101881821286 284.219949138603 284.856462446271
283.348403132123 283.375733743598 283.022610057755 283.355199401894 283.559268744474 283.297515764323 283.245385066695 283.168266853473 283.002351092845 283.709164711095
282.839127649276 283.002270737365 283.041421796018 283.145623339745 283.257139883012 282.962999798115 282.970559183837 282.955459084206 283.032040494091 283.216460531266
283.56146302422 283.90904924074 283.657861739198 283.574368785684 283.892972038864 283.352305544731 283.682380168166 283.554565343756 283.509981133769 283.845790731304
284.885294808874 285.060399662182 284.787978712175 284.888817958838 284.942515445719 284.976307158362 284.819390121711 284.881292215861 284.627494144728 285.128480825305
286.755912158881 286.66122919354 286.734562654476 286.499382624407 286.839135685683 286.738053711102 286.58713258672 286.701406180625 286.509026186405 286.801659333236
288.187924426266 288.110447718382 288.336696169525 288.011172245435 288.273874629528 288.167654115053 288.270641366365 288.463484372549 288.098879373647 288.662803676816
289.054583240471 289.093284862948 289.235552293972 289.038559946497 289.034447971126 288.921873681298 289.134608416616 289.350576369449 288.985243058541 289.609487718224
289.180659425603 289.24894829711 289.43898628399 289.171206801961 289.111967410682 289.107517077238 289.351258398048 289.454999794219 289.257084760451 289.670008534937
288.462500742676 288.647732416789 288.862130268747 288.542329772414 288.394263878245 288.551754384647 288.523182602274 288.784671455296 288.605283960812 288.868204401759
287.203890095909 287.527589011659 287.643293515216 287.503161904495 287.332027474933 287.283597599847 287.612216581548 287.635172696845 287.468189479408 288.008811824053
285.733159739942 285.904240001302 286.262915992348 285.988832848015 285.710917768569 285.725031985995 286.035833773892 286.015475828015 285.882422259209 286.356892333804
284.385960823942 284.345169641662 284.672647618663 284.394093195944 284.252384618226 284.338514408414 284.42331170804 284.45685616577 284.372136614579 284.566291417385
283.305557064357 283.238382126162 283.422765830503 283.480800359936 283.480600606809 283.436355996221 283.350069805792 283.58483661486 283.417475674948 283.745507630233
282.899172128599 283.171611211116 283.233773569743 283.11878073759 283.081749619576 283.109427779763 283.424887838815 283.041214658822 283.043616820323 283.14492465559
283.758430017473 283.611294407504 283.644005749884 283.69726303676 283.783116720594 283.559597559981 283.737460109838 283.691291119149 283.528050190394 283.956042323849
284.780702567935 284.947494715489 284.808084935028 285.305249419101 284.96035717326 285.01968036964 285.021636398203 285.282417140053 284.959629530243 284.800543255848
286.723153757842 286.729478650485 286.439130652509 286.862170848618 286.846617588879 286.76283910142 286.958688187933 286.781818370527 286.788851063972 286.986259016273
288.191514135886 288.209116042217 288.090559434342 288.576965302004 288.38474839857 288.307601503633 288.549350291671 288.279717566698 288.306001755157 288.240526089178
289.030624871877 289.23258755354 289.104228403464 289.510952633011 289.305794830435 289.282458330773 289.627542733387 289.111684703148 289.265312616531 289.063818313587
289.059846975761 289.247508332132 289.200680643438 289.428573156059 289.393828119132 289.227196839609 289.700824851831 289.169191730447 289.382026763225 289.092703223415
288.382018448257 288.56664444356 288.514092157231 288.823214325141 288.954711741831 288.61893496551 289.155713538168 288.640985700374 288.832782502445 288.476786780112
287.100144864931 287.451322102473 287.365093403209 287.617082657061 287.740610538632 287.535457541154 287.961688724317 287.636404923663 287.614120161358 287.204672358937
285.730727364038 285.946474179552 285.972797744521 285.923710193269 285.998283139136 285.943249971854 286.431099880908 285.795108388288 286.230441039483 285.832811449681
284.187111881199 284.528848580728 284.392355625225 284.552666368807 284.687032470938 284.527380011288 284.665779014459 284.586957726859 284.839804933708 284.432679338711
283.279659362633 283.683118953271 283.754790317975 283.108001306826 283.572831633491 283.376995336964 283.753952515859 283.674341916468 283.755904717205 283.568081704317
283.254521930174 283.287300930152 283.223177894122 282.892926355561 283.328643512013 283.279236727846 283.410056417434 283.138282694942 283.323622135175 283.174405806621
283.498218598294 283.573490439626 283.750149465043 283.694059981968 283.917653849917 283.499048678398 283.789768079053 283.647334830312 283.981909784742 283.753975193892
285.083575456791 284.881662748089 285.08779955318 284.916817946614 285.142174876297 284.709386492466 284.930411157002 284.855546060888 285.121212329838 285.05962516128
286.864319015373 286.513316152629 286.84390983645 286.768902270633 286.768373578336 286.524331742834 286.901848977416 286.615146820903 286.810870134715 286.783589336764
288.365663009362 288.20342370953 288.407644165638 288.278495518237 288.4082839877 288.197061391913 288.353050840314 288.262409801201 288.467207442291 288.288877689641
289.250981032906 289.162970504051 289.328635898179 289.370824350209 289.356169680811 289.095925324512 289.168045584996 289.136389192597 289.516859232135 289.124537349826
289.423600134394 289.421755879638 289.339162351438 289.450834640779 289.454601590641 289.101600335941 289.2271169841 289.129980907753 289.606806987075 289.242258616387
288.811674121762 288.946549448682 288.848353446285 288.729508745595 288.933025028585 288.556656556673 288.63984447583 288.494177718256 288.972335862412 288.71392830342
287.495009506756 287.667445050644 287.69953388831 287.780151515518 287.777647615277 287.388319524562 287.500352750095 287.31773676016 287.79320121798 287.523450123139
286.147789126731 286.204550186932 286.078598099293 286.224588696295 286.365410719679 285.878935608021 285.933164452849 285.90815501627 286.338190582305 286.046225889027
284.359550419045 284.744891887515 284.500797066072 284.584383253862 284.733321392073 284.471520843361 284.370693691291 284.372044823948 284.636692502386 284.503001750022
283.212509722721 283.553762508817 283.430793816364 283.647818122397 283.764577800192 283.188039709952 283.268505339345 283.219124914302 283.301085837585 283.577599055936
283.420656069153 283.349616623384 283.388045621836 282.988556300015 283.337735567874 283.207986536579 283.409415598279 282.889568318729 283.31165909936 283.23844617051
283.740404171831 283.741682840753 283.84552760578 283.671762994317 283.759125660575 283.709363661145 283.973195843526 283.721509920436 283.727442305664 283.824817387119
284.86753869017 285.271898688637 285.009098312926 285.105098565917 285.305936387099 285.029894292058 285.095907654172 284.963274732649 285.088487881874 285.234133130224
286.70578874234 286.713228170934 286.774066570735 286.943356720321 287.035721850208 286.810250762518 287.009119031179 286.696359834083 286.754857887022 286.90993848763
288.165493099605 288.382220068757 288.470104328652 288.416781560365 288.575171757204 288.382915309074 288.543048454919 288.259627100127 288.328709723915 288.416966219751
289.036073542356 289.470997747054 289.493092538608 289.340162106348 289.612644539582 289.224368120155 289.404000828902 289.23595367668 289.292768584262 289.316371375077
289.182269364748 289.522253132883 289.489037231409 289.358467089709 289.62219254025 289.43500242959 289.620042284888 289.147770910663 289.466352624554 289.307709728102
288.617677318149 288.816734023659 288.845530017143 288.666972926141 288.947035825735 288.742040209892 288.999462097747 288.536552390759 288.705971574538 288.74469000651
287.642937086503 287.666314700479 287.848257354082 287.635187569869 287.751621940653 287.615508130863 287.981568713081 287.114196214816 287.555766309234 287.663366437784
285.984247918652 286.180143662303 286.268368739649 286.143144551404 286.333493265569 286.017500064825 286.341946348126 285.523025352659 286.056137871286 285.966722466874
284.500932454553 284.655347036423 284.715067720954 284.400861452045 284.808344352764 284.437976525071 284.871084510198 283.855924034886 284.42153225114 284.822199145958
283.474973068724 283.609143512769 283.852999776596 283.615083477758 283.775765587383 283.380513002188 283.663622287883 283.232891658924 283.583315812626 283.716833311264
283.229074358068 283.48682465015 283.436512806494 283.37818059803 283.455198258656 283.004257821012 283.531664027307 282.942714968449 283.336838501377 283.418794939628
283.708005909254 283.968282675168 284.075337734817 283.732600560454 283.767860058834 283.695023861638 284.146066386212 283.463896736757 283.981330915025 284.195579695232
285.121204202426 285.254877525944 285.23150221641 284.933736886522 285.087575994683 284.907750086214 285.300653042904 284.790515186289 285.358083182056 285.321879514298
286.908575381634 287.386387362654 286.999595115416 286.959482755607 286.728860055713 286.60711293775 287.070595905675 286.662574643745 286.827920616661 286.953785380058
288.488282792217 288.854243443715 288.622873989144 288.381230868223 288.37787569305 288.211700770502 288.874475481748 288.404475967857 288.157158219772 288.473311333969
289.3072606606 289.828423491878 289.625262232305 289.174402594 289.329184385483 289.103974406606 289.682235474686 289.271421311645 289.145885011872 289.486799856757
289.38470600648 289.862840551552 289.754562581661 289.2044851108 289.294900261292 289.315633529366 289.805530799883 289.55196384032 289.245943245519 289.486592252797
288.785552585215 289.267173070723 289.263669239562 288.620965338358 288.684428428025 288.607671442441 289.279459679136 288.930480513613 288.556664589454 288.880293088135
287.682140786766 287.978524112462 288.031909580714 287.563991191662 287.509089550969 287.466898922429 288.133945097019 287.648681040668 287.518057051058 287.664982231926
286.270744691063 286.525481893075 286.454621473753 286.135804273941 286.053252891635 285.952459291982 286.498239001851 286.222681687431 286.063878208988 286.215582616216
284.699394055417 284.976720716489 284.786936061253 284.470231546746 284.424642704811 284.486547187535 284.731342084028 284.534256222312 284.440638495227 284.933744366201
283.793199460528 283.619727764398 284.070047696785 283.384867560831 283.359310717769 283.484714953392 283.612385636918 283.370978813093 283.166829182078 283.663052125005
283.389213765644 283.372227782817 283.468601803804 282.849646282283 282.992552452281 283.345952778028 283.295156955938 283.202365010196 283.036076599274 283.609485414469
284.064350294885 283.664151358283 283.967820960616 283.917795431507 283.853927537704 283.835297579469 283.911780485107 283.756126722459 283.338618051462 283.93205291756
285.13417359489 285.21000635468 285.634599966576 285.052879884013 285.124832577994 284.962432721308 285.083595426331 285.320039384454 284.868280544532 285.206197981258
286.977178251159 286.83567870287 287.293192753511 286.919705424795 286.718430231287 286.985251624706 286.817038790603 287.043846582465 286.730535563356 286.929508921617
288.515924367637 288.415429301779 288.664957748526 288.445966942053 288.228496633211 288.446895821544 288.461321261162 288.563305507229 288.373117826195 288.405529661352
289.419653925207 289.262205086636 289.665871905086 289.408817150759 289.34872358949 289.432120045412 289.26415690913 289.573687148927 289.213818653155 289.381005186269
289.474085367197 289.310137300428 289.66991318687 289.417294069305 289.490914808737 289.458117186172 289.343280202396 289.75951496372 289.440201144236 289.43354027489
288.84531902231 288.720931214314 289.00486448474 288.956676899203 288.730241157091 288.858284805192 288.750927613458 289.186373089597 288.707334338573 288.899490986705
287.901912308674 287.445295928502 287.780463082145 288.01039448364 287.669502878061 287.707055598642 287.681416044189 288.176567550442 287.583316795065 287.676930488662
286.19358297375 285.978424970927 286.287330751037 286.617743262086 286.180640746372 285.987454965079 286.139416841716 286.561394436395 286.093529217307 285.917208466598
284.94141178601 284.53472305186 284.712258876467 284.885477489969 284.653364225689 284.725579477894 284.660403421229 284.89558540382 284.37798062813 284.70950389367
283.801620171911 283.498033636311 283.47455497679 283.966624938508 283.532180040738 283.403647917795 283.843503550622 283.982597040356 283.350180266849 283.884413449273
283.679767107557 283.325218653043 283.266821989937 283.376779574918 283.519762135463 283.138561046663 283.647491495068 283.373271383026 283.356199282798 283.411427165424
283.856788893239 283.775567580065 283.748633099331 284.168770418328 283.707532458508 283.723519684148 284.055745456344 284.09794504821 283.989280519236 283.950891591181
285.223753995526 285.284186545749 285.446872934675 285.305866182811 285.055774188018 284.977200523337 285.071112047617 285.461113934327 285.329936591471 285.243655331913
286.891273329944 287.05757833491 286.84633698702 286.911156508257 286.984716128616 286.866136058903 286.879655859334 286.997584429233 287.055157589861 287.032037601681
288.703913857235 288.60859698388 288.252559425674 288.484903651545 288.543499688963 288.543389423335 288.369249591123 288.609631479457 288.699569429766 288.458380879667
289.564538550513 289.426563078267 289.1292348926 289.574705441242 289.647282883345 289.408936817405 289.206630972818 289.526883398423 289.869569157239 289.334112256178
289.736161094208 289.580889964376 289.227248375316 289.686282128672 289.593768362562 289.358448374078 289.277695340671 289.667746082276 289.981570510615 289.447757146644
289.049784699251 288.915639676012 288.567248287619 289.011358157273 289.032106912958 288.690559833668 288.672035887007 288.920323918654 289.212863243483 288.921458463665
287.775091553093 287.607381359453 287.386506089762 287.74251635089 287.8540242685 287.537216009691 287.648216461977 287.720429297004 288.022988004834 287.873856193262
286.257379647922 286.287134998988 285.792367403317 286.252430878661 286.369046190866 286.154714163461 286.153863658948 286.160321511935 286.475517431714 286.423703887864
284.597101927616 284.77241592313 284.897814220466 284.87318906042 284.707119780502 284.925687239474 284.609999878195 284.501517762106 284.912381291591 284.827734480625
283.783027257267 283.548325591441 283.801400083387 283.877251693203 283.624799581318 283.720977348233 283.497989463138 283.636241081467 283.797208332718 283.997868430791
283.588176054372 283.174549653049 283.437875685862 283.547750131473 283.469939166383 283.613394128068 283.167723884855 283.064278723749 283.629029338626 283.748856434
284.067074921917 283.828367186316 284.083382146876 283.671564258664 284.172718228048 283.840749292962 284.143461519206 283.802248879403 283.731258932395 283.973755027465
285.410726395646 285.146543160609 285.464071833951 285.276049655759 285.167016538085 285.204445190695 285.372603242273 285.020328329465 285.301230233709 285.540088217903
286.885227164868 286.971725399838 286.993535059221 287.130339656864 287.141841109055 286.903531488489 286.964652832717 286.829073427648 286.878807111296 287.13536449717
288.51075561322 288.358124478274 288.647681790161 288.460615984711 288.475098072001 288.613839111067 288.433325325037 288.209478325795 288.397241314004 288.991339395905
289.659329506477 289.40980569176 289.63477650932 289.3198255462 289.327012787444 289.816507632044 289.2682357175 289.334554818464 289.257136368972 289.907843515812
289.741160883395 289.397123752041 289.548045563112 289.533149447475 289.562129671625 289.842529401222 289.493516720147 289.358040361112 289.194727092068 289.970626246818
289.080685381352 288.949682670753 288.989983585873 288.716642416316 288.838100550076 289.09456085153 288.939505683737 288.724500140622 288.502927711724 289.359463179623
287.810588657775 287.836098592474 287.950681243091 287.763022127255 287.678386870721 288.083867726648 288.028333885404 287.552120278416 287.279397303673 288.20666106624
286.359115901271 286.312416823908 286.416001105556 286.23864932086 286.280720353176 286.532122440871 286.581402979936 286.018865767022 285.713980414923 286.624119132352
284.654983013945 284.899988442933 284.857092034617 284.548937357618 284.57901499981 284.807202271806 284.882567956288 284.561875002544 284.558900197889 285.431889707424
283.792871033953 283.918150974141 283.656810031357 283.557297179044 283.927933736151 283.942875745568 283.735709153376 283.689351837972 283.202891885571 284.481312523025
283.545703749909 283.344993508887 283.771281387035 283.310638896191 283.666623070312 283.629328534022 283.672693306933 283.490917330297 283.195569238749 284.070434970076
283.725239873995 284.005680115209 284.009535396615 283.866327010707 284.04250640878 284.223795220576 284.264673036922 284.049137740949 283.783103194876 284.249935414801
285.289323061962 285.21588884107 285.142347898846 285.44977344732 285.484402386632 285.491942770658 285.485684207793 285.16278809673 285.166740013237 285.26853021399
287.270431068156 286.888622471915 287.05984808938 287.04575850376 287.224708877356 287.11224373997 287.400963298026 286.91937780712 287.044779729011 287.218177998772
288.729986104182 288.276875530147 288.68099311897 288.472171929024 288.669421926247 288.808962852529 288.93783271019 288.550280276566 288.591491041318 288.769633124926
289.583263635032 289.375257843115 289.519674703446 289.486160130561 289.640239214826 289.762134922407 289.879665074401 289.44820270662 289.798681272133 289.575278301394
289.506801100825 289.562222497966 289.697714299477 289.552811969277 289.801581228258 289.798263151082 290.035527241314 289.322934382644 289.768451161007 289.648113994885
288.802405596036 288.803166132022 289.064956317422 289.030968716804 289.335515527416 289.044220525913 289.314003330223 288.77526688519 289.156036338568 289.018431331458
287.739988617747 287.973679924402 287.974200848127 287.893538473126 288.183384385431 287.816554698156 288.398409736534 287.623104355437 288.080354944812 287.826449262715
286.034032293979 286.316250362092 286.354847366782 286.294034902285 286.441942469685 286.384166353976 286.8065056766 286.195447644921 286.423119286052 286.46920878783
284.789775351204 285.094006339085 284.793198004948 284.831462270671 284.818329503574 284.987975396481 285.320018514854 284.354380862454 284.79841987891 285.018595061276
283.804397577776 283.864918098718 284.039919451752 283.807093422922 283.903868432721 283.65796004316 284.110424742475 283.410430605396 283.925452232114 283.841092129755
283.417937155826 283.588979417006 283.326545385339 283.443528292127 283.591642855644 283.358861600445 283.999209896933 283.465481117257 283.338049358035 283.773522430113
284.044991831465 284.146225124919 283.876417334554 283.896562999079 283.931867252685 283.943319060655 284.141276215434 283.854600194206 283.833507503112 283.90445108263
285.341804617659 285.300525088788 284.983222859766 285.464302539585 285.416975170929 285.282896656802 285.62465877989 285.219616945592 284.992459037333 285.433996414782
286.953302486458 287.236245654341 286.776760512482 287.032605341848 287.267014256225 286.859427202378 287.263430434019 287.063994168217 286.781358193616 287.011298945504
288.712831517154 288.72949820663 288.438255976413 288.46950350471 288.818765661209 288.638943174606 288.794076791384 288.371879751828 288.397655255419 288.490889893985
289.686278871601 289.611397125306 289.25774460665 289.46530522492 289.652882566555 289.552551070501 289.788124186821 289.373134642161 289.199303505916 289.601795869253
289.702218554748 289.676500496659 289.369111876762 289.56571547541 289.718798551938 289.623503647971 289.910355070761 289.502347892279 289.349743984794 289.72129540137
289.268285284709 288.916433688105 288.759584742655 288.992161581161 289.007047491091 288.980425679591 289.173931121686 289.051549415286 288.683118310929 289.092936918733
288.161772052201 287.878958373464 287.491955648713 287.976072719785 287.97504213011 287.819691782847 288.150727773072 287.792624996164 287.533709654278 288.08837514886
286.536493185363 286.398285023893 286.345591993521 286.559147402456 286.495005191677 286.159530300978 286.608873609765 286.150574262523 285.988968954802 286.472535597835
285.00017508935 284.883612423715 284.653035689303 285.193366177533 284.990955525335 284.688042708502 285.072358392276 284.648062726091 284.372074299194 284.923266623966
283.693019064846 283.708473651775 283.759409013483 283.983314906479 283.774720540145 283.524384007204 283.910297505911 283.893860701814 283.555528662422 283.911918640124
283.599551596852 283.63220964637 283.872297780242 283.602107256223 283.627292644796 283.462391626167 283.862951277185 283.422092013091 283.133306366634 283.40369280174
284.309675279505 284.037906702084 284.149623116941 284.242171325908 283.822113107068 284.036480166267 284.265586344927 283.868552010323 283.791688480993 284.087999068379
285.696204172897 285.417187643699 285.264873388427 285.635236117643 285.370756288141 285.224473576515 285.372899272545 285.418455529524 284.919341111795 285.343038041518
287.369549018012 287.152282477045 287.0275286717 287.29970172246 287.01036034855 286.905073962415 286.991299703257 287.194948461969 286.918790969742 287.238850913756
