290.199053349052 290.195937572152 290.21927989596 290.183019417193 290.302908592391 290.220408870623 290.276405862315 290.317527371694 290.221909348668 290.253576295082
290.636373051049 290.491111932549 290.762428760183 290.518046377947 290.889992573375 290.690015045488 290.520901868455 290.597812324173 290.848919057244 290.603402997125
291.454775750812 291.579862650854 291.481546751572 291.730542672256 291.601051668012 291.591869785488 291.543078624736 291.468865776738 291.515084175446 291.325017827007
292.175507236012 292.289312535594 292.332486175046 292.430745038624 292.290473381722 292.329200187058 292.223069520824 292.377760949625 292.299228265124 292.367317007832
292.849226271669 292.855596220213 292.865638566356 292.951388226256 292.816513900363 292.860057350036 292.790081542566 292.832169193536 292.987419443216 292.863690986357
293.49091000354 293.347916769585 293.389540918142 293.491809122556 293.397359979174 293.51904783082 293.305720025606 293.382388934721 293.512728264899 293.446113373291
293.807973402039 293.6568022219 293.780192502112 293.850056414875 293.810864352359 293.774619089611 293.72567829924 293.773937028257 293.847328106881 293.825605112085
293.715727544213 293.662171215559 293.732213179298 293.725687526681 293.762552691791 293.687622159165 293.533918360338 293.784162179724 293.802714153968 293.638994130327
293.113419907467 293.038084237543 292.996292616891 293.012074856975 293.171297073596 292.963068566419 292.917067369011 293.029029990034 293.107227469897 293.043849528708
292.086606065975 291.957110371101 292.094874485949 292.117502964862 292.262473346063 292.0491131176 291.974804432618 291.948634344908 292.222667973848 291.967336516057
290.978394294208 290.935107706806 290.968967972952 291.00785901952 291.000771944143 290.981426901493 290.906415471181 290.848709823365 290.93673671792 290.86824009105
290.171334909481 290.107079649818 290.247010576487 290.073379048115 290.423229567163 290.116364901831 290.015965957177 290.204597777759 290.215051993821 289.889755737171
289.997919655336 290.259735700851 290.173223005189 290.25676853596 290.195358246349 290.00530748612 289.820811124698 289.996070700522 290.261636715562 289.912032896041
290.688144353362 290.640788161244 290.379586650568 290.756609855871 290.970522123569 290.445921063429 290.166146114528 290.607491621821 290.675656907721 290.481192464374
291.375426627497 291.4819762086 291.550796701149 291.449714442595 291.534528711121 291.326402505352 291.201769704188 291.315361353522 291.644456070924 291.240252745896
292.245638717013 292.181219163577 292.313551010008 292.291316227453 292.352437865699 292.040368518501 292.085909231073 292.105278833253 292.335395448413 292.10820255176
292.807441577621 292.821220434171 292.860067493121 292.798703554677 292.934175341465 292.75616593767 292.661272737065 292.607384126895 292.858802982222 292.703463797638
293.314757564042 293.337721880761 293.276928302225 293.231083772202 293.340066725431 293.259646893682 293.141904530146 293.196445122952 293.340370901542 293.258630125218
293.55949933453 293.679710586944 293.634935561783 293.501591503402 293.569078641908 293.467809380077 293.579327599447 293.582498815347 293.670531594608 293.626129500556
293.46298242622 293.642984560101 293.445954889172 293.383970569237 293.457278861611 293.390238451411 293.525825320144 293.545890412895 293.5443693413 293.537297142753
292.763500069251 292.976315440698 292.74791486053 292.784508101406 292.69729171297 292.722737759844 292.887346243977 292.838413009609 292.839295345058 292.863784725717
291.720329028904 291.902542701028 291.749350997627 291.643629039657 291.725403104642 291.654018908265 291.818360775566 291.692056453205 291.820223563077 291.822781839844
290.444434196704 290.742430722277 290.761715501695 290.50811991336 290.55101199847 290.625389878829 290.643417264812 290.686995930873 290.669112862066 290.754374139956
289.71245836742 290.117348377486 289.937456234656 289.714724747117 289.601916039556 289.841219599182 289.803872078162 289.914814015825 289.921185827966 289.882563814985
289.652810708414 289.379223105023 289.51058260706 289.484769065663 289.537629951487 289.78753164043 289.881203206169 289.908099191025 289.861866117766 289.901185671561
289.936857409646 290.177934664557 289.970919101893 290.098953637854 289.815849230733 290.023658074348 290.236601173016 290.089198169017 290.190596449987 290.324139321235
290.893525663108 291.154112895785 290.99692753337 290.979068078603 290.8411017182 290.916182947583 290.908589489764 290.912091728261 291.039148775454 291.109252523602
291.55891931786 291.775269295795 291.844878239816 291.71531647837 291.771760735694 291.828924767164 291.791733913005 291.787067295107 292.085549095032 291.88298618467
292.297725875411 292.430178550494 292.495198583821 292.385795728609 292.319967015253 292.439984430404 292.217740631296 292.350551293585 292.602669382953 292.439567795806
292.789535929948 292.88569627228 292.883734157475 292.940235689435 292.731380013157 292.939980652346 292.819928581722 292.901088550235 293.064708315521 293.038457814437
293.281616795014 293.329812210942 293.232168108113 293.235994977317 293.176847905023 293.324194200336 293.220389770767 293.354886105233 293.522950939586 293.254715302049
293.175186656291 293.218853399989 293.169784055381 293.319368201637 293.17823550312 293.157534627868 293.189001985122 293.175995219229 293.368196148671 293.07379175272
292.449088022455 292.62592074198 292.52151873551 292.586995319576 292.460824994046 292.435737981234 292.527828402029 292.559518494848 292.723038400957 292.507923173736
291.542955258242 291.705211141499 291.575647257716 291.729688642325 291.429563682033 291.427541909806 291.515727642822 291.503925926795 291.677684804488 291.490792736443
290.357280337081 290.459181307207 290.529551771185 290.419628627308 290.423243359611 290.461905305796 290.308309169831 290.34743818082 290.547657248269 290.1946166399
289.624119246427 289.762910197065 289.633956482141 289.671954435108 289.54935649835 289.497967236738 289.578474096205 289.326861799025 289.725508107579 289.638492663207
289.434375212361 289.490469801832 289.734704461075 289.483336339869 289.487053183424 289.369475429149 289.46717043941 289.447020845241 289.595714716713 289.494122630588
290.022796548271 290.046261207464 290.24693934614 290.034725671287 290.138857871698 289.90327882797 289.888350726802 289.866282256285 289.830343641351 289.962511715294
290.824019032037 290.80594125468 290.873506389251 290.867622592038 290.687680914878 290.854207557805 290.785036524828 290.956375398383 290.753800340286 290.571930812654
291.683503806336 291.604902665115 291.800878020103 291.762106441961 291.637260244253 291.460563026552 291.548482358827 291.522500328192 291.808027055551 291.431456545406
292.355550540574 292.345184665545 292.422678260983 292.456625495231 292.309939746879 292.142481319223 292.268009218262 292.279214885019 292.364742150238 292.18879205821
292.848643119247 292.778031928199 293.025300274312 293.020294312022 292.738416040784 292.791794918444 292.793554687639 292.738713400729 292.893369738439 292.725751019662
293.279875597464 293.112135342197 293.380422661261 293.382245074598 293.16005801247 293.203817222752 293.184631904664 293.186985816126 293.186271570993 293.186069347903
293.288391055215 293.055872653798 293.339616446911 293.287933228893 293.155911404754 293.160641657499 293.099451430671 293.163967261199 293.164549162231 293.046544247121
292.547630950538 292.331585954269 292.779085033536 292.745453992518 292.473550839066 292.44336839175 292.464770654919 292.47067391336 292.516056850306 292.424688696653
291.608773097849 291.418942065764 291.811672026667 291.689826623156 291.447384578801 291.57029652697 291.549718642175 291.607612563066 291.526897055669 291.508702335515
290.516698927653 290.2961053899 290.922261483235 290.651439546513 290.319875796995 290.430383613085 290.518839809416 290.513141465681 290.298583948588 290.468386831321
289.534967820233 289.468957532471 290.185557177457 289.703428541676 289.674283555426 289.762374337382 289.710386192817 289.977721854274 289.546135174004 289.648307660486
289.510725554104 289.393669293465 289.902863764742 289.488004229752 289.371654816931 289.536703271461 289.569940634389 289.649473957768 289.313574473808 289.728209751886
289.730786754516 289.849505073203 290.159496813846 290.026356087305 289.883280953894 290.120810026807 290.128151346768 290.107488450311 289.922224251566 290.170614197434
290.662898243663 290.945786611122 291.172575809281 290.864281530148 290.881420157839 290.725320137794 290.89731746787 290.747000436951 290.700723713045 291.079221005559
291.543288810926 291.680365437558 291.931648782651 291.704526110928 291.702452478643 291.691582343073 291.776395957409 291.752602171908 291.777215693515 291.839586049888
292.225612305809 292.328103497125 292.573967387552 292.409622229054 292.412360583096 292.397611021286 292.400265197679 292.430198483033 292.40863273613 292.60109297914
292.811279372317 292.887899969554 293.078492518529 292.989145766372 292.943623626056 292.905877236821 292.960781618599 293.034487090433 292.94487073389 293.000270232603
293.20645674553 293.221067176773 293.471600306264 293.395139564768 293.318022527228 293.308560260896 293.371547021652 293.46374780625 293.383947989379 293.399452671132
293.127611999798 293.148477346845 293.421562600498 293.346282914573 293.2962884214 293.42962982945 293.395140814983 293.307896896875 293.367421622141 293.297066588485
292.364870258364 292.438750914242 292.725925859497 292.604227035422 292.600333997509 292.827286818581 292.703970249516 292.695594855321 292.680359547055 292.623929421443
291.416779187487 291.488804369015 291.696061489101 291.558811055729 291.583856546364 291.782398009888 291.655009892067 291.653752860607 291.562427283687 291.746898734211
290.339194599971 290.458602147277 290.61845919688 290.449117524741 290.594829280024 290.716249936855 290.547882821298 290.616073266751 290.614279390566 290.518378655744
289.486972738825 289.635043816439 289.910214096871 289.646262897357 289.769181152562 289.918074925062 289.744201255228 289.937758061083 289.956221222116 289.678915484086
289.550237011444 289.197743546406 289.884016272131 289.755770916713 289.577315014131 289.888574092401 289.546473023556 289.717012361223 289.861973891503 289.467041282462
289.969554374099 289.946362253087 290.133685643441 289.95426158458 289.852246266811 290.072089814491 290.099389741871 290.193168574284 290.257914128669 289.994681628631
290.866528699838 290.850318770121 291.280324888677 291.039142946162 290.857003168777 291.171565518932 290.952900447371 291.229671108483 290.877363673074 290.812253260486
291.721803353663 291.603906063884 292.133290995943 291.728846015454 291.734346973149 291.888636669524 291.682589563894 292.053056367945 291.918080081707 291.746197491288
292.290776541414 292.289359431754 292.691000478049 292.370655266705 292.356841605713 292.492175896829 292.396625768895 292.66381578493 292.575015580339 292.455404508481
292.909791604869 292.853908365023 293.212147722774 293.008617663362 292.955497063807 293.006681356605 292.94225517523 293.154933697968 292.996905872573 293.022034314563
293.170887055467 293.220048970978 293.54321211472 293.414956448863 293.424039987556 293.377888360936 293.393011890667 293.539969836702 293.338080495356 293.417877549277
293.109920479169 293.099627447099 293.477252842067 293.389831507267 293.386725801884 293.307513419087 293.379804329207 293.401894128193 293.22887185216 293.379706196308
292.460021561806 292.381857855653 292.675557566852 292.764733574078 292.670970652501 292.659810537142 292.694987394624 292.708416091981 292.571451401672 292.641932111728
291.514998929937 291.353067044986 291.76275828276 291.852613634492 291.747285653486 291.652560750991 291.839738081965 291.7587172658 291.734073588812 291.701747262799
290.592664704901 290.332636873432 290.61882034644 290.696034599167 290.760512013259 290.672654073348 290.610066644318 290.717856103292 290.604134996042 290.584467433702
289.821699314161 289.506203150635 289.755544815987 289.941076296011 290.15209094533 289.923081828025 290.035342681236 289.735059006906 289.779352778051 289.904174912418
289.745456648666 289.633529737556 289.851404416596 289.835929979944 289.926569996704 289.735367039934 289.713751826604 289.775888137702 289.831090742393 289.808717908604
289.99705704823 290.003003135438 290.322769005062 290.112822698108 290.37739926153 290.254092236125 290.374563922014 290.286034813859 290.264058955525 290.288191397801
290.901046787607 290.922645034288 291.160436864784 291.009971702287 291.221595399779 291.214270662792 291.103969961733 291.001741039636 291.086379370041 291.257591904041
291.813203567972 291.796600040958 291.881698922682 291.811443083076 292.069020572909 291.923848992859 292.030822370623 291.886676736949 291.870335347302 291.921204684674
292.363426540963 292.261611257802 292.609153082097 292.553625196194 292.697101768667 292.480921535117 292.744235689076 292.556093989024 292.672659614926 292.711847968992
292.942612736955 292.925148182877 293.039453378344 293.159044172673 293.286360609975 293.065939894418 293.277062294425 293.045430527727 293.177032453335 293.205132211966
293.348260414818 293.324759344976 293.379084721 293.522410695632 293.507823737737 293.427696758936 293.612869756915 293.369641136221 293.602691821988 293.521505489266
293.20527258572 293.271460291537 293.327683352719 293.460786909355 293.407050147622 293.287910641705 293.578161255012 293.36654999826 293.546699637684 293.529223192315
292.489543887223 292.739133279934 292.565956493563 292.736072427994 292.683619979089 292.707385067567 292.946230079623 292.766807187507 292.970749416169 292.779616447333
291.456994056086 291.819909821993 291.548793980797 291.845885498729 291.644477836514 291.584911323851 291.997194704286 291.729517345389 292.074484150432 291.786810583477
290.533629533528 290.796385301463 290.428267969118 290.71911585001 290.620634027676 290.585144730755 290.903349183903 290.574644742301 290.960319169135 290.750261318389
289.683453030474 290.013499694507 289.744203933264 289.766866019801 289.992589033329 289.893408193505 290.386068240662 289.92391257294 290.342861414635 289.881281727089
289.374152100667 289.895971290884 289.582275270731 289.84961686744 289.82470620148 289.837994373269 290.163790004568 289.732848418777 290.180980205565 290.001753624885
289.981007930247 290.310961162705 290.053206739434 290.231069838429 290.261334141039 290.023390169826 290.521407666807 290.244685954918 290.847195055338 290.36462981867
290.749871569233 291.179939334421 291.026965731282 291.089451998843 291.13040082956 291.013374724832 291.362879471117 290.996838604097 291.625824168324 291.23931342244
291.732218545433 292.016295076165 291.830810138569 291.900141621321 291.906979906878 291.933967967107 292.241840096804 291.91564478965 292.351665175512 292.031159424695
292.371436139024 292.646042678973 292.590569453156 292.525228523782 292.502493333957 292.630976709519 292.776750817841 292.451518790299 292.924052210935 292.728072059582
292.902933161535 293.141988798276 293.027275837688 293.049561301917 293.061264952064 293.199873142667 293.271800765601 293.009715137121 293.418856127646 293.316073063468
293.28848798943 293.478011357894 293.430490507326 293.457553376626 293.460172056843 293.580146559841 293.538964002184 293.472751792077 293.712781122213 293.625113862598
293.246219063699 293.41425201444 293.376288533729 293.509563385205 293.436757512394 293.536875362899 293.437931910522 293.359415874349 293.538786142121 293.662041914296
292.632979348938 292.733885868053 292.795584524222 292.972411110267 292.86574752765 292.943508981258 292.746373093485 292.730892773563 292.852819835932 292.947506670944
291.719603239117 291.671937838908 291.864412216061 291.986372154463 291.858138857315 291.995090206938 291.653454881712 291.824049754695 291.7848666745 292.031915274623
290.487880344029 290.395425947501 290.793762034785 290.873386322618 290.882059617165 290.948710110877 290.448792967569 290.6557020043 290.6816643711 290.939015810225
289.681218715438 289.765015275448 290.230265841882 290.32851728834 290.022410619082 290.336934949071 289.739217731367 289.948268740816 290.065876394326 290.242845462364
289.612312083395 289.727426097095 290.121777516093 290.238639265928 290.157490144775 290.331145904418 289.358981227401 289.806854097139 289.66050371603 290.156738434288
290.220223913998 290.116976685745 290.520625122103 290.576039757895 290.485050624471 290.778403844452 290.004098071261 290.29868075128 290.27447547781 290.545290356954
290.912107686411 290.882104318032 291.342212270507 291.452720490751 291.209287550521 291.362088208129 290.897591724378 291.023256112968 291.062562426391 291.298273037931
291.774789301001 291.830245657184 292.175691814199 292.235436821639 292.214565507984 292.285204409587 291.597560792065 292.111378869739 291.883891599497 292.12017437249
292.463815596805 292.581461601169 292.799093584371 292.896984195285 292.863622603864 293.000646922998 292.357795041347 292.802470180048 292.604140311888 292.893330158216
293.118153684616 293.103682078222 293.355701806138 293.33751379449 293.286179530869 293.372939164076 292.835744872793 293.286163318325 293.158393134404 293.412525294752
293.455860891528 293.576039246563 293.654559803463 293.665794071326 293.568617188526 293.801495965107 293.223473638751 293.656440848905 293.445513486717 293.624314983336
293.476048381252 293.413123180327 293.616554026099 293.665279597095 293.402974735368 293.716167723423 293.169690822584 293.477308791435 293.384369436894 293.515643678955
292.758840054578 292.815175032752 292.96538122372 292.985408777188 292.770754887517 292.939564777212 292.595359879523 292.767070288991 292.671882006946 292.884676516068
291.92589826113 291.822181231408 291.924532573647 292.072180908072 291.746636751266 291.911258230469 291.589466524344 291.776697451141 291.731556596149 291.999416993622
290.692755876652 290.599134802665 290.835203642528 290.940688859539 290.648178295736 290.884500127674 290.660878873429 290.730678117133 290.506357622397 290.937071867129
289.653336705246 290.161319442924 290.090930276367 290.075171245145 289.969118035549 289.924041034608 289.976369711929 290.096484804906 289.959863028392 290.146884095876
289.546605706094 289.818430697562 289.873911460848 290.036635915533 289.801875434298 290.051830279983 289.730553301434 290.010218914026 289.910868571305 289.985986780789
290.200655032225 290.305455442694 290.384224655354 290.493614975267 290.244755290123 290.4401585759 290.202167289015 290.266724443922 290.263205110529 290.454744613133
291.04211611423 291.202929565382 291.135282155965 291.355356090304 291.125573386345 291.25996264144 291.096815487257 291.2942474435 291.14321338569 291.213782843545
292.077280004404 292.090744745004 292.05947978671 292.06006424761 292.059062123958 292.116805686751 291.925981175416 292.153265089137 291.989261006137 292.165138582579
292.68431070854 292.670687693679 292.660090723896 292.755813130657 292.724920245919 292.686169035829 292.590235585444 292.818902338718 292.520927845309 292.735735183562
293.198008957592 293.161506774447 293.230639258 293.317899334657 293.183944793086 293.194578609935 293.148821901355 293.370791490509 293.099302889996 293.277365239975
293.586493236852 293.409609796661 293.516090916301 293.573075727876 293.584401292206 293.573801096771 293.466585212935 293.715957717007 293.42506228439 293.687244719267
293.564846241086 293.412207016386 293.463678891554 293.546632893436 293.503075415215 293.515910355645 293.427755108111 293.526601267528 293.420446276433 293.598913661949
292.931566326296 292.771594000046 292.745053916766 292.840490724918 292.887964890036 292.95404569742 292.670393405605 292.855005634647 292.653372644268 292.80260419241
291.994912887288 291.710925926731 291.718936674024 291.89536340064 291.92704948997 291.874155382506 291.811420388463 291.866258733725 291.60226372307 291.830240673453
291.00587361591 290.56323014614 290.696897484426 290.673273290374 290.870347989443 290.819884554421 290.569577407402 290.759262086997 290.558396548213 290.600646335263
290.360947084448 289.930391526885 289.925089217723 289.973994060325 290.070644415822 290.16875989328 289.88241247076 289.812682476702 289.72642252323 289.732477120505
290.240726358884 289.895194104917 289.890784135316 289.646383342208 290.082584346889 289.977822287682 289.718979776925 289.920852752312 289.688297021582 289.762283538797
290.453365893173 290.154877747836 290.260415345333 290.411724565424 290.372286156712 290.196056008182 290.376527619589 290.350978200368 290.04579824171 290.222177462983
291.429388372348 291.070658842907 291.142294101151 291.071493566883 291.414613750252 291.149618223037 291.268754708204 291.102922858726 290.938896325595 290.972686892844
292.395434181553 291.972365170246 292.06319178484 291.955080369019 292.227515875323 292.096399440607 292.092628704175 291.910146313085 291.76326553092 291.763496135467
292.921029204599 292.632022094253 292.734274986104 292.570135690883 292.755364909334 292.619815172559 292.626910963727 292.521647363376 292.351435961898 292.510960336553
293.500297931646 293.213634116386 293.311539059222 293.189990721194 293.388015356911 293.220991121547 293.185306028634 293.147706623928 292.972040514046 293.002201413872
293.87073150698 293.486587129591 293.693840708445 293.506867661638 293.748344160393 293.46790043272 293.59090517241 293.463542461142 293.367374684425 293.364465829661
293.705995247803 293.427033638708 293.513395759758 293.413861272227 293.594477070765 293.379131357075 293.445492830116 293.383432366676 293.264573145485 293.218872731759
293.032079911179 292.611447899202 292.669330005141 292.749217361874 292.82613269986 292.65740346391 292.840854656036 292.496220705241 292.644271535465 292.476852180509
292.036878078819 291.705215886067 291.569480055041 291.716661697673 291.81390710349 291.608645167615 291.77734396446 291.50571884456 291.612114606889 291.555244048907
290.981837200473 290.49785458947 290.573834465191 290.772590648439 290.642892745584 290.536558479847 290.651980745064 290.354552677533 290.569486889214 290.583922671297
290.119039782089 289.80557148917 289.755036002457 289.865126302646 289.97015015484 289.699729968238 289.982769818196 289.620587548362 289.639992131666 289.636939382144
289.974650368432 289.897562199306 289.666833228814 289.656707098019 289.761116442301 289.716883438748 289.935376041368 289.508200973014 289.795117803839 289.49682333738
290.680019854176 290.253692322713 290.085983029452 290.160314331379 290.030431424551 290.47151593022 290.193325867511 289.888378713429 289.907640333749 289.867485113049
291.292912606336 290.922370790603 290.876429925684 290.877530933216 291.013250462762 290.970993558139 290.957500827638 290.862559403104 290.935953180005 290.540243517982
291.916190191024 291.800960063298 291.827496409148 291.944767999932 291.957589903882 291.807739502371 291.826615070694 291.69214390133 291.857718068456 291.6150763953
292.643226318022 292.476309221105 292.432745937864 292.470075266387 292.502395415896 292.384044573826 292.37601583889 292.29228736226 292.393510727128 292.140117400925
293.196233654361 292.869168168973 292.947478865593 292.990740609617 293.009357753209 292.988521328522 292.891736049428 292.820154693435 292.939587950622 292.630596080037
293.429090687511 293.282610985607 293.207855025079 293.436487976691 293.272350558295 293.275331412889 293.319950548873 293.260266532949 293.199949976575 293.007083233382
293.406269663725 293.239012139966 293.181406491211 293.203805593086 293.217934165724 293.14990332515 293.289968653735 293.219261550851 293.123065819345 293.00121256758
292.529362167721 292.623033461004 292.600785758809 292.583443849035 292.563185994778 292.45447676421 292.586892800553 292.583697743143 292.470999475371 292.268476456792
291.612661129775 291.701447638428 291.585309495586 291.557657353765 291.436328701612 291.517751447104 291.608148099814 291.748378966035 291.510872234724 291.49826234322
290.450634945229 290.486743940257 290.612199057868 290.519888565634 290.453591415271 290.543458676802 290.404894055215 290.488125557993 290.32244380387 290.369517175229
289.718214405961 289.771075145864 289.943917183225 289.808680945127 289.740448304961 289.815530876212 289.640437082975 289.850021087898 289.713350172325 289.622809534378
289.610658943435 289.857321944846 289.723183263163 289.754197398736 289.607415283803 289.761299230198 289.594690488252 289.802301121876 289.408603261016 289.492414492595
290.030766496422 289.927287396655 290.188412466471 290.280353942982 289.854514681453 290.080910427341 289.949794129361 290.08167648757 289.949478654004 290.074020471249
290.929477964534 290.882847932164 291.03083780186 291.091965890498 290.831178608587 290.984420789593 290.942750053746 291.128380537401 290.822830119993 291.145050316799
291.85059092666 291.896572767664 291.88333786582 291.870770701892 291.734918397128 291.880445792723 291.929728793955 292.012605765347 291.766223085307 291.911824398067
292.386339753725 292.57623943801 292.554264883679 292.516129097022 292.348990713524 292.419005008755 292.40414813961 292.605825678847 292.437034250501 292.476834524988
292.99732778717 293.06937568943 293.066771008445 293.109870526143 292.895392725571 292.953711878553 292.991562124732 293.094735741252 292.940124996415 293.062728508098
293.395876670757 293.436967500337 293.399172905631 293.461031098226 293.212500879027 293.285338366453 293.34121052703 293.401472450375 293.375298947649 293.44519668546
293.37538606441 293.406018113992 293.320531354391 293.369263863562 293.22161183745 293.240738594223 293.363088270116 293.348821636812 293.412779218508 293.341183350766
292.719659033455 292.66832743159 292.659995836426 292.569995704993 292.586097841925 292.479768580404 292.660730723275 292.723235339272 292.764318022116 292.714229010383
291.688844056586 291.613536720936 291.701623376951 291.643720503205 291.562191465052 291.516081753223 291.705109991003 291.638106160022 291.812705242609 291.80009096967
290.653072231826 290.657892727876 290.483395694262 290.484609122842 290.604326750688 290.494012879159 290.42742612661 290.579085606452 290.785325897252 290.584253808626
289.97957854206 289.773127099531 289.802751762295 289.863939357616 289.469747253796 289.791120147086 289.82035195558 289.863981948196 289.919831885906 290.086007164305
289.780013850858 289.474118683418 289.654991003055 289.874150025772 289.522214536647 289.579937214577 289.675228913438 289.652202912375 289.656011786336 289.895631991156
290.125028296757 289.911852178208 290.032465705554 290.213039220543 290.159340038421 290.102598361631 290.104905248563 290.270773052149 290.321448979058 290.41370217293
290.982842229779 290.914008637154 291.095484767443 290.971917082076 290.88359184781 290.766393050823 291.07076392116 290.92609311112 291.160525739862 291.127638965997
291.995035073789 291.819847335863 291.940509321089 291.840797885875 291.608204099129 291.711318758585 291.767678121262 291.974340797988 292.063480052868 292.088253978808
292.62196387375 292.486864857423 292.627607383876 292.608150450166 292.246232946323 292.369834316919 292.460172613674 292.574636929801 292.732875836202 292.759578590603
293.108963938906 293.064987897052 293.018467297312 293.092578653487 292.814070017888 293.017843843828 293.026312897276 293.071452802109 293.190021376406 293.303161321555
293.470570495074 293.441500966093 293.410383049577 293.4156172232 293.26294195825 293.381931647127 293.298866996914 293.354492859476 293.574354060825 293.606017577106
293.448600909955 293.382833947732 293.323087612796 293.435658424478 293.309279559384 293.408072506502 293.396989779686 293.375800441725 293.540898409478 293.520448901039
292.673412802075 292.715712625193 292.72474478683 292.806574707882 292.626677119104 292.813910579133 292.693348893405 292.687948993375 292.794376816906 292.928023107939
291.736086801126 291.736838326609 291.755058821553 291.863590016835 291.624361202082 291.770084686322 291.7266213156 291.65313729791 291.829535397545 291.876001016719
290.620501355207 290.671939548147 290.708910781343 290.85078270922 290.707392072323 290.617943100945 290.515661562975 290.607218594418 290.774897025616 290.905728360437
289.803308960268 289.902206203775 289.993728265621 290.112375099288 289.957777827971 290.047348461724 289.74976458959 289.876810387459 289.886302705403 290.113629601742
289.509072594096 289.853002589658 289.76571273555 289.858555283183 289.717386201892 290.091353920168 289.767223691212 289.645382932907 289.865814428363 289.917054621256
290.241543926223 290.297336621911 290.459575004558 290.378132786295 290.310651122299 290.259492565762 290.278486475052 290.202510933733 290.272057053308 290.337619962551
290.908334943679 291.171236418183 290.978353926417 291.211182568245 291.074994113835 291.189363808431 291.190224718308 291.172313263657 291.041353511783 291.236479102869
291.819417341409 291.882348681253 291.998526134066 292.092047134265 291.992950164181 292.241864975439 292.048117859801 292.219366710028 291.817940308436 291.959032945487
292.590150327825 292.544163203747 292.660404440066 292.737364468535 292.735388690083 292.801301255712 292.64724290311 292.79821111299 292.614537656899 292.599929322167
293.122234637772 293.074673044344 293.147585475552 293.309015954719 293.235893883044 293.331467926974 293.148038256097 293.300604171116 293.086733318546 293.113158867272
293.534107479808 293.484665452931 293.484711138943 293.694639897288 293.605594265813 293.710260751377 293.558491931435 293.632073023369 293.469612222024 293.416872832522
293.513319199113 293.470184573587 293.395645286841 293.631570742134 293.581159006382 293.50469145622 293.563434588655 293.630196422522 293.493922161918 293.310898553288
292.805342620525 292.711900207577 292.684864948604 293.06283291886 293.007516261897 292.893224674159 293.090643873857 292.995591929998 292.722563165829 292.624447399887
291.834506958684 291.857711174919 291.690265352768 292.030819741891 291.950175853205 291.874171751562 291.980833277527 291.932542381422 291.764721187892 291.639733017189
290.719503142135 290.716936221058 290.437947830683 290.894590170842 290.885206220693 290.803686880926 290.880877434334 290.908963717951 290.578275499545 290.528454861714
290.292146910664 290.146971621777 289.787476690398 290.202718036609 290.122628830083 289.992353755896 289.939654356941 290.332800446801 289.786318797072 289.734474361934
290.149087223674 289.884998226856 289.448923831124 289.935314719706 290.00561865516 289.796707556666 289.907146786122 290.149136706723 289.724328995392 289.363744873836
290.406383413751 290.566459113546 289.921892653322 290.347602545616 290.436855299236 290.32116877294 290.446230473801 290.61797080324 289.980381786969 290.039555687786
291.26820274128 291.200534103632 290.67237563993 291.254178293662 291.455056160163 291.269644807848 291.265440934721 291.086157596518 291.010701060305 290.80257600278
291.948797356595 291.990942249843 291.718866596769 292.086314039175 292.352929766727 292.262118123068 292.079826651835 291.992786352192 292.044254854283 291.774305555885
292.704185739062 292.718379454749 292.400455875789 292.652687389696 292.924565661021 292.750376598415 292.715904396962 292.763351121507 292.666068083638 292.483525341968
293.146947519836 293.225401823703 292.983376361591 293.267200393539 293.442204051438 293.404815363433 293.254913843475 293.195316478845 293.121213948496 293.048826552881
293.524763523326 293.516299932286 293.44641105546 293.653002389989 293.750552871375 293.768295007662 293.497590630985 293.544511181473 293.508702928359 293.468988836195
293.552998220898 293.500015195384 293.51927895774 293.59270986213 293.673559942494 293.760068242675 293.491067548219 293.426412560825 293.467701555706 293.418601363774
292.857770833638 292.722798544848 292.917785277141 292.893802665823 292.982452228438 292.988366035812 292.826555464804 292.70402322459 292.956639573979 292.756178119402
291.994090486885 291.78615632574 291.902788759552 291.922174036252 291.807985219004 291.962802713012 291.775570887906 291.674858701723 291.929583985408 291.846857127856
290.819356578387 290.54739217356 290.690621192808 290.576132900783 290.668180200839 290.797089819053 290.620157500651 290.620155607279 290.773462298827 290.736214355215
290.087699207086 289.893025197499 290.043852892567 289.50334936701 289.884200100853 290.025144935925 290.016781962546 289.741416728934 290.026535157699 289.769567428604
289.699628502815 289.909205630399 290.096728605314 289.784937172246 289.721709373723 289.896096877805 289.715303650467 289.771522509207 290.001250788735 289.882895256267
290.183187795135 290.051666187103 290.534693921512 290.270968294562 290.171695698218 290.352879194837 290.265919916342 290.086063213579 290.412166145031 290.454347652729
291.14194898131 290.981994598669 291.222006324112 291.147703452724 291.061581660323 291.169660462602 291.034320658701 290.967345344635 291.142924296399 291.104058471562
292.040317568128 291.898313058306 292.135946260924 291.954476363571 291.945842031332 292.192399787982 291.940841996846 291.846750476188 292.038658731735 292.033755610449
292.720085536298 292.573817296426 292.694261418945 292.471490683727 292.595919002983 292.654427395389 292.575888530222 292.461521341274 292.753010840063 292.658723342661
293.221479270921 293.077141718761 293.253039600165 292.960139553121 293.182343943372 293.286552148721 293.077106727786 292.989979009912 293.184004855749 293.249245231937
293.57206140164 293.448779784948 293.652752994249 293.363448602476 293.573453100384 293.634830200543 293.541311739585 293.488061256061 293.659767040232 293.643726872551
293.542535018069 293.550616267862 293.594458173124 293.370576960789 293.439674890158 293.552897817984 293.541035953373 293.520974589217 293.627943722075 293.620443251877
292.753885170932 292.958619701183 292.975628848489 292.72552588756 292.779639309212 292.922243568361 292.849873302612 292.895895412743 292.968148258175 292.980578683059
291.788113095289 292.010633557874 291.968352097926 291.669038998826 291.761586903964 291.84467205446 291.883193949237 291.911504798022 291.882143757653 291.983196863237
290.647511219647 290.860608005025 290.933373444248 290.489066053115 290.709248369985 290.796902111118 290.794625564004 290.930056627617 290.832763167248 290.838350759935
289.889328501215 290.208040114821 290.00534833587 289.871133124627 289.905347803818 290.013744957983 290.095380014779 290.128357966025 289.912845498431 289.990003192245
289.483550993968 290.338425292433 289.918584122608 289.756577796838 289.887232035053 289.888796672432 289.724442167937 290.08405879342 289.945752112316 289.66068186342
290.382667793987 290.710679165398 290.508325533788 290.178220288452 290.325236893975 290.300848166944 290.174374849109 290.423975250444 290.597747731563 290.362012654947
291.252133411533 291.498745892181 291.039749489857 291.064822831884 291.140274513443 291.019947047466 291.255030087517 291.440928859286 291.229722584754 291.119481950596
292.10881099334 292.49558986308 292.027485559832 291.941210365956 292.038442319312 291.866409196124 292.120726571188 292.314836328279 292.102349483563 292.107686980403
292.721951862937 293.063936992872 292.843187517536 292.629267193682 292.675635623884 292.486095711932 292.684651861126 292.955561860592 292.653726475145 292.714356917512
293.238178971234 293.47852761323 293.405449711795 293.22054823557 293.218918749993 293.038902244594 293.338703137509 293.422464607599 293.223691610479 293.316807190007
293.546820036429 293.954632828055 293.84972588864 293.526720090842 293.699343934892 293.51907315385 293.677382172269 293.783105958576 293.532283588498 293.699976616172
293.542642281152 293.878555698202 293.85213779485 293.600178875459 293.69856758555 293.509722638822 293.660315382356 293.690343142386 293.61146658602 293.652253143424
292.965124834365 293.305481061672 293.148627225655 292.935420849646 293.041234132562 292.766743371024 293.020966514073 292.888864105224 292.928651703418 292.9462406901
291.847906173438 292.21729589465 292.063931177832 291.996131911006 291.915447710271 291.637913177544 291.980864337784 291.997896321756 291.885310314363 291.990374263965
290.741272085661 291.00131278734 290.938645740176 290.72765043865 290.936671455421 290.644354482184 290.876785500341 290.924762436752 290.653533631474 290.891612496029
290.154336667814 290.305015081033 290.25430788722 290.005585849076 290.104419978017 289.678021679239 290.190604266066 290.285249070947 290.05636227754 290.109337918795
289.935205120867 290.313856518498 290.151623439893 290.141016285278 289.96077836774 289.662006349351 290.038205637132 289.911539368566 289.835256678444 290.228145424523
290.315437641697 290.897132087575 290.776895542634 290.579436209209 290.610585420312 290.133801750053 290.547623724376 290.591672043305 290.518521446154 290.573025303582
291.255066351624 291.550042626803 291.451398933681 291.256564653807 291.301315702499 291.178760030088 291.300580141647 291.386291656868 291.089127435997 291.293915831153
292.108210284407 292.466742187643 292.442378609849 292.184132586022 292.312397391055 291.898001380231 292.18943752075 292.249666156617 292.042660327734 291.959613089161
292.850484265196 293.083720522026 293.024892062718 292.787894389102 292.859621528154 292.658126794046 292.826687276202 292.901292354011 292.670362109712 292.933665229548
293.347288075501 293.677086922939 293.496068170654 293.375275803245 293.407584751686 293.197788945261 293.416258437508 293.337628601171 293.362854674779 293.471217552039
293.814826858797 293.962191689741 293.871157315963 293.898593470256 293.735335581405 293.554267362657 293.789857565444 293.704770963928 293.758943539884 293.778509676593
293.884207315638 293.862338856866 293.816552901301 293.953441654459 293.790070962506 293.606787464764 293.776043677687 293.57117700057 293.777932426052 293.725422127355
293.219493028024 293.200066221732 293.12887756836 293.269633820497 293.115922528024 293.001051244716 293.113899278866 292.782896633084 293.047529711119 293.037112688634
292.124260663723 292.089338612308 292.056433716011 292.244452510828 292.258302866311 291.987653330398 292.155611684286 291.898949509861 292.034446875595 291.937468894573
290.998484881855 291.032757109411 291.026288175551 291.211777458257 291.097473808018 290.899677992239 291.048342868049 290.75680589185 291.084208862044 290.752140134685
290.151288536549 290.313152508542 290.259820559747 290.383768823991 290.535342843666 290.280857808026 290.33155773941 289.931538303657 290.139038521179 290.042071563884
290.221434787571 290.173477907321 290.181211040315 290.145517285691 290.438466143401 289.949110484715 290.429837774812 289.813508887963 290.028575683273 289.977795415692
290.629691801571 290.447289895879 290.631845994596 290.816119773525 290.844555953707 290.442013789654 290.826061137104 290.26286585822 290.560775250235 290.17420037035
291.37005740837 291.458649894595 291.280004450826 291.847942381593 291.713835295283 291.320642702326 291.450203441077 291.193514525577 291.358720069144 291.235872526814
292.214966404262 292.137883905719 292.388494152527 292.53560198861 292.520129992475 292.3116533823 292.394522521223 291.940782432146 292.340057956444 292.039355060962
292.840238258872 292.802119650144 293.016032450551 293.129568639263 293.073799935753 292.856573781574 292.991864485109 292.613775853321 292.860709043715 292.743036884199
293.436324486753 293.382258983352 293.49858118813 293.671388434965 293.630353622234 293.36770143265 293.628675092002 293.161491567849 293.379360016308 293.272733767316
293.796875604415 293.816401279171 293.830211227002 293.997927562471 293.952647069801 293.75636566999 294.00931733969 293.533714177772 293.684794540848 293.726464110447
293.697256544257 293.79172878106 293.753754072877 293.887278419224 293.879005196493 293.685336945191 293.927806282818 293.51950589349 293.6591477179 293.716753735342
293.084272306131 293.221510849536 292.959049624575 293.191068932053 293.215493265634 293.106509021795 293.217305460887 292.927109664743 292.988719378188 293.056685254608
292.074846229922 292.169742520764 291.969357398941 292.118460190823 292.308476670485 292.010152835148 292.207344277304 291.889046740254 291.924456540631 292.148693305054
290.933495759828 291.181580238464 290.597521680801 290.951831005998 291.215339189801 290.883579671116 291.212906582432 290.865904935891 290.759425616983 290.888941511503
290.201361127444 290.433273896041 289.867001141226 290.370387751771 290.450370014094 290.003105158674 290.404452587103 290.358007464823 290.006421181958 290.244336867268
289.869115151045 290.175041615846 289.754264141427 290.116093795529 290.22119016753 289.796475316176 290.263141381295 290.007085146193 289.89013483748 290.396034655452
290.410739391619 290.618455117331 290.334022928248 290.350194943455 290.863093209243 290.447204405413 290.830025943401 290.362606686981 290.204834631539 290.626334948518
291.195261930077 291.506767203332 291.089836075703 291.33783837481 291.600723131284 291.335110048808 291.565924826384 291.316071188264 291.209736494586 291.478314478943
292.09252917381 292.463259134349 292.131585944593 292.074830928957 292.412195986355 292.21497036529 292.34126196336 292.073204777185 292.016584104845 292.374584056349
292.809206206435 293.042416737355 292.781784420928 292.965379485567 293.013284142673 292.879615117847 292.892809396081 292.841658197524 292.605099304435 292.936618658002
293.350647805417 293.614647366113 293.295150263621 293.513510062453 293.597121796932 293.43383680975 293.439823984319 293.304040121286 293.183237227501 293.598465488953
293.765461981829 294.032929011783 293.744776527415 293.904947190192 293.930464123507 293.820898345038 293.780601907151 293.758025423577 293.630409357037 294.034493383426
293.758965387057 293.989103685117 293.604954612877 293.8354959933 293.889280283848 293.881832084063 293.689564294006 293.717725129742 293.616142027375 293.927466849199
293.08866526728 293.383861222703 292.944573519491 293.265651219327 293.185807293004 293.153556513571 293.012434251358 293.074712483188 292.954828330881 293.161804023495
292.239620270582 292.299505850461 291.935115408709 292.136361102629 292.066581250906 292.24694736421 291.900001661769 292.09381929627 291.975059890796 292.042235131465
291.157092829705 291.167684029963 290.78438694539 291.144269713696 291.009281123102 291.230230312644 290.89410923794 291.138750661003 290.765651770247 291.091890590936
290.35622990068 290.230278573828 290.089450201014 290.409638271251 290.212145976667 290.451781179478 289.990596676133 290.359685024174 290.024268841136 290.405019392242
290.251781639708 290.271977886703 290.089414819012 290.143535192407 290.08605993527 290.178841283146 289.905945225595 290.274758965881 289.896309909721 290.265300968437
290.798642023711 290.714841171841 290.543764415327 290.681093762658 290.378254751443 290.728460231751 290.209806678793 290.670115713442 290.642900101044 290.565452256508
291.474673301276 291.497288318429 291.397525942701 291.426110934585 291.342859639002 291.32336406427 291.286375720955 291.598863521221 291.373592311502 291.429584812127
292.473687374372 292.3988215996 292.243147578427 292.337147116944 292.29441049714 292.278001141731 292.063887773154 292.403580537803 292.182250472537 292.326878920068
293.006856425549 293.066157725318 292.934608137019 292.906600624659 292.947510053493 292.912360349356 292.784650476694 293.099561209558 292.96065672285 292.906166254687
293.553622923432 293.670544954059 293.446817914322 293.49603079266 293.476825972906 293.427269197046 293.211833528398 293.636736856012 293.413175030175 293.486576587685
294.049514034656 294.065996476351 293.856497743252 293.836729784937 293.893806827744 293.733520521114 293.725763412325 293.927698366238 293.828274830755 293.877031309185
293.971924778696 293.969738426113 293.793537670145 293.85124662095 293.898529746866 293.764438172853 293.672263233174 293.880630149652 293.908414128452 293.836217081849
293.251730608297 293.318195872094 293.117831259363 293.196803068888 293.282822814268 292.995044418457 293.084102984401 293.28131074585 293.380507158751 293.228797055133
292.278217403631 292.298341375032 292.141444866955 292.089330241545 292.261567684101 292.072928437009 292.030869137094 292.219674854165 292.385261952997 292.215317770333
291.342651041682 291.043624595676 291.029869436148 290.995975667053 291.111803446129 290.933283303229 291.006345852836 291.29734017379 291.248276978432 291.073153603202
290.406172772819 290.437539808335 290.350925710111 290.333275471693 290.434106296051 290.240507024496 290.400129938921 290.645488972651 290.663028082056 290.053095820382
290.19076064051 290.378983776018 290.393963351252 290.227607113881 290.304433330561 290.205851185917 290.22730245834 290.286616742494 290.531435380308 290.117626815085
290.715305397614 290.799428083321 290.590503064813 290.678807166923 290.76280328097 290.408114934513 290.841054336592 290.516157929721 290.931709729147 290.536193453179
291.64267999487 291.603345495009 291.519456561108 291.449409389003 291.621855285417 291.323191999313 291.518840565366 291.788457084833 291.666163587001 291.417946285646
292.416611935793 292.352936397757 292.377323582749 292.211940514412 292.339023575683 292.21577047411 292.318765818804 292.494104191428 292.589457813015 292.283806308948
292.985236008092 293.049433193489 292.996413747817 292.926512206325 292.998718761818 292.900539387945 292.954163688391 293.154869509554 293.218522134633 292.861466383631
293.539516867073 293.467727216218 293.45019088406 293.513219604206 293.497512675238 293.382731679051 293.456682926385 293.671286252665 293.696721220908 293.445929917771
293.892038909444 293.830571582575 293.818025602869 293.961122697711 293.919311707179 293.809368688845 294.02091354823 294.048466844085 294.108935440682 293.824473567344
293.857903316065 293.737703370259 293.851606800126 293.976473333503 293.886272180969 293.7990177892 294.005757846859 293.964087815788 294.055953691541 293.804933270816
293.169971831543 292.96395792272 293.17249257676 293.281223847815 293.195231192367 293.091792436995 293.238460042925 293.304620840655 293.325883429275 293.16846440957
291.997774286269 291.994669287818 292.029500815294 292.330486058504 292.086391674527 291.981259404615 292.286829711245 292.336385257544 292.298867085741 292.266020857488
290.914321357966 290.94433915838 291.02788977883 291.295381629328 290.948469831302 290.867101892289 291.144021949238 291.246556402826 291.03706953534 290.954031481678
290.167758295367 290.144024698869 290.276107904384 290.586351210183 290.141828980337 290.074429009467 290.290244608606 290.530405225001 290.327099036026 290.336655932239
290.154714788658 290.065688869561 290.16759952212 290.341237494982 290.071090583975 289.876029318598 290.289766824528 290.369253378036 290.372700499125 290.510820443316
290.564205737828 290.499538480901 290.602562126436 290.96677162763 290.649316984453 290.550620478949 290.907360648459 290.776879036359 290.658574557161 290.814473638642
291.365393038233 291.338812021838 291.407191663309 291.729610249346 291.385459768153 291.398173752069 291.624443494349 291.468772004964 291.417378078736 291.589201820617
292.158235961112 292.324707018098 292.314223488168 292.535610082848 292.251958343092 292.220312928385 292.488031030894 292.346899943712 292.209650467547 292.47305792046
292.89513077704 292.918346274806 292.941701179921 293.050861681192 292.817036134213 292.936844377162 293.076982799013 293.041810155808 292.907178085274 293.081953681675
293.517111245383 293.509301159572 293.508824394234 293.631570564882 293.412270983619 293.481925055261 293.577563847839 293.505159293073 293.450972831741 293.62839707759
293.867931590116 293.902742466225 293.839711719242 294.035574887441 293.945171117697 293.824466432014 293.886159385693 293.837145258304 293.835036085709 294.024850863921
293.893406042475 293.903315686679 293.770381426673 294.05243009824 293.84529673345 293.910240398738 293.911536417148 293.822731121912 293.845851182601 293.971740291994
293.310772066457 293.294427848824 293.076113602073 293.327664026154 293.3003574473 293.18590892588 293.177346433228 293.223026169425 293.186938350677 293.358914289812
292.16362091939 292.302969469406 292.069767192162 292.369726155666 292.288079967607 292.094683523379 291.921298491745 292.23138750731 292.080043895217 292.364799910221
291.037377014833 291.178123549605 291.020495280543 291.141316777657 291.105372792946 291.083389761408 290.820247081542 291.143375302955 291.041355830781 291.220557060754
290.389808221732 290.433542954654 290.217380278902 290.4055580094 290.465028526392 290.375017672655 290.05784678705 290.17907324739 290.216635170709 290.464736689074
290.176112992186 290.297619433032 290.193805476208 290.295736676144 290.256141380034 290.222540129542 289.92986747906 290.289467456153 290.067002022103 290.350291073198
290.687471498029 290.825057510797 290.714997130745 290.785570326078 290.717495023495 290.650983818928 290.245990526169 290.613366195924 290.619229084908 290.733219742915
291.572781314803 291.626306515661 291.4592889913 291.540923922103 291.781594263539 291.316548047307 291.269153940654 291.38750545613 291.308194224116 291.559430557577
292.389555338985 292.525987214991 292.385786293792 292.47080372052 292.648209944866 292.198419856652 292.122925041145 292.231223650205 292.21129757298 292.397235247027
293.039891311684 293.134969151122 292.95317178491 293.039090543541 293.129727058559 292.889286660753 292.842326023389 292.948338977772 292.816829869753 293.03495111843
293.63113584971 293.764910390454 293.50964408285 293.634229771155 293.715555999904 293.48271873147 293.340278570503 293.513374023771 293.458487053748 293.527882123871
293.932787016391 294.068685302431 293.884205307285 294.045364973753 293.965069347226 293.971171168804 293.776888430275 293.914898283555 293.931566099146 293.899885863439
293.990802619323 294.018002671379 293.898714382798 293.95989897149 293.973839933718 293.870878992129 293.848019185637 293.975726695161 293.811677208843 293.865985260016
293.421675131158 293.324993544205 293.240368659552 293.288953591438 293.386280326693 293.375016731723 293.177828468349 293.329469446352 293.176479891211 293.158776817177
292.316620039498 292.170104069481 292.167400346731 292.247890944659 292.390437517129 292.251372978113 292.063124994913 292.223582849858 292.238222501351 291.946711739556
291.285217633133 291.175602607175 290.913440492895 290.952780963574 291.367159325095 291.324841506483 291.055488977625 291.198643277406 291.148585783245 290.867482806836
290.57707289193 290.318785073578 290.079586355325 290.24787851214 290.49934923515 290.497837393618 290.10293640416 290.525613926385 290.394352976665 290.156306982197
290.69411983676 290.2684625091 290.246919288712 290.080352709862 290.468753964953 290.267344944799 290.229553915869 290.443105325568 290.174351576619 289.872685475318
290.743222765464 290.807960837827 290.686877936876 290.576963083952 290.759602244216 290.824654547538 290.660170353146 290.847249257196 290.768845364721 290.489297650001
291.609024598198 291.695496719231 291.430178409382 291.43588409357 291.497106426568 291.520989088813 291.510876304835 291.712359051055 291.711159878427 291.415595656447
292.691079216269 292.514843656172 292.299876348494 292.242278509646 292.559529813352 292.374282506887 292.399870977992 292.50376285283 292.506346940876 292.11985755392
293.123084355787 293.021769467004 293.015220359474 292.915813114466 293.067049040191 293.091728005318 292.921754466123 293.244272488011 293.074619508454 292.774878312701
293.617156123382 293.502702987526 293.583750055501 293.474461017932 293.767522093867 293.64995659736 293.573600658069 293.608435145541 293.610745278933 293.340092117184
294.031134762667 293.870912426381 293.94233837785 293.950196809477 294.2024269133 293.976526809688 294.007367108294 294.024192024626 293.93605965548 293.745368321787
294.010231308201 293.86465431465 293.845796826335 293.86614778502 294.134141676079 294.060485848309 294.07494614039 294.125835817524 293.872218892977 293.770426076132
293.294918539036 293.355541699416 293.200594919275 293.325319636343 293.505940168159 293.362240539753 293.317572603178 293.377246224945 293.297061430812 293.00940918158
292.225855474489 292.253702983123 292.173101231014 292.246935483076 292.60594435878 292.225556544025 292.257054572375 292.265691269119 292.147549627063 292.141582105748
291.070270785057 291.345242674194 291.068366539738 291.123975078085 291.502654277797 291.168265353126 291.17727451106 291.200216854814 290.946718689184 290.937518025451
290.367579351743 290.591881754193 290.195694733148 290.38438868868 290.613479147611 290.328102357964 290.366053387236 290.422641099961 290.220584275074 290.408783282158
290.393992246215 290.153058672634 290.12378486784 290.468837724507 290.638534846238 290.076905066129 290.349289625999 290.330919792598 290.105686925284 290.138424187894
290.678161154165 291.022069880032 290.534841181742 290.704505604781 291.112491951876 290.736650729565 290.797160515473 290.952996609878 290.596903417583 290.71212371704
291.685472016585 291.821100255021 291.598290212074 291.567026622224 291.809829679447 291.454893713463 291.424885115244 291.58174917384 291.426136661126 291.552471865254
292.413458452861 292.535456313346 292.440242509052 292.492620155283 292.662059913653 292.3087409372 292.436000232182 292.557711897404 292.231921295662 292.248406872035
293.110043780648 293.165437800505 293.114043071871 293.204590974976 293.272723037202 293.131049047426 293.027066997424 293.152713166386 292.901721640373 292.8826481647
293.649957748824 293.821229843203 293.664308206931 293.704006165391 293.802162470416 293.630969620865 293.515825388879 293.718842903757 293.476234297606 293.504311517626
294.120122891717 294.281389408976 294.048906127307 294.038601688385 294.105126024335 294.147799610037 293.966572793996 294.056917866918 293.95453150079 293.936669191762
294.048321082444 294.185048257605 294.050636450482 294.098075290009 294.089863882801 294.047345542395 293.965812349214 294.047174190779 293.933343066827 293.931739888127
293.489269477679 293.446205448447 293.377404426635 293.535917338407 293.406250421931 293.302311430505 293.273826426919 293.242211135182 293.245902173784 293.339160004822
292.398432352086 292.497393176507 292.328481968458 292.480653898158 292.429976079506 292.304225995449 292.137236210403 292.345835625124 292.306637946893 292.205932629484
291.250906129098 291.477816948929 290.988146412146 291.396004063597 291.201071078471 291.231805522701 291.002455036007 291.213336471484 291.393458530231 291.205440511648
290.489793674409 290.728437717091 290.400343877078 290.689827441465 290.525323791445 290.351762721033 290.260761733326 290.459337681757 290.281833299194 290.335095505813
290.534616165255 290.687169536925 290.28744393813 290.550731392181 290.281731553963 290.210754645316 290.240239015183 290.326770720776 290.489743009033 290.272591086185
290.81641777406 291.155016877547 290.610909949178 291.032506128649 290.886264351194 290.64555536875 290.771724393927 290.751519936052 290.892807196686 290.741676879501
291.783798174929 291.803219118639 291.360627129412 291.766439626454 291.521956534698 291.356066215656 291.413313781355 291.605169868389 291.709252406126 291.440089918299
292.706909740142 292.709037415316 292.4417661889 292.508134855674 292.520948438408 292.235524007992 292.376543751827 292.494728902298 292.531149006374 292.270069416363
293.359939532775 293.228910796378 293.095786692376 293.068452677751 293.105299364123 293.038486094324 293.06892629086 293.143894536649 293.228844452229 292.985729350642
293.799216814051 293.681659035946 293.645702661362 293.730504042248 293.721099927188 293.553737700322 293.644346401399 293.730695593636 293.656740083489 293.64064846943
294.15163703727 294.066441549265 294.058721927068 294.136053993852 294.14380183267 293.930037323525 294.105876762158 294.075793081635 294.114031163296 293.987218019397
294.14496212284 294.092418356344 294.11861322984 294.009083525533 294.138427519954 294.00771982069 294.083826696665 294.169557693332 294.092783797191 294.029525667271
293.416731370303 293.39670853751 293.292012760784 293.41444921375 293.545872668674 293.358210068282 293.41498410804 293.479680298184 293.367532230336 293.375554532734
292.429631334857 292.260800090128 292.182714571071 292.261764072747 292.511715553549 292.4753922027 292.334750829448 292.413705120889 292.339925773892 292.457900128175
291.15978262571 291.346518165404 291.096048086304 291.172271071322 291.436113717667 291.306644394561 291.094277702394 291.353896622617 291.129456245102 291.530066005177
290.300469027408 290.424961233813 290.350071616485 290.234510358374 290.660323947491 290.554985165224 290.421998704925 290.585053875592 290.520755901519 290.94309378155
290.427779401814 290.363797582795 290.070372228707 290.15355988015 290.631046069275 290.441688327002 290.219304839158 290.616045915105 290.340999926673 290.580368119129
290.835841977855 291.052198361529 290.547073155832 290.819271202532 290.987780757955 290.84235635485 290.859002422347 290.908314616507 290.890017641076 291.104630817237
291.828110975853 291.565879209578 291.48342403683 291.607551242897 291.847334255911 291.701682371235 291.582656068418 291.721267802324 291.81149998191 291.86788334252
292.57766858378 292.338120166444 292.365298413694 292.442817644542 292.706298802079 292.574158851635 292.585391991141 292.609194874688 292.588633812736 292.549220568092
293.256779601863 293.084431043809 292.920084564953 293.052864741824 293.369449124714 293.125720072951 293.164232260424 293.223081484659 293.172920891383 293.287885735479
293.700054255161 293.653963752166 293.495890704014 293.593269689425 293.872974597135 293.628420714851 293.755857362878 293.727622326795 293.668402133763 293.783996582313
294.114710260359 294.148666421849 293.952750284603 293.959972960641 294.243374385593 293.996704846352 294.11194620813 294.112796702238 294.033988335711 294.159536249795
294.024208718663 294.114048457231 293.95782086806 293.979482825085 294.096273502353 294.037570462512 294.110738894813 294.069983109496 293.924118733849 294.124767404255
293.397959380182 293.374762483055 293.266228009059 293.301889267249 293.520528663325 293.396320332084 293.438411349149 293.398108492829 293.16434294358 293.486202725873
292.323231374725 292.238147186928 292.314134470444 292.293682478998 292.394972062804 292.396341178831 292.450800391197 292.318721224212 292.117860703225 292.326539650945
291.242787498116 291.169517764404 291.18162258929 290.961480683984 291.346365827989 291.291584184874 291.323571440027 291.212966390784 291.015032180549 291.357219700113
290.531197021251 290.573051556449 290.278067127889 290.454297447412 290.672977486482 290.449334765589 290.538820180911 290.578026402811 290.328804014746 290.476526995831
290.190282345905 290.681337879438 290.290712999687 290.356757352748 290.506934429844 290.450334220941 290.477176111977 290.456561516875 290.098020040649 290.171380691586
290.90501096072 290.993422769206 290.969350369698 290.871881409913 291.115916081289 290.708605244439 291.149867137921 290.707520899543 290.631120902879 290.875178327064
291.699244960251 291.636827058326 291.793581448024 291.681659282686 291.63829943845 291.649187701704 291.833520256159 291.613487719408 291.437642550505 291.557393337379
292.497297768306 292.581735311541 292.441962672455 292.389297568283 292.61579012625 292.426731990067 292.756523821442 292.471243942194 292.272428502914 292.371026635424
293.214125068779 293.191392981313 293.140901230889 293.120237871471 293.239259521557 292.911725971846 293.33821098121 293.163108415954 292.931757090623 293.073169156938
293.780384712052 293.692544534818 293.793847495566 293.631641408233 293.727280073739 293.522404169044 293.9662351205 293.663670518932 293.55075940005 293.670325164672
294.109157455283 294.09587303301 294.148716956118 294.064916904865 294.121978658856 293.787989782399 294.180052301407 294.103142378935 294.032620537201 294.060692464883
294.164874863718 294.065112549245 294.117885525177 294.063374982055 294.144665655037 293.727706030598 294.140111819153 294.154054717257 293.923602504386 294.090676765568
293.483894145414 293.379407328361 293.436681712545 293.260274780539 293.404149629042 292.970052494339 293.438354488988 293.380520332156 293.20795076707 293.355104847247
292.360774520194 292.459506276043 292.356023917623 292.302059035472 292.386810267392 291.982258460878 292.31860860632 292.445237026204 292.22677505388 292.150941738694
291.282233944035 291.366008292652 291.307541293102 291.315116346812 291.333306554616 290.788177793327 291.410294670167 291.255842977703 290.95950749666 291.125788866734
290.516020439144 290.450744728936 290.440640065751 290.358374160085 290.46239483738 290.082427342248 290.691164947326 290.639387128731 290.388475442034 290.330343198961
