289.540853642905 289.473815732586 289.699067563103 289.451373198992 289.735660335693 289.616990137871 289.374836551077 289.861753758006 289.635736116023 289.566720003043
289.851588739867 289.93202270702 290.266608286932 289.629402625421 290.307614221635 290.086255289503 290.08225048383 290.297517858423 290.076256460047 290.061049992992
290.705934906484 290.616136258716 291.153637843915 290.623278960948 290.948456279603 290.887967708114 290.814444182209 291.261562264788 291.047118681651 290.980261954885
291.62444251652 291.408599895387 291.791756768781 291.61752910332 291.887950557047 291.696543314083 291.592319317429 291.895493445325 291.794990380337 291.799271738
292.267952476865 292.045112409498 292.552009893801 292.144709861736 292.441491388096 292.261043665643 292.242521843015 292.465449692197 292.478800945021 292.26536582436
292.772231681365 292.487508318619 293.011463443728 292.724814536552 292.89085199614 292.860037080326 292.727295371283 292.840919888837 292.861914067948 292.766586494184
293.038839669126 292.853126331139 293.275542284812 293.079771963874 293.224015217175 293.182788772682 293.144208153412 293.116760150204 293.164265516881 292.97679195185
292.945265710669 292.782567843006 293.099738338793 292.89433868928 293.178589999797 293.158145085723 293.1661511306 292.972295156777 293.173377531002 292.93528296498
292.261975818952 292.136489283915 292.425146084978 292.216600934207 292.495690495675 292.388969685766 292.666046382327 292.398954703058 292.417381623667 292.29866568413
291.444496082835 291.360804329843 291.439166420819 291.275168888409 291.570480197834 291.414278752418 291.64366834125 291.30257996203 291.498360769856 291.130542414447
290.499486885935 290.170310056082 290.376950239306 290.185103411736 290.515428333101 290.23351181919 290.628672380703 290.304062958993 290.485531870852 290.003773683965
289.730100089302 289.390654858871 289.502741496503 289.474660125649 289.771788893449 289.749722983233 289.883209141905 289.490443111276 289.832843395056 289.31063221164
289.771343787507 289.329029280447 289.55870613513 289.401888862363 289.579239488682 289.359290604391 289.762827753983 289.467213585344 289.704011154174 289.054991884189
290.024996515236 289.793587270198 289.852291353588 289.822522838509 290.189663573393 290.086270594045 290.038546034363 289.808089510869 290.223555755842 289.681860654723
291.20503209218 290.592078099706 290.812305227063 290.758367655379 291.089576127207 290.825171565318 291.160431155209 290.711161544707 291.083169601686 290.316979119619
291.826647638452 291.377577056811 291.625218423784 291.514666211849 291.737741187158 291.682064067106 291.894910581029 291.582953366944 291.962681453677 291.232385623866
292.385334216265 291.984446838574 292.174768508879 292.065772767953 292.437960248919 292.308801316708 292.406492363809 292.139852697527 292.492937261763 291.940596395846
292.779660758236 292.519910313553 292.712185040787 292.6163913734 292.83710178962 292.824553855981 292.861941219974 292.64571070543 292.903620329455 292.368412915128
293.110933973316 292.946897991916 293.107362478388 292.973662495467 293.054556847588 293.078262657978 293.161632517885 293.061977356682 293.093536403691 292.791120396829
293.009389714274 292.948094200821 292.925759057543 292.905423643956 292.872708451224 293.093903183449 293.032239922007 292.974678133828 292.859740290956 292.707756475641
292.405904540468 292.222629086205 292.372543615038 292.360341587491 292.299592842133 292.371007671005 292.342652930384 292.293979048757 292.118733204424 292.138558946992
291.466667238761 291.35593803527 291.41756648694 291.419366359805 291.313210649225 291.36178405859 291.514173301948 291.336556503361 291.316068709428 291.121772612178
290.411040357585 290.379229204639 290.255607334976 290.435843451976 290.177935220722 290.217218704578 290.292190320615 290.218895660199 290.161008075119 290.096111951629
289.7936604605 289.563030517435 289.489301909557 289.835166116771 289.282451256125 289.757738265735 289.800185100505 289.735701866321 289.366463985393 289.434893928205
289.498042580851 289.406520907138 289.584157167722 289.684113023526 289.42248267437 289.48885718766 289.53650051198 289.575500596208 289.323240206771 289.176031878509
289.886376384076 289.978606727685 289.828168831819 289.972833366762 289.875472423409 289.983404012087 290.057858916845 290.014567182112 289.778685887161 289.500320250863
290.848499959663 290.69879271767 290.761412886171 290.988574584138 290.763421817654 290.796751347403 290.923183481942 290.979080885845 290.545092811133 290.582643311857
291.622367251918 291.783993290823 291.576563254769 291.827609142042 291.578098679619 291.618842268348 291.723482088809 291.838666756338 291.30765112855 291.550111642671
292.203379420829 292.259447261777 292.205536868357 292.379014778611 292.190692475711 292.228986578426 292.349186287994 292.446646392796 291.964830931494 292.088922795634
292.690775919998 292.727277811019 292.672690241713 292.801448827403 292.71415529174 292.630561516344 292.811672012569 292.846633878014 292.431620463705 292.458885055466
293.005843704216 293.113434818667 293.017009679694 293.101343233933 293.059925051668 292.930076422442 293.112900649098 293.096299615439 292.711355290154 292.84095571867
292.918925162423 292.930901148777 292.965240313853 292.96249959662 292.95857413911 292.835194751011 293.095574822227 293.003846071206 292.606853720043 292.821128055098
292.179669640493 292.26725729968 292.399621437698 292.261531405708 292.330743885972 292.087548159691 292.288432290427 292.277638800815 292.025613642125 292.185281104358
291.294840060479 291.390834651852 291.376434043684 291.369528013994 291.376035724015 291.16037035708 291.300619327983 291.217197159506 291.06405582466 291.166075745239
290.190328762139 290.271425379888 290.269797685895 290.019273518363 290.450311153048 289.907778266093 290.350370154815 290.087620593534 290.107557477909 290.048678123999
289.27368018387 289.429722317617 289.384231886924 289.242610559134 289.698255174683 289.378692925774 289.449064520149 289.23914687683 289.409972410661 289.509837519795
289.085451291087 289.295457231953 289.408642165773 288.867963780057 289.534443332263 289.025169141299 289.590770771682 289.300446641989 289.242120798245 289.33917516479
289.616274128492 289.78330024866 289.948950893048 289.560533133553 290.020455246405 289.652779945357 289.853253517918 289.663829061112 289.799636140457 289.996827036909
290.517609623136 290.54212061602 290.747318367561 290.369401365783 290.857308988636 290.446407033528 290.950725714802 290.548932920852 290.560116935092 290.67155878083
291.475592134676 291.500342016576 291.684099190282 291.273346122128 291.574545549803 291.247983664961 291.770519893472 291.282486393417 291.340119875436 291.508390755846
292.149525846812 291.97042263252 292.189566346358 291.921442510473 292.170753759052 291.795857282359 292.211796531262 291.860590983814 292.071393002631 292.192585751933
292.583413647531 292.415318159251 292.570622758326 292.374337239692 292.585502107434 292.338284528948 292.715237391189 292.420211114243 292.490758214886 292.596541323224
292.918934956063 292.749726289947 292.869692657826 292.703966375121 292.90228999964 292.605325001094 292.840528289136 292.758162221593 292.807807185339 292.879749271641
292.756069956563 292.627791091595 292.799697323337 292.580349264577 292.753126888685 292.518803345626 292.806350274665 292.755404217815 292.766022005774 292.72734762014
292.007896034019 292.019126097657 292.159718758919 291.897293570129 292.080192989941 291.806670681249 292.096579162771 292.129617655627 292.031982983545 292.109443076978
291.060180385614 291.048288760226 291.256968903695 290.969384703233 291.141989376572 291.008315113866 291.272448269816 291.133193241256 291.017326275268 291.306966834616
289.89220625871 290.12081170591 290.08798815485 290.023537975133 290.116666438847 289.988198842506 289.960296403415 290.16106602685 289.98069335775 290.18416337922
289.407609253085 289.178074023994 289.545184148581 289.283371075335 289.27803178958 289.32911650086 289.194416614483 289.570637824653 289.330539577467 289.538302274136
289.112209113883 288.866277063122 289.342724504652 289.162712912027 289.165714456854 289.325449126403 289.277164603497 289.545133802445 289.300129659027 289.47634046579
289.705312861751 289.51817011733 289.768595002435 289.650552358099 289.932076495167 289.866793162329 289.752531328842 290.060538861238 289.668797419625 289.807451024976
290.562904725117 290.53122758184 290.666623782389 290.429689512996 290.576432657621 290.589527262053 290.562941595103 290.878170686767 290.462983967243 290.86701201213
291.561307011696 291.4029691236 291.665086429586 291.291094877416 291.369332154192 291.515368604077 291.413643467443 291.622711478555 291.306417186089 291.682961547645
292.159404424489 291.930398493017 292.103292788824 291.954699277427 292.008327838443 292.065232122614 291.905628815847 292.283770366187 291.978043418654 292.3224213328
292.693011940223 292.397197870246 292.54485849466 292.430786329292 292.554032780372 292.552070802694 292.394185447666 292.815073764419 292.45378825259 292.717636701325
292.943310808344 292.716489284041 292.836834845347 292.796104601735 292.826080672247 292.856818956483 292.775592464514 293.105777191167 292.812069292657 292.975733747044
292.855230827213 292.613184873145 292.736147177891 292.613481317016 292.759135799353 292.817691364271 292.603844522367 293.024034506788 292.737210512178 292.843004637124
292.210334727065 291.893188445664 291.994037021454 291.980922542395 292.13490433857 292.135917219988 291.99892804238 292.378717323566 292.133350175853 292.111878468959
291.217656734904 290.953666419969 290.937875482894 291.05383639377 291.185780329253 291.243016031035 291.072407362065 291.454350821958 291.192678793345 291.297002562219
290.06513422244 289.967354210269 289.888251562959 290.127220679708 290.310818913616 290.248136567091 289.960617788002 290.156052819872 290.093399298614 290.099437432585
289.559428303883 289.322587028152 289.074887574018 289.485037958444 289.405974621759 289.500952714661 289.310846299526 289.59000961987 289.358937522126 289.468558178336
289.485306975281 289.146613243734 289.045303287954 289.008559218593 289.152237063755 289.348076859087 289.108857954696 289.388752930591 289.151786357937 289.283823803592
289.914521083193 289.672987357011 289.627332947936 289.782094836597 289.908142975495 289.903227586439 289.723210280345 289.854291559149 289.540763946587 289.828113025957
290.839082601361 290.565783688106 290.617612220189 290.45269125972 290.653987859189 290.844678518534 290.532892866017 290.754259274895 290.451661992124 290.639529528891
291.679668332552 291.4809465943 291.282762924451 291.265221517462 291.356849734109 291.552034698268 291.305113069973 291.538955694722 291.516311950857 291.428394617685
292.126784802438 292.032834890713 291.879216842676 292.018780676291 291.969449511942 292.211633206056 291.990947790736 292.137454126804 292.035231633445 291.956897584225
292.664149239005 292.526348757326 292.354688197753 292.51746764367 292.394840005437 292.762653151466 292.51046335935 292.576255593297 292.556407132241 292.446396870759
292.857645826725 292.847477518813 292.735781830293 292.828867741337 292.740307164247 293.056077297788 292.784417766108 292.884791504451 292.863165050345 292.800762330552
292.810556669179 292.589897049426 292.678418476079 292.786050714215 292.572681337656 292.934073268189 292.704306289523 292.813106444201 292.703070152483 292.698202348258
292.114600443422 292.037939353626 292.111562744261 292.32046625129 291.843022071097 292.220858980093 291.98429447509 292.082578400271 292.209553096744 292.131693738032
291.32937855965 291.1306424986 291.18511282278 291.351613171055 290.926713963047 291.278905893239 291.073846920632 291.118409432304 291.224238606022 291.193566080047
290.299675094501 290.023677520778 290.163906187022 290.437535322757 289.79004857992 290.134898916876 289.992816874156 290.206082777375 290.107382122601 290.21290146889
289.652148008904 289.32855746191 289.519275588351 289.623621711527 289.088478471306 289.323672878022 289.242813139409 289.384747389226 289.553202468589 289.370172476357
289.308688062855 289.098621256503 289.399514207491 289.591562353477 288.883208405405 289.13392741385 289.417673816674 289.388941950079 289.170144063425 289.295302874821
289.983317802591 289.647238714144 289.899437196143 290.086345801094 289.445653215441 289.756592796245 289.672630168413 289.787803969503 289.752833843553 289.828703557285
290.948538072312 290.317596720882 290.77614838791 291.126441766734 290.576068206099 290.514320864968 290.719541074034 290.689063749646 290.671816190743 290.628090189021
291.715600523537 291.320776220768 291.534675414255 291.881545085707 291.414910740013 291.322072411663 291.437438093604 291.665904457059 291.446464924796 291.466509053593
292.20632095556 291.931403526874 292.172301874379 292.312956478736 292.099399780376 291.975813058657 292.092886057631 292.30007915788 292.163433622133 292.156866845805
292.726932304197 292.455627187751 292.535920220283 292.932987216942 292.452482194263 292.440853227038 292.521142992525 292.736486813997 292.630145961021 292.644060989575
293.020122222757 292.75653593483 292.911285439272 293.047262097661 292.737562766419 292.750257426425 292.739663017383 293.04588040925 292.918674167394 293.052136360866
292.834163648642 292.663357644213 292.796852293968 292.974481068742 292.72023552952 292.654752917715 292.676807502431 292.977184682298 292.82120352602 292.956116791537
292.141176995403 291.995139854753 292.174374529646 292.406084521746 292.07310056615 291.95696576696 292.038908768325 292.348040721332 292.135185914633 292.253903891781
291.20000428005 291.002295666353 291.241604687994 291.569616320108 291.147605453218 291.140773982908 291.147629815194 291.343443259028 291.195711974718 291.333304166314
290.179483827645 290.185126914364 290.223725241518 290.519632901249 290.305470826065 290.089436201679 290.080184375013 290.258426286354 290.150595074521 290.298826329674
289.241351826615 289.217695394578 289.237582189908 289.869748893964 289.651592605632 289.41848474114 289.540199054741 289.47459906097 289.345465247342 289.563361426656
289.333644623148 289.189030982584 289.125813726271 289.8730678417 289.61906700272 289.388939514414 289.369772261181 289.251498697015 289.219900509639 289.387839937557
289.677740632644 289.66922675022 289.651970284129 290.082532077731 289.902381201073 289.680810498166 289.618475941251 289.825621488645 289.657316152183 289.992382627941
290.645139993275 290.531494188771 290.452990514993 290.898127862524 290.752480608793 290.661013286854 290.520915804807 290.73891054617 290.645201597064 290.445134966228
291.528876496872 291.302524458646 291.348076804468 291.649335579282 291.860456725368 291.552158290778 291.409341940002 291.581439813924 291.570401665647 291.44198834099
292.052947772941 291.989840856146 292.057732679544 292.376965093911 292.303913195765 292.114387744154 292.043375843393 292.141568171284 292.239623159597 292.051221541966
292.590975411099 292.477898761217 292.510949993053 292.82438064135 292.772879462947 292.724120023901 292.593522299677 292.649978299721 292.697060075047 292.555575054382
292.896324926429 292.749730303981 292.931489537387 293.093013825584 293.079616792511 292.965198434926 292.854578176581 293.015373855796 292.98205699312 292.877154986128
292.871237102247 292.712425551042 292.798756932636 293.131199369469 292.914601201324 292.928439980821 292.786311999032 293.006132820573 292.9023349912 292.738688217827
292.19864382214 291.991416646271 292.192921215741 292.392384996854 292.347350618609 292.152779835706 292.241067135908 292.383664782158 292.285801420909 291.975388679771
291.161364467094 290.912327716483 291.30087243225 291.445974443213 291.437741074049 291.281520462041 291.303471265545 291.412976709951 291.414992053659 291.17627021291
290.299625713053 289.957501741464 290.325379184449 290.480310041199 290.307293604047 290.092466109481 290.041427464357 290.274332766148 290.310687562769 290.015422692557
289.585859263792 289.086585504425 289.531681481939 289.619926520825 289.476636135396 289.283168070768 289.494597661311 289.835203296948 289.64517751813 289.237956378168
289.293583221472 289.052009915781 289.380914103733 289.729386844922 289.494425516611 289.309326814265 289.43027203116 289.55832787232 289.344082134241 289.30429429265
289.896453299326 289.44648021099 289.860385985298 289.971507748896 289.921955691719 289.848147383085 289.894916726207 290.012512071155 289.855915939174 289.702343273329
290.556228383179 290.392172190668 290.649538935504 290.685555774194 290.803019337423 290.624889319253 290.611872926354 290.846887681461 290.693019414596 290.503407184453
291.498181104733 291.300973152 291.53272181932 291.678335152625 291.672385267154 291.458564896785 291.493105583603 291.66763012402 291.578186914196 291.315490625318
292.120922196971 292.01032668477 292.042246659948 292.197608364773 292.342895875686 292.096643896172 292.095569322701 292.203848506973 292.138108197866 291.932263483663
292.492303114259 292.488589561473 292.558702734874 292.6953667348 292.869957699997 292.502693450576 292.577160265024 292.508369135903 292.657240519887 292.433890989602
292.851551492297 292.840189859961 292.853628833039 292.95597489616 293.180831442261 292.897117188839 292.879164444982 292.839069228194 292.972730841111 292.588966907803
292.619355808501 292.815793916506 292.753195055003 292.93706349427 293.009605248478 292.756877846723 292.7473860514 292.756705128016 292.823878408302 292.574401691797
291.965959119768 292.119921135805 292.183316075846 292.278410953606 292.35659229128 292.138006090536 292.056229189805 292.090838590985 292.176737863851 291.990530970697
291.213308730902 291.162083676735 291.262489163562 291.309217456017 291.422505094767 291.148505391678 291.13267086516 291.092795220318 291.224999094032 290.936221406944
289.977548367158 290.183961074803 290.349484037137 290.166675212225 290.485079134115 290.144263082883 290.225975593019 290.132681381011 290.141460315993 289.844575687875
289.463618872807 289.292883413568 289.671649544073 289.591861175088 289.914139422828 289.52430476882 289.597142872578 289.396183461769 289.378672295434 289.144495829714
289.027958177041 289.36972164767 289.388912573019 289.557516238017 289.702766447501 289.434739182181 289.453111533618 289.384684668911 289.425459717153 289.117550545242
289.652916628562 289.86545001671 289.843613788355 289.797106084405 290.215725301167 289.722343102354 289.842391668818 289.866909615494 289.661925109728 289.507029883174
290.569194031585 290.603480742461 290.508203892963 290.75304477353 290.970961014984 290.856804522218 290.750395654307 290.566645688102 290.361814282756 290.415872665161
291.419059868875 291.329442541611 291.5910439151 291.616798174342 291.770720930741 291.562362446135 291.520451149089 291.418090030873 291.496765224646 291.298948394021
292.08347760508 292.041650551846 292.160743020504 292.190453618381 292.503888066962 292.288427520357 292.140575149674 291.964831400713 292.059857771001 292.058748975072
292.675842048466 292.548281442334 292.598084348403 292.695558479229 292.927706647589 292.682099525662 292.697222386439 292.440233372906 292.690204269586 292.575648396164
293.006704279195 292.86546624046 292.882025064399 292.96017061195 293.193169874594 292.969586304051 292.953542292796 292.707067769685 293.000495693273 292.945684745255
292.922986069398 292.774635439479 292.959627444995 292.969974141014 293.082658979748 292.951541571436 292.911913705237 292.653602891692 292.968343691049 292.859947627486
292.273333643773 292.097267774754 292.302734299558 292.222202509106 292.343681099119 292.289853710202 292.151283167128 291.94947604911 292.333074492461 292.22444783916
291.206624186339 291.224664222479 291.437746615551 291.161485155601 291.48763394797 291.454936326328 291.194358009036 291.14054029537 291.385169536554 291.437430008484
290.327666771717 290.251525236822 290.520877803401 290.283940558394 290.4746448864 290.338542677555 290.188586158367 290.072570568178 290.300844545048 290.348540620733
289.685287984266 289.477455544052 289.831446379322 289.655260362152 289.733716486384 289.744203423406 289.414406594269 289.504186357335 289.631971742851 289.621312141132
289.573439397332 289.334600065098 289.512924340155 289.418432567915 289.627616690739 289.736357599332 289.301378094175 289.232360752002 289.436066443654 289.549800120279
289.97264917587 289.634390452027 290.092233561268 289.717642233504 290.048773487502 290.096409613264 289.825973066418 289.759657520407 289.981425633818 289.889772544551
290.789986999445 290.52598040577 290.913762861852 290.636472573002 290.746082642022 290.941436891806 290.701867964522 290.623774494836 290.63098167503 290.918429906068
291.851752314754 291.56935713181 291.753941487255 291.598452978102 291.701029409517 291.906303939389 291.505186046706 291.383943838382 291.517955398692 291.683078256254
292.399167380803 292.166546700584 292.2764013822 292.198981532847 292.378333795001 292.418294563883 292.149119455353 292.154096776798 292.186221117343 292.291358303712
293.026682422678 292.622585062339 292.836524476807 292.728676625921 292.701814736103 292.875911238748 292.577313537841 292.706594298815 292.773885044043 292.763364798229
293.201039391261 292.920260717061 293.079591389955 293.045759905794 293.095226615926 293.070183528293 292.852043405096 292.98521743193 293.073531311882 293.132185467159
293.010943598103 292.893270709082 293.000147681202 292.856934166166 292.97859916085 293.044608556292 292.87713274789 292.941624273348 292.973899821661 293.132112385823
292.323390979692 292.205869370331 292.324334475701 292.231253856931 292.388281168095 292.278054238887 292.232292590523 292.34194621211 292.350255583531 292.383838269124
291.214970382172 291.328654342612 291.285913068197 291.302202788145 291.339896053379 291.29029483611 291.195755456023 291.426408196042 291.450164317973 291.537663664718
290.204756104543 290.324692856252 290.053795043438 290.193713335725 290.337694551019 290.098441768454 290.274782467056 290.300614796929 290.313120404588 290.374611544738
289.338298110342 289.679327800681 289.479949564249 289.568807533925 289.572197453595 289.347495988429 289.646857776031 289.562069767919 289.697496983843 289.595055183094
289.327194399885 289.273904121689 289.310083472157 289.285857461081 289.419455586784 289.3876548996 289.467698514291 289.324790383979 289.458769545697 289.529916286381
289.984063462761 289.913203347439 289.845000719214 289.886585908374 289.797145764998 289.880035421292 289.894826076644 290.091243213378 289.964797762362 289.777702158133
290.717434376899 290.820961356858 290.631468386919 290.613626753634 290.618604218986 290.604428619913 290.76466657063 290.872469231618 290.802377053594 290.818152649959
291.703771706874 291.603616760044 291.374171923522 291.487741600163 291.674757215823 291.445507946738 291.578000111313 291.780977464618 291.643244746298 291.661990363512
292.233320544504 292.173610323454 292.080303870783 292.157789576815 292.17196312081 292.086778795023 292.209787615992 292.302916763938 292.20224056331 292.331486065627
292.731251129544 292.642624437464 292.675997903689 292.595456942537 292.600236158457 292.618644334865 292.726858445676 292.802751919886 292.588540589978 292.818746257788
293.048014479651 292.806436594981 292.857726684676 292.977391129702 293.105367331217 292.857231602594 293.072645388089 293.083247135141 292.966282263815 293.192743582344
292.914009789932 292.771723296038 292.806135993933 292.85939713956 292.917563368899 292.663872981414 292.989966651486 293.063899621028 292.799393680155 293.110358988396
292.318221962874 292.011721440835 292.122997138155 292.216745204096 292.34143145177 292.113968036892 292.230544304069 292.422088217483 292.143206786634 292.386288356079
291.227108151967 291.034781573962 291.263849128544 291.341465955528 291.39992969892 291.156088299125 291.27552621146 291.351428264498 291.208195727639 291.468397432951
290.2579115681 290.06494220824 290.124039758218 290.386811196295 290.310981889505 290.154757195048 290.25452446845 290.441604003226 290.131478044678 290.452929129098
289.644561617543 289.139561638382 289.384414729078 289.4923175703 289.658349800008 289.545163199874 289.594857990223 289.658243622072 289.344710501062 289.827108601214
289.361472665142 289.063730195748 289.28049062592 289.533085941264 289.526116775962 289.247663385542 289.414285672371 289.682598804672 289.196575319735 289.80034707484
289.735366085466 289.426270366947 289.892374267853 289.583154524569 289.919876695483 289.91686093508 289.854260323982 290.160454751403 289.640968886257 289.939978561613
290.78790317815 290.480459554453 290.610129184083 290.789187912392 290.902659792066 290.698023898832 290.838040834224 290.935464156387 290.594222589319 290.865641574309
291.755876201909 291.252145539572 291.533308855633 291.636923818998 291.86540210099 291.595669196372 291.529994400981 291.722873478701 291.479485515075 291.606539538556
292.246444925737 291.834237009404 292.039995033064 292.233723013929 292.2517841876 292.314793642035 292.244433334346 292.379949354168 292.037900483157 292.290748497278
292.864181076206 292.349835754723 292.608039671987 292.718585182113 292.799690830781 292.713907559831 292.789572307267 292.784519771052 292.54564013555 292.680502386511
293.180354364182 292.716600350262 292.847100606021 292.949690311542 293.104034571574 292.972750605069 293.047145741962 293.073396658585 292.814320557992 292.960943964495
293.019204226822 292.630460931688 292.86400110482 292.860075644319 293.066679104262 292.972357830769 293.0156157578 293.006473063922 292.756699575611 292.820127593947
292.334500203784 292.015592848783 292.229914591983 292.172532010532 292.311269235659 292.314801529872 292.399681248116 292.322039968403 292.160804322157 292.244418748174
291.481115998334 291.067047954518 291.247918989725 291.277646374861 291.368752571125 291.231376771578 291.505943389733 291.275507651326 291.321899176624 291.228897193139
290.437748732307 290.032596364568 290.176558960423 290.094535054174 290.278578563202 290.316364591651 290.287715655712 290.239737467989 290.293841359096 290.327830931908
289.615352569989 289.53673333137 289.404469177124 289.561696834041 289.327544738184 289.365131503804 289.483132931081 289.535676727755 289.606186111471 289.471163552839
289.562135918963 289.200548318039 289.291779749211 289.191921727753 289.26334579557 289.380285396042 289.697140413692 289.336021462813 289.388931362417 289.270860547268
290.028559219764 289.733954067124 289.657399121495 289.863780511388 290.033909822732 289.851929122916 289.987486398411 289.759603965862 289.819396964763 289.92419478593
290.741912174482 290.543260681325 290.628849062014 290.642444569379 290.945055775819 290.730376427641 290.77699094839 290.72122604782 290.701351224631 290.767105713666
291.515575834319 291.416812784946 291.339772458582 291.623540540869 291.717511282676 291.445941558138 291.646792351346 291.437776344318 291.574309028966 291.540081891541
292.164960543658 291.974888930364 292.148316537931 292.215280909938 292.300153998939 292.092206127474 292.294291104858 292.109810159516 292.233907394572 292.2133332638
292.767066083149 292.482687225959 292.566038918199 292.690031730087 292.777528921813 292.529925921812 292.777900467384 292.666889354726 292.619329321352 292.685608775374
293.027005141749 292.795553428299 292.936139379189 293.004834052907 293.169062702978 292.833586952208 293.055673385225 292.985972149124 292.903434825225 292.957753994544
292.893653661819 292.6490291794 292.774918356465 292.774556319323 293.06549460073 292.777821803827 293.13838302875 292.941679149987 292.888179794837 292.985819633991
292.089218341535 292.048058383706 292.178693970635 292.186444611196 292.501324691366 292.091732343799 292.385010495078 292.288439220248 292.145925370502 292.279035535087
291.241236165059 291.024358402292 291.21447075757 291.268890025573 291.460670527457 291.251688737543 291.43392908864 291.306192976605 291.262828108968 291.463626525375
290.105022303634 289.911455389702 290.21890532422 290.203339467944 290.406551599355 290.19340569721 290.535619476795 290.3378812659 290.229227440263 290.417173351435
289.384325982384 289.23839170286 289.437797164821 289.435350290165 289.781624196347 289.36864855848 289.730426225358 289.541359632267 289.390642686131 289.502956700703
289.072570683537 289.17735474318 289.343776670917 289.292595486439 289.794193890179 289.387960157566 289.544890489675 289.604029988092 289.293944524937 289.631245547903
289.806215820021 289.528838478836 289.944726096413 289.86280861812 290.044739725519 290.031004163529 290.135256587742 289.986608773823 289.817553326692 290.017947877651
290.549008020471 290.551665304013 290.726249676886 290.614293004566 290.699978072313 290.763133317416 291.000798928045 290.758921977785 290.607989923221 290.877083975677
291.329139039156 291.279132284674 291.624044528038 291.460021087425 291.640994551671 291.537226295395 291.643780726864 291.504563688741 291.38989691264 291.70147899793
291.992329633615 291.900550629979 292.204153612108 291.999942569181 292.375240889778 292.207478694323 292.236551749764 292.249152463115 292.10935165983 292.305722780692
292.522002216519 292.398588054894 292.611594424417 292.528478532857 292.824691801715 292.658738161494 292.820464658591 292.7055584568 292.539167386414 292.849741947102
292.817226710126 292.765997604313 292.894020915374 292.863740617897 293.177486358872 292.927321942926 293.145428727541 292.94866528739 292.914463891832 293.026759404768
292.660347024936 292.652557403606 292.88100902892 292.90444021333 293.141720831866 292.983840916731 293.131490403569 292.931862324844 292.953810290323 292.984823221834
292.0505252976 292.04214710541 292.222986435976 292.291102750075 292.403563694493 292.222976151037 292.458460799759 292.25491036938 292.379776296194 292.229515271482
291.123077548087 291.113434861792 291.467815738296 291.401389967316 291.464433256659 291.33699391394 291.498512638174 291.373369445562 291.408009685783 291.344024843356
290.264478811865 290.116127245614 290.23408795896 290.444579636381 290.485138480551 290.191206484512 290.322420735005 290.360126649817 290.49944606962 290.402641990285
289.478193094067 289.670040106767 289.602946284156 289.718727467496 289.812293775974 289.547857914573 289.567811421855 289.276386152155 289.915263942551 289.558799753011
289.448760198479 289.533456224846 289.631206683715 289.477598800818 289.462825618579 289.467979173771 289.5866968802 289.443172847516 289.574318188051 289.430661339361
289.907359112782 289.92360017645 290.048261117784 290.064731124972 290.069287403676 289.887350873993 290.158101775952 289.755601333481 290.126797181087 289.90294404298
290.711464466846 290.865054252851 291.048278277684 290.765484410632 290.881232111075 290.890004980175 290.9587928921 290.604072399776 291.0955889707 290.710494966751
291.596497514047 291.675521294652 291.844952253428 291.687668801691 291.813694723807 291.637591711702 291.883570766758 291.465206080401 291.762496761154 291.598483755424
292.234622556092 292.266718647608 292.442994539812 292.343912194883 292.3830248802 292.217014607256 292.43678648109 292.040015922418 292.366102340366 292.263214593402
292.772858323102 292.783582050186 292.881344571345 292.797054793888 292.807322799014 292.599288109848 292.87571514105 292.560408238191 292.73844275609 292.670020405949
293.163973284676 293.102266558008 293.100903872033 293.204196472232 293.07872921845 292.979904821117 293.119833480221 292.947703663754 292.989992141863 293.027600087432
292.98509292862 293.08458945815 293.013967563544 293.041587345201 292.993705459598 292.926737822554 293.145081252847 292.79201834581 292.982978427591 292.930712434799
292.485159187316 292.454044196886 292.350764632503 292.338987039616 292.346267024827 292.272548499118 292.419532355737 292.155523157264 292.298383434155 292.264901436684
291.457854647117 291.523023363891 291.544210347769 291.596789110869 291.259288827409 291.262154649902 291.37794914003 291.152763779922 291.381348771663 291.265873696906
290.523721488603 290.564733208715 290.410365504313 290.375226310099 290.176978573551 290.342752642951 290.308567662533 290.183561905509 290.392392606968 290.359517949532
289.83754368193 289.771326118869 289.604693499685 289.623877535511 289.433783616161 289.410587111604 289.533207108963 289.438790522307 289.422970281045 289.612594909827
289.954702716724 289.585293202144 289.521232355258 289.72521121734 289.300851060757 289.307485549676 289.706110840752 289.093473726891 289.423196636265 289.454802801532
290.295382535337 290.08188727999 289.882991255728 289.990151540074 289.802339107634 289.776173685648 289.969171177721 289.762308020751 290.148898946449 290.011524697137
291.154006702507 291.09833600374 290.64780497295 290.847516876299 290.702521656185 290.671432901125 290.795737461476 290.572797267972 290.936548518393 290.860744799154
291.866712868767 291.767920206577 291.606802030434 291.816362048631 291.530617693518 291.476864753269 291.682838054905 291.421442247526 291.705338093003 291.874310904217
292.507320266899 292.433057097211 292.325677845526 292.356024266866 292.172381697961 292.053526219593 292.284528160275 292.172493842694 292.397875139526 292.365323944195
293.040532635011 292.926020129118 292.789599897075 292.911781267216 292.623941264824 292.575613490316 292.76425939778 292.590817034777 293.023937112609 292.803959144909
293.277527894517 293.25223347819 292.987987084346 293.195415795258 292.971750219744 293.003573042959 293.069985689168 292.986996892523 293.364314243945 293.186510680169
293.196588632359 293.116045000076 292.943903470569 293.088654166167 292.979810819927 293.024965143459 293.019136782095 293.008652685105 293.315220313265 293.078124966501
292.510540070341 292.496176730955 292.238015958173 292.409850171475 292.316979471395 292.243335090815 292.376581984233 292.257592393093 292.793820615871 292.485218883491
291.516723545746 291.579030977015 291.333461239993 291.637934186179 291.417104992831 291.267550397041 291.290519381782 291.342442836752 291.767008471893 291.358648957005
290.434474973729 290.52427465468 290.245057908099 290.485598725029 290.52948216655 290.152414879197 290.260567743167 290.361392069373 290.692996594727 290.379206257075
289.711277194459 289.601170032855 289.610026126694 289.992771290393 289.749335594306 289.30537334044 289.601256365479 289.641255326037 289.944215636199 289.409029142269
289.766432437797 289.557944751849 289.416213893128 289.84327154274 289.708825203139 289.181127180469 289.404775159991 289.549012050753 289.927112295457 289.450454756386
290.126130691071 290.170418455371 289.740396710144 290.458881462606 290.070810517719 289.688019355615 289.704144829024 289.917257930533 290.394462034226 289.887034553
290.869834952816 290.819665910881 290.739037538627 291.047900656202 291.125789385898 290.543162990474 290.904184673329 290.839761967126 291.165053085869 290.70097817841
291.641716623631 291.608140603832 291.602871067101 291.867261806107 291.840204948565 291.657040511874 291.665452965341 291.625156572972 292.075169653133 291.632213794645
292.322791814312 292.244210088939 292.278203091095 292.526665034586 292.421155781574 292.293505392358 292.367255894801 292.238477717693 292.723512032585 292.289020501027
292.891753182768 292.799751959296 292.874986886741 293.01630812644 292.945368603686 292.736160810544 292.856247516414 292.664992683309 293.183145979709 292.736228355903
293.253483440377 293.026635015733 293.250991320179 293.311358357288 293.197071927017 293.059598483014 293.146494815049 292.976865454832 293.444700780405 293.055740610249
293.070602857481 292.937699200843 293.112021991187 293.262845332605 293.204426802369 292.938795721272 293.101223953429 293.08331472775 293.358873573244 293.124022517436
292.449648680146 292.47026621323 292.435905711538 292.635902763005 292.551293248393 292.305707918888 292.432457575603 292.382898627293 292.652595447011 292.423309210478
291.559773831948 291.484000348754 291.540395993205 291.791065280459 291.685491171962 291.457767124419 291.453383657561 291.505237491177 291.71614572682 291.592780129338
290.619481297436 290.529005604837 290.641129476489 290.660350145789 290.531598775827 290.510961350713 290.535984926239 290.349211604211 290.697658188107 290.486136233925
289.889562735043 289.785158003669 289.884356613479 289.878801067276 289.843909289336 289.83854437691 289.942074624685 289.832105691418 290.123442963845 290.037296446157
289.839897286661 289.65194588753 289.65500800477 289.667268152106 289.974294611137 289.624540934211 289.741936312152 289.581679031716 289.892607134435 289.755230205956
290.192723690931 290.02023327896 290.194192929345 290.092697408488 290.365453188349 290.04393485203 290.247414069305 290.141172173568 290.352670918401 290.413566462275
291.076742840887 291.077904486672 291.088805680646 290.750417757144 291.234447712885 290.816289276826 291.063030202703 290.975205450582 291.16101121561 291.259897875818
292.036118141955 291.75411754065 291.979837449112 291.799037607968 291.956968181254 291.757399469319 291.771745734174 291.767310049794 292.100117635187 292.077748456378
292.475863576103 292.338191672238 292.463890191584 292.358090872214 292.727873037116 292.414356780628 292.355073284418 292.467808192732 292.574223246294 292.653958635122
293.079765703657 292.842242318212 292.986792607734 292.92452242212 293.126531738568 292.873115068431 292.915067877311 293.048408392154 293.111818027892 293.097871437385
293.246405174042 293.208617077543 293.24212539948 293.239002158426 293.471048304905 293.367114529553 293.213778864598 293.355036576565 293.491765512157 293.508571943777
293.212572183435 293.126298347594 293.212354452853 293.07699038487 293.431882437685 293.26634075617 293.157053105733 293.256143920572 293.344603797112 293.305363648034
292.480746000554 292.512414704353 292.523670432716 292.473976217205 292.567507775988 292.628208759346 292.486712068261 292.545896238676 292.577327520725 292.598151885478
291.412654711435 291.632351850394 291.572276542265 291.555965964154 291.718717424056 291.83746741552 291.673428464883 291.585463683647 291.669818569219 291.775578503155
290.377896981491 290.517890820441 290.588777446898 290.452710416726 290.764506355279 290.605292732346 290.658643126445 290.430159975187 290.731792922177 290.80691794575
289.663263905042 290.034429251215 289.97144960079 289.626050767211 289.869594511139 290.052135038078 289.986213806291 289.687133129612 289.927823917187 290.027352447057
289.494729349428 289.885067096474 289.541046747863 289.450509151426 289.664936332142 290.080935648216 289.91301847014 289.723281748658 289.813287552341 290.141496482716
289.683997438283 290.325210533575 290.139113908742 289.92943631154 290.179315374271 290.410162522647 290.279382899689 290.215880958195 290.166324464616 290.470342778097
290.854966255955 291.236652765966 290.964014690582 290.783085111188 291.022645618377 291.314256316627 291.204720012384 290.819131827246 291.095620186597 291.273628461325
291.675054177741 292.016890747572 291.974570514452 291.60786479498 291.952228520078 292.087956930986 291.928510050563 291.673846723329 291.90600003564 292.168054283911
292.405835557302 292.603502553691 292.594595227696 292.353838982482 292.51827229702 292.811935847182 292.572607729033 292.386608063705 292.465684127852 292.639226061312
292.932001381713 293.029278839417 293.085435710071 292.810544726322 292.963579382632 293.288268977733 292.960510403096 292.737443624642 292.996515585324 293.079617468233
293.211606345175 293.287406835135 293.378195513858 293.089284704385 293.364214154942 293.552604013326 293.14434415622 293.013944450287 293.259230450936 293.452441923526
293.111935201308 293.091105234461 293.333704103698 293.142795036408 293.256307270009 293.308895535554 293.1280503781 292.933822124046 293.181433526306 293.43705362399
292.557345694717 292.325940140822 292.613185374351 292.506396439637 292.596836979309 292.749869756095 292.443046335907 292.255503810914 292.617621509963 292.768837970461
291.715203397534 291.543064015686 291.713926947471 291.522396040187 291.756103772959 291.847810688792 291.406314427903 291.32798649433 291.593599231002 291.83278354256
290.664294482363 290.481083532396 290.474321442705 290.584738807678 290.554065329522 290.760549511333 290.479964204013 290.206525245631 290.624452516319 290.900974167807
290.054097588299 289.426891237491 289.906216383407 289.74865358684 289.988166392373 289.813025039287 289.665230049029 289.547997457836 289.765644037651 290.221738217947
290.017747329005 289.319288323562 289.706196782643 289.571687204342 290.117273854628 289.852430788435 289.254755983473 289.516888672863 289.520417890315 290.240552212835
290.399623544797 289.870657515142 290.278566363826 290.030385396671 290.470761161612 290.249182724887 290.012489130736 289.832661100688 290.171129745431 290.398004228539
290.931225206717 290.787160856631 291.144546611177 290.834086131134 291.263331229668 291.145834226235 290.836341654388 290.680994053214 291.14486775777 291.259229386207
291.87338551671 291.76110977972 292.042976299323 291.753713511254 292.08743504982 292.009214646077 291.568548245994 291.639080798149 291.866318404962 292.173082636792
292.551023285632 292.236730967014 292.499143871648 292.446313910229 292.704200276115 292.669109598882 292.240625234566 292.341430324839 292.414029468575 292.759306892293
293.09011154941 292.786084753863 293.072400080671 292.990655658918 293.135387961513 293.167752372528 292.793939710005 292.860406480767 292.959270186449 293.100117438437
293.36309550777 293.093618271805 293.339659446018 293.366933383152 293.517255131553 293.401834110267 293.114651843197 293.166664696425 293.384744108195 293.435028964914
293.288890701509 293.004132653969 293.313843356775 293.345154443558 293.269393972686 293.266230243238 293.146475636554 293.120264432632 293.317949649979 293.226973300017
292.540959446637 292.365500636846 292.584185908137 292.656485189848 292.604564091987 292.624681776021 292.466801433266 292.452726167717 292.743085526373 292.522306965329
291.587133529419 291.433362487554 291.664750446991 291.87815856567 291.54358607376 291.604348856243 291.596091098955 291.599417346588 291.792661296351 291.509075541631
290.504591398244 290.487123845537 290.7524695403 290.798955332305 290.540580883623 290.60950609978 290.701203071362 290.608376093561 290.811427824056 290.475560814106
289.784092499885 289.698200677727 289.86456544021 289.996790793066 289.623412931411 289.799190007121 289.772437409351 289.834220996755 290.083931578603 289.759187149023
289.388767659712 289.736638366003 289.704935558923 289.753131283937 289.624817271775 289.819988492794 289.685662872423 289.720451173767 289.910030741143 289.538360885355
290.082588887184 290.091207496312 290.368101226787 290.467851319694 290.198153316188 290.216254788357 290.153311180952 290.292880311416 290.449479814971 290.038287455432
290.865222401872 290.939279104108 290.966992143357 291.211668283901 290.980610185387 291.024736628131 290.997606991197 291.012635759366 291.466576933207 290.88636762756
291.730034157332 291.859246643162 292.051360672448 292.004740403133 291.838801389232 291.707869843993 291.845625849732 291.837424007103 292.089373973237 291.770430537628
292.372034623077 292.431499436971 292.533145592691 292.632226649388 292.430053037956 292.4204400475 292.426746681768 292.412279684928 292.611364944693 292.418746805626
292.933146970714 292.829723601711 293.029142001447 293.132232846255 292.818648392933 292.829236843577 292.886764167573 292.790102188096 293.094655134423 292.825840495879
293.291461317636 293.127142300509 293.268407105678 293.382189189546 293.220707009066 293.061918001347 293.166527462578 293.095776331944 293.207776176072 293.143262085612
293.179685103364 292.951407481783 293.18153804015 293.311529699041 293.103820079608 292.976123452402 292.980360150938 292.927217180754 293.063745020342 293.068473211312
292.629319403423 292.419846638112 292.529041949307 292.500741513295 292.45209998414 292.325415106494 292.282403688217 292.172349111336 292.360383397605 292.372314803166
291.612579569588 291.34235893299 291.653362297593 291.524339068112 291.433634813398 291.411110234412 291.284226967857 291.21610719453 291.365909821486 291.422662578759
290.675429090864 290.490148766471 290.627123477551 290.225448285497 290.463313460023 290.343189422785 290.049913826673 290.305376591667 290.161374802793 290.428185672737
289.8737930518 289.642593741879 289.950963166188 289.747237735411 289.77471311858 289.602115761101 289.442864242106 289.296450485111 289.46757931778 289.776037108774
289.919535869339 289.6968873969 289.532300873754 289.238107526249 289.466534561025 289.355875777024 289.178881942715 289.260462793528 289.299722373636 289.803803423153
290.43189806047 289.948937512546 290.165987246399 290.008928743001 289.908665598527 289.964855604359 289.786141269098 289.758419555317 289.868300145611 290.274622223281
291.127970403911 290.962927538639 290.907856740765 290.755136430037 290.834889915531 290.658021551727 290.788723085459 290.599311805312 290.620550441422 291.18266340268
291.99041457034 291.808227922922 291.750074165751 291.67357387011 291.736984072401 291.618841647799 291.424066146335 291.590877187002 291.578799171602 292.008102648509
292.612828135258 292.28237557446 292.437879574389 292.379838643606 292.348818405806 292.147833775478 292.037474582698 292.120535171519 292.244704757814 292.551241879596
292.943457302632 292.747130612957 292.885713154694 292.815456498938 292.914879927312 292.592009485606 292.580078175671 292.530278139092 292.706512046418 293.053667375447
293.212359735781 293.006634271223 293.157618410242 293.005722583879 293.178227018447 293.032015063565 292.946932594944 292.92243396024 293.128841359465 293.355819940266
293.128737655558 292.907294405783 292.994143276112 292.982413318325 293.062414434249 292.961400706303 292.899985285502 292.831750840444 293.035098493483 293.277395114754
292.389489185665 292.314771120754 292.308300050072 292.250425030094 292.361786940026 292.195284330368 292.222509987816 292.214556114831 292.365523817404 292.704138276692
291.515968014547 291.341324849814 291.307826037851 291.403192799302 291.471988771205 291.37438654042 291.321337040734 291.288984914659 291.440724502693 291.774265609462
290.417383060176 290.312252368802 290.294133565173 290.259033952573 290.423956493893 290.157288306912 290.19690712362 290.213548369491 290.475663357898 290.688107604268
289.779147727092 289.896762150629 289.523598998654 289.248238468227 289.718321194074 289.424330860462 289.579921821698 289.623629183563 289.831266192842 290.0048690993
289.484423390843 289.523081529218 289.179158875492 289.426966903497 289.619943211422 289.175225984119 289.472430554025 289.777196282948 289.589989976537 289.741296679027
290.032846917376 290.418022740685 289.948494491885 289.736947206773 289.922747100498 289.785235851512 290.147898556686 290.257718582228 290.101233283769 290.366257817456
290.946496967771 291.143964795925 290.923409692394 290.826919332687 290.698093503263 290.54772779891 290.837116319722 291.027398779322 290.901446936284 291.20738157656
291.735039457109 291.934906806361 291.801166972316 291.633525639126 291.745867462809 291.42288730043 291.691879186391 291.776711839806 291.876994582917 292.006212489377
292.388461805498 292.420077148216 292.367690483738 292.253165893566 292.382548080259 292.044783210085 292.29248244796 292.304583774838 292.497048280179 292.659145493142
292.767935164522 292.874056115967 292.876156164729 292.791336416953 292.840675150628 292.619884848218 292.871350166089 292.898108252569 292.994591159412 293.070315880635
293.043847496364 293.188468077924 293.191451623261 293.187221957221 293.177897710239 293.028226714045 293.224828846293 293.148874445492 293.316060177097 293.447145007462
292.95417648803 293.021955072149 293.14482910644 293.225644512692 293.177365454516 293.018635612637 293.180241889234 293.028473537378 293.186834316914 293.355671051474
292.389271348246 292.420534365824 292.514868547667 292.536231031949 292.454809018124 292.319446652183 292.518148610338 292.384888976332 292.486278420987 292.885869575815
291.447322480403 291.498725097241 291.560002940867 291.535527275624 291.513454303364 291.426845206685 291.622782907146 291.514872383606 291.368645670223 291.784966983482
290.560808903344 290.424987780995 290.444260620196 290.617814289333 290.360369784686 290.459822886107 290.582123502255 290.494738631984 290.370208684534 290.723934645739
289.841795891943 289.726854019906 289.733633678155 289.867533099157 289.86462589149 289.772721225084 289.84734895644 289.777831910832 289.687364518485 290.206037844669
289.655690044673 289.533478793912 289.69974011598 289.722377935656 289.678926431695 289.853928607346 289.829471669898 289.630127036271 289.562894706878 290.026980003125
290.100293853538 290.030542375899 289.914906253494 290.091855091578 290.123465412979 290.145909410763 290.328030598822 290.331646650932 290.215679271614 290.588176056056
290.932187261177 290.767062895959 290.958606278111 290.993188746449 290.975145294318 290.982217539681 291.204773980321 290.994617166077 290.990320977048 291.29748469325
291.789525821803 291.766885669496 291.745421484272 291.74484924043 291.770780612318 291.891735385295 291.917753816773 291.856666694729 291.77997899317 292.073307312069
292.341234897285 292.351360669564 292.388382216108 292.503157871505 292.338731217229 292.489060252115 292.540112911557 292.441505082667 292.479362399255 292.660004949463
292.850705063336 292.863389000361 292.88134913859 292.931964558959 292.894410116857 292.979369905329 292.969189278976 292.951245250283 292.942526790754 293.143514418447
293.277554281438 293.241025920546 293.228252261474 293.252971282218 293.161573040287 293.29300088842 293.22452636275 293.231785157372 293.303314777437 293.466581436829
293.102437693002 293.167057603831 293.284741828911 293.087175611856 293.146287540347 293.247738134344 293.060557371136 293.218596138448 293.282956659768 293.33838331033
292.303243803124 292.482780973053 292.575986026566 292.294328795087 292.5049971594 292.59688755031 292.442576867165 292.497740735954 292.69728544483 292.714031480232
291.400253992506 291.625392310409 291.709897589039 291.34478618043 291.447360342826 291.684524247007 291.635160671899 291.498685093443 291.691119929243 291.757669891327
290.374672268566 290.526742563601 290.693404817675 290.263618338431 290.379530593651 290.524223569249 290.54171204729 290.356881574566 290.706458073483 290.532828184105
289.697673499834 289.808260324087 289.994952033897 289.423066013694 289.679895733316 289.954584493252 289.707534824555 289.763382852435 290.078156747687 289.708028286218
289.593022556591 289.845569887783 289.934598471317 289.460698561255 289.64657563431 290.028703067278 289.704413250104 289.60161206892 289.963717053963 289.636302100261
289.906870785928 290.293539495421 290.17682742162 289.932374792768 289.819236118871 290.223250783859 289.994178744106 290.056829986708 290.44916923995 290.082482928652
290.860740185616 291.065764071676 290.98581267422 290.694934971016 290.941031756149 291.227193467951 290.915941869876 290.805982087804 291.170727883959 290.876092399138
291.700571189214 291.840950472224 291.849385908259 291.516584866355 291.737916031306 291.845996560187 291.7924715331 291.688533727245 292.043787008267 291.793044595026
292.318571101941 292.445740349798 292.603271060519 292.163465809604 292.442908717616 292.69698016899 292.416220047071 292.359526210756 292.566425097799 292.456318825015
292.812406720503 292.913580474191 293.138782345811 292.697970767393 292.958504780079 293.105910151922 292.987537301227 292.915411355676 293.133603222338 292.89015600878
293.184379114479 293.244197581629 293.510733101339 293.081062753705 293.2475265549 293.46233674436 293.319851636584 293.223524105555 293.373637323416 293.197064391776
293.128996947624 293.11963330807 293.420146313938 293.065660606026 293.205080350147 293.378795450331 293.215676389087 293.213421911206 293.351092036972 293.100504315727
292.500120308126 292.405207963948 292.771564611232 292.407179281162 292.596726241422 292.661853539718 292.537790640054 292.492301257928 292.635063733289 292.479829544359
291.564068054693 291.586892571466 291.74627241884 291.428659014892 291.601198906416 291.766080306803 291.665940190722 291.48175888593 291.775110990638 291.483485454075
290.57225837092 290.529972526091 290.671172597736 290.487043839959 290.279645789736 290.787732908819 290.643556301438 290.504879645223 290.629596909468 290.614480655856
289.732779226726 289.802959996211 289.890774505179 289.796607624779 289.770491316933 289.929715451045 289.927553677469 289.764764468037 289.888517303436 289.804572874392
289.886184520489 289.636585639109 290.041630067889 289.757353522128 289.731327417958 289.847463884375 289.677673752863 289.63308945794 289.802851404554 289.775067002457
290.277636200282 290.255472510843 290.149355759593 290.200719749679 290.187740132749 290.207636028776 290.257423348976 290.316515516016 290.305406898205 290.280276599312
291.148289466619 291.002615390734 291.292015474792 290.996815847902 291.168745932861 291.110603273156 291.00717921404 291.09102902605 291.061608409353 290.968572213422
291.98321586714 292.00462527608 292.082000524788 291.725855708328 291.990584777525 291.739252908956 292.008280196094 291.84100052749 291.944139234846 291.68288178479
292.556073032379 292.573277945314 292.522841752887 292.328601017725 292.520292827909 292.462670926357 292.597042710666 292.55991048459 292.602444413437 292.404852150331
293.023130626205 293.027485696969 293.084336333698 292.910698937873 293.01971168941 292.862239555149 293.091023906287 293.067679729921 293.082621507484 293.072028416962
293.301403317287 293.287322867614 293.383329885227 293.280021268578 293.329735295463 293.274391055272 293.408209087402 293.372670351959 293.428579329236 293.374517301854
293.327983605978 293.291987101214 293.194706278947 293.261323479155 293.286868822297 293.214618627653 293.422268552749 293.388435073579 293.40098192614 293.348745414569
292.65528882518 292.625491964252 292.43483018443 292.560291873267 292.537479579239 292.560654415069 292.761716523531 292.711237279473 292.771742191376 292.681086986634
291.789668358087 291.772920464939 291.595625933498 291.567770669719 291.533830949957 291.533509287284 291.663791422351 291.836511964045 291.800755801049 291.722203104055
290.768379393564 290.720764242247 290.621763180966 290.46884222456 290.467455297141 290.622984522027 290.737276049052 290.823152467533 290.772346178368 290.726842249086
290.193647138024 289.799712458643 289.805485083064 289.606770890141 289.720387946215 290.000240190179 289.900685274152 290.230738525639 290.029967796423 290.166512626731
290.210554749011 289.920132433968 289.767012855182 289.513474733941 289.665696845181 289.714078168989 289.568242254422 290.249572538306 289.976037167905 289.875490265827
290.294079064174 290.293981547554 290.16827275971 290.161292462875 290.250161167376 290.311158712888 290.260054702584 290.661994250463 290.480329899907 290.63145401526
291.301748420071 291.171248733408 290.959856253119 291.018666035219 290.958729819995 291.204428507206 291.089162660558 291.294677859765 291.277908739652 291.389446996118
292.231949261694 292.052834925303 291.741149775052 291.683773546404 291.732326443243 291.988299164303 291.887106878055 292.183010473649 292.051449569886 292.129761260077
292.892627789534 292.605505478077 292.417676664498 292.453787787735 292.498212208083 292.525920970012 292.538777420017 292.70779306277 292.673615729931 292.85295357087
293.278094349267 293.13752270259 293.052319139356 292.930557074844 293.001182393512 292.944305255075 293.004257538502 293.19372497248 293.183646743192 293.25272693503
293.485909698728 293.47689357673 293.311448388194 293.257189301661 293.395451686339 293.312654298701 293.312137752863 293.509333732612 293.423433733636 293.565942608487
293.386537221671 293.413501879764 293.182785220527 293.21154286515 293.275458058039 293.246142248606 293.311890207994 293.390865858963 293.373347461491 293.443225972143
292.744216120124 292.818148302133 292.542434660764 292.6180384292 292.636131672263 292.60256499502 292.729190009672 292.712462885389 292.716886838029 292.740934922184
291.683931271718 291.900941014074 291.622601243987 291.613394650331 291.588384417212 291.689947407178 291.726956680332 291.78118857739 291.743131835818 291.728163519981
290.675468458019 290.868124179294 290.639080074707 290.580173159402 290.624177414923 290.532220693255 290.643561175716 290.642861294714 290.561112290012 290.656867510922
289.88541444764 290.070626117024 289.717802187096 289.696516809691 289.825751890292 289.835905730352 289.870936755713 289.865690881213 289.767105085188 289.80222466348
289.68888309008 289.878772535775 289.898182921301 289.641379228759 289.859384005029 289.513097388133 289.903659749721 289.770708649948 289.868821488641 289.83520635473
290.074338980385 290.659831736822 290.320639059377 290.140103299308 290.357778395971 290.035729880794 290.359538243084 290.261815787104 290.360757147717 290.295451525197
291.058309323356 291.346929830824 291.092094117555 290.899310918784 290.978294420196 290.892459480627 291.078408884948 291.098820138842 291.2338020136 291.149388427123
291.784633971819 292.032144883728 291.965573002615 291.89379100971 291.876245280063 291.872197017485 291.978615150616 291.96080408506 291.947354328054 291.904364368105
292.401269672128 292.694573376279 292.600379800791 292.570606394727 292.532920250259 292.529588156405 292.5431438927 292.528465023968 292.559380952297 292.554673169024
293.022585292025 293.120808124097 293.150086517768 293.121661384161 293.035462867971 293.047781804235 293.076709863873 293.037577744541 293.146918247879 293.044052819628
293.288842253339 293.408427618616 293.508867281168 293.367122128973 293.371647346975 293.366886810512 293.323947562581 293.341031199816 293.439539047884 293.4342404465
293.231552380841 293.338954295758 293.391071986012 293.289511479498 293.360075305528 293.238294591328 293.310176108218 293.23887876161 293.325669738028 293.317546228154
292.539174251037 292.584534557276 292.73524795377 292.639717090806 292.798419680433 292.722290423625 292.736116424657 292.51719577937 292.64522362012 292.706280294834
291.646583041506 291.623968639241 291.838915432274 291.763108834079 291.826863758253 291.813242363154 291.744405788595 291.623236343979 291.770803225819 291.686459676339
290.612280150522 290.586634038395 290.860598992037 290.516867094394 290.734128015423 290.914328353918 290.568314117674 290.607217422379 290.701159777088 290.641907509269
289.889911312166 289.992127079621 290.20103372872 289.793373324432 290.112451534098 290.160529299818 289.814430991087 289.590859374704 290.003128850583 289.931277037971
289.844882625459 289.809560656825 289.991859590931 289.783970088381 290.11814612015 289.692271794385 289.678363280284 289.662305691046 289.684825217647 289.893069856534
290.278920885045 290.381580824719 290.303256985568 290.055963313559 290.693800655135 290.324175122872 290.350912974416 290.343864827915 290.250333551846 290.336774371172
290.995668606951 291.1287294182 291.387791851727 290.984509586775 291.315591917577 291.23085013138 291.100683487233 290.949551406979 291.136337768293 291.098971033377
291.74134837701 291.878749032419 292.131662200619 291.917783396282 292.162315337158 292.046929710566 291.911513929012 291.835015424042 291.943876964764 291.958301170661
292.481147294008 292.588342810705 292.672451961279 292.512635754638 292.658620981022 292.584174721896 292.561966220181 292.51558460311 292.476036386075 292.508773854735
292.988227457192 293.083885858174 293.148874723716 292.904581785393 293.151836314838 293.043186798594 293.035728097529 293.053709280156 293.014014806964 293.115747810849
293.31523291986 293.469953947687 293.502656775746 293.365742537969 293.555527361649 293.311659451266 293.353010654781 293.295457635171 293.290291983 293.507963022902
293.345536602659 293.415662253902 293.378523340438 293.226132737145 293.565780921632 293.200561948838 293.347742229916 293.220265151286 293.192590825681 293.342648248961
292.668558653445 292.788017222392 292.653411557422 292.589624164463 292.883656522771 292.561591556112 292.743033780789 292.576064429119 292.483677433114 292.672226067444
291.782538763935 291.922052454352 291.677592462784 291.669621049643 291.796150122066 291.515983469852 291.796165336133 291.702935893742 291.582149271124 291.747357941868
290.613228378694 290.901779688876 290.574880135605 290.699925353325 290.762721466831 290.417722237955 290.933016433726 290.705711170947 290.587188476701 290.535066986147
289.988509715622 290.188992458303 289.73932314997 290.041388959792 289.829071185034 289.609687531871 290.055851061276 289.841796829775 289.660908236592 289.77838954237
