290.139741477158 290.0726314879 290.169800065175 290.026646378813 290.128308870424 290.153547183876 290.093381273553 290.141446485745 290.113718558958 290.049725136742
290.421555622331 290.464995215562 290.515394092194 290.677007539634 290.686740648767 290.784288450978 290.69450953366 290.585567804657 290.562486029716 290.620847358971
291.246418174578 291.375521514686 291.302022719351 291.364707550356 291.363015110002 291.499984375739 291.430395018183 291.373407756569 291.290372959855 291.296260973152
292.102775950706 292.089072872414 292.258995513855 292.219457946896 292.164101895251 292.327294916845 292.202626051445 292.094883325408 292.151726882811 292.107384738108
292.686292902272 292.626350279168 292.882718090198 292.868424474478 292.881314625917 292.911271019726 292.816439434647 292.650171023168 292.830790335717 292.806794225937
293.182981135371 293.218933290115 293.308827311095 293.358884788774 293.338714301994 293.369181871726 293.367732540831 293.221139236139 293.3773585299 293.316475517374
293.546713385591 293.514229872595 293.670498884496 293.668508180573 293.715423293493 293.676834606089 293.704272119444 293.604668434939 293.654504729717 293.63870517446
293.434862108444 293.391479008336 293.530627412186 293.615178391578 293.630076792474 293.605044984691 293.603534326525 293.544975854159 293.554908733432 293.589541668537
292.678450674443 292.645528100863 292.838712175974 292.914257139248 292.972470256576 292.803201855056 292.879878493845 292.88178184838 292.942669926268 292.74834588815
291.596107821193 291.678885213065 291.849589693123 291.816531969799 291.949121294416 291.742118590323 291.904175605485 291.849062832255 291.742914888595 291.773485155062
290.600422628139 290.614866630647 290.606235687309 290.901531527692 290.844373315536 290.642949096375 290.786887634169 290.822497214016 290.850723820313 290.595364892357
289.777168696717 289.765629758303 290.015705791224 289.824373383436 290.365424375186 289.821074428428 289.938632087536 290.119676680956 289.908010301326 289.648224640228
289.456013329662 289.666587283137 289.847822034304 289.998929755707 290.159836780949 289.698743204336 289.857091689401 289.942449837311 289.934861701864 289.665946583852
290.26374088149 290.092145708812 290.406835623573 290.239130026174 290.514679320748 290.285622001924 290.46532263992 290.490631819432 290.285941517982 290.180817885098
291.060798268877 290.854882604623 291.178312171805 291.200570858271 291.373599937179 291.075252736564 291.166689068811 291.138524305784 291.031659843518 290.977132102017
291.677796555729 291.786366168296 291.954404640827 292.033293072505 292.187596506314 291.78680101302 292.098539671244 292.024599703583 291.808214359808 291.83030896585
292.291730383325 292.300620752393 292.565715131975 292.642264133603 292.756578611525 292.477158509646 292.590892926556 292.571047690214 292.391759130609 292.387009160365
292.901287892882 292.852734783594 293.030037015509 293.159283405893 293.095937976111 292.970085595919 293.034676209972 292.99265549724 292.984509420288 292.870461071402
293.151235176126 293.242127661742 293.358810722372 293.480521895889 293.411715621348 293.296215815244 293.290300784637 293.288903845168 293.236974440389 293.152307357795
292.985758612499 293.134529861175 293.188027773613 293.317398695129 293.208840751181 293.243732818069 293.097054560058 293.165714033857 293.159642421885 293.011765142332
292.327510210214 292.489838787919 292.663703541164 292.53921417743 292.497955350551 292.603306295088 292.356143106209 292.463731816957 292.449971153746 292.375047672503
291.340181941294 291.479726118905 291.556643316468 291.52200091936 291.387225956415 291.491751993759 291.31974723522 291.432812641294 291.486090700304 291.379335682257
290.239499533848 290.422170484529 290.460641265707 290.357720386037 290.297531944827 290.535551517746 290.176498307078 290.404145747834 290.178806724437 290.304571461855
289.380568605524 289.81599546242 289.661560681867 289.444765284773 289.6271840255 289.584788391675 289.383988822525 289.569345508153 289.519023311259 289.423948572537
289.41319112838 289.472081062266 289.590843008327 289.36117599645 289.450593207954 289.314681202135 289.208290198745 289.365644652134 289.347275475937 289.260834045038
289.687199477612 290.013771357325 289.640779445023 289.994410396872 289.772358761249 289.99204721406 289.801883536259 290.105313908561 289.774965868693 289.651569174081
290.597850806955 290.809580910844 290.7567501371 290.597661227977 290.781016376457 290.884185599698 290.528424410252 290.610045006425 290.718674928439 290.708970294544
291.371000122396 291.601875864188 291.507683626636 291.626284762158 291.651496703889 291.75799747107 291.364483343245 291.582983275358 291.591652659906 291.469610166532
292.132552122967 292.227695161941 292.173576151454 292.218521218601 292.1588382075 292.232866048234 292.05108618635 292.164710372494 292.158384173234 292.045750034128
292.554130425563 292.600565072665 292.673958220475 292.720746918492 292.616401981825 292.709793756783 292.553128442749 292.721050235016 292.577488215729 292.584358426907
292.97230423508 293.060727234486 292.982424338973 293.145345764655 292.997471171275 293.091628623076 292.897912998331 293.090767127271 293.028505686564 292.822257189324
292.806035900382 292.965968560458 292.92685834562 292.939707316168 292.796465694992 293.001880340197 292.819540420515 293.061580558113 292.933062312179 292.692466989548
292.216501047264 292.223427612177 292.211847964061 292.231975478182 292.243684805368 292.233129288243 292.144359710255 292.229976569137 292.259006477099 292.140536776984
291.16541430159 291.24916490454 291.341179112825 291.160427982613 291.086849642028 291.201892616948 291.213528602396 291.218497639793 291.253069455965 291.183911590647
290.039909362609 290.176970745078 290.210499476531 290.112060485807 290.14433289809 290.176155839091 290.141912449771 290.011455612681 290.323435503085 290.007176142526
288.933901154859 289.31546654966 289.237869174657 289.250087144052 289.294951772706 289.298998507898 289.215181082662 289.13738098206 289.405016805663 289.223102775346
289.050572572549 289.265650834026 289.164678490259 289.19715562717 289.229936319602 289.155985047628 289.071918699065 289.168910018149 289.000086149769 289.01051452614
289.374301877899 289.464412950653 289.573493545846 289.396116368616 289.675068316461 289.774684991728 289.661680429522 289.651423720723 289.627042219623 289.586747700606
290.486304369493 290.389817949177 290.338159086618 290.583009133579 290.552010134646 290.577730452562 290.405947655084 290.482862280496 290.536128903358 290.313018249664
291.217833644163 291.26118237445 291.282363352704 291.180915842343 291.173014456311 291.40328299772 291.262777282314 291.108434458059 291.387810717355 291.361587715836
291.924187384625 291.955500306916 291.949135472268 291.959606687822 291.911739593763 291.956233160662 291.873410952422 291.922353523498 292.037385554907 291.894009905648
292.367071572292 292.454465192258 292.410881743514 292.357633050504 292.410961693917 292.457404253515 292.350592211501 292.42643945641 292.501568304779 292.387887375074
292.724768470945 292.745912356321 292.840477858213 292.781597723815 292.747483032861 292.8853887281 292.789341992092 292.823242359413 292.802944050004 292.718177561592
292.662234672322 292.7098980295 292.814675325521 292.71075281307 292.654919778369 292.778691743596 292.735486782622 292.793612950262 292.801004172055 292.80167966402
292.042155730316 292.061550078926 292.115878628554 292.035833337057 292.007075396019 292.175879444247 292.069379050898 292.116353245342 292.107741400544 292.272420458513
291.007629957811 291.087371303926 291.107092679379 290.974355633308 291.018249401074 291.3106179172 291.121759315474 291.149872005095 291.043251289667 291.212607446834
289.903623992952 289.961860636795 290.091877808096 289.889074073472 289.880940136661 290.129468114211 290.196818796315 290.005751448642 289.833696594432 290.12485681257
289.126582914905 289.134817589986 289.28829005535 289.223133864069 289.158646818608 289.166237571664 289.51283819985 289.438349684272 289.285847827691 289.264115221567
289.010518784404 289.15351138868 288.837295455713 288.909563129567 288.974257902307 289.061281621882 289.425287995014 289.206421708218 289.321496443089 289.055008225097
289.215359455313 289.649144639009 289.622852157516 289.53761647245 289.678014701304 289.54224385456 289.675793861454 289.676027312305 289.493495522378 289.602370296639
290.380830619758 290.501535333453 290.448146969215 290.330240098419 290.392721888566 290.48642451215 290.631743797282 290.723340216972 290.460018747005 290.452576954518
291.296744393326 291.443912573225 291.276873149563 291.201797993302 291.314629201239 291.400105532063 291.534490131671 291.496368490084 291.273752497652 291.443141205266
291.832003311084 292.071766301515 291.944909562675 291.802246321071 291.881870126537 291.938658269382 292.1578130188 292.107837857759 291.96150965074 292.063570651497
292.471657891243 292.581022447429 292.464922930268 292.320356271127 292.514454732973 292.424489212125 292.576761942347 292.655049789024 292.58723354303 292.63942322327
292.797237466564 293.00689542341 292.899010684484 292.781861708026 292.8563150974 292.757448559582 292.910113474446 292.907491819596 292.935766045667 292.914099031643
292.776003886001 292.877520607784 292.882668627249 292.711875481026 292.840366711152 292.682917997879 292.812647572883 292.768933744802 292.771661050929 293.007362464705
292.033771111704 292.061024164797 292.251871630748 292.036040748409 292.093798983725 291.956765022809 292.115947237042 292.072753210319 292.129263552649 292.35540760477
291.049808878665 291.180167589488 291.27732508032 291.149616777733 291.064313921341 291.126387237673 291.233831304297 291.168966265251 291.177638025479 291.341990024427
289.910396586205 290.091072748121 290.099593806121 290.174385857039 290.048988750079 290.089776765184 290.158374238852 290.158970580659 290.042340402718 290.394211853968
289.139496759569 289.424339969094 289.225962037231 289.056151637791 289.352013671512 289.309963381686 289.284904695915 289.382789650346 289.347844849808 289.704189214609
288.937229058046 289.096748855204 289.150297073961 288.926427594996 289.215163296492 288.986943997177 289.272119199549 289.237070173931 289.091224101097 289.479456685852
289.659089348435 289.562723374712 289.434932984284 289.386222231634 289.48329527597 289.447034672406 289.704900297788 289.643918599625 289.421865656992 289.864665017936
290.368615063973 290.42630863539 290.274997721668 290.319194168578 290.503338183019 290.584984968145 290.539202812388 290.511530866918 290.516528110234 290.831982589014
291.306714972388 291.321789275608 291.290144615355 291.163065171586 291.492753839624 291.400550046256 291.328793467106 291.230205670035 291.299143011062 291.463712711578
291.890214420295 292.083849922584 291.886860126789 291.866014024568 292.104925434507 292.033540749941 291.86603360146 292.031034744071 292.033682876963 292.120923789058
292.378701294419 292.486439151513 292.46157626094 292.443683545387 292.608647182921 292.527640741517 292.357222825041 292.572295851586 292.55426118021 292.643393195129
292.790739864048 292.816802809421 292.721349454256 292.791265009223 293.022190260236 293.056051835457 292.689757923213 292.827097578765 292.879699096024 292.9857900131
292.752165097666 292.800764272027 292.718636307607 292.701583935714 292.868772063584 292.988239759363 292.698751686552 292.80585586851 292.838799310251 292.855331757802
292.146599600677 292.108490880034 292.063218326234 292.054260345852 292.284590791196 292.348211847702 292.043723529093 292.142658095069 292.112111619595 292.247893950212
291.188008333756 291.185237870901 290.963780678786 291.043096770558 291.271863776757 291.500707915804 290.9913786657 291.187196119018 291.189286084658 291.229595713688
290.090251051949 290.109124535152 289.853795628652 289.952725320496 290.114907790594 290.32278597758 290.001784930686 290.137854675431 290.129663395111 290.166116691002
289.224315876243 289.250273557347 289.145371417552 289.221143001198 289.281619435472 289.572604228858 289.051287871374 289.443622214495 289.314417774406 289.185549474645
289.18179964465 289.258608850744 288.974592374214 289.201824434306 289.027231329292 289.625611768605 288.892553857638 289.536632743519 289.074075548102 289.056805562185
289.578052075796 289.858409066405 289.602033048927 289.522701240827 289.28126656888 289.99962918984 289.494129951241 289.733028229528 289.522539230098 289.70086462911
290.546005794252 290.615533574141 290.431546709209 290.46746941187 290.588307036376 290.96064611878 290.192674477721 290.762506739421 290.375360644151 290.639818087055
291.43268250752 291.409990058163 291.354186831192 291.290810839334 291.436715237788 291.835626413034 291.172952218657 291.588923797011 291.130820400711 291.347734368972
292.114386688363 292.151148851679 291.897967143455 291.971080520503 292.035057854261 292.359439004587 291.68483895588 292.280946429945 291.888432056858 291.936960677507
292.609042852047 292.615373827982 292.460032398649 292.570453147492 292.603902857612 292.895590661854 292.453211639054 292.803124140342 292.389237211368 292.540171194117
292.906134035775 293.025799542206 292.807842447515 292.908461482473 292.92592498477 293.213383024071 292.806681766307 293.134035175368 292.800305253486 292.840254919513
292.773647849256 292.948395629347 292.728608760135 292.871408813378 292.847967927226 293.078668396438 292.802883594708 293.105205659168 292.682333277498 292.737155465564
292.093293118667 292.252490203217 292.052856468493 292.275197589877 292.183717853858 292.390100918994 292.221651679302 292.421821764905 292.024984680376 292.063491667545
291.117189286414 291.404882539886 291.082511097327 291.272348430567 291.150290805693 291.339065655864 291.14068461863 291.507014372168 291.153078529002 290.994640631813
290.168087080662 290.482822228542 290.021710905528 289.905104706299 289.955567508175 290.148272195832 290.212260525984 290.290065764614 290.109800631996 289.965653204198
289.366048923956 289.585646392581 289.350960335026 289.318427475376 289.084481417239 289.142718610262 289.510712982897 289.616376773776 289.359353655796 289.265564495953
289.09257045919 289.481292691125 289.045786991238 289.312487432649 289.196576547794 289.479812267283 289.223130976154 289.63198293146 289.165304406664 288.805203566639
289.5795779471 289.852069854382 289.478678603434 289.784384736879 289.625156655059 289.568445076966 289.632549792237 289.941438717263 289.514946834745 289.579581841098
290.383497459453 290.828943535391 290.56016114088 290.658882672811 290.597598994426 290.595982962174 290.664323075488 290.591619181234 290.581194308613 290.536018806472
291.286300384206 291.8206267467 291.461986888793 291.537291410623 291.270498211506 291.530430712865 291.613670238468 291.635233304516 291.155482532687 291.424158985229
291.95992274832 292.265525982127 292.13749491138 292.109718248004 291.903759187983 292.099786239851 292.314559022226 292.17497963272 291.944969529253 292.064778006621
292.510250491896 292.76793622529 292.622339823818 292.590806930546 292.384879773852 292.668890905212 292.783374111318 292.641417251855 292.4003032605 292.588524848026
292.785231342451 292.990931465602 293.0111428119 292.998568992967 292.754718006173 293.024016771243 293.160316633853 292.921224680048 292.841478615949 292.875181233688
292.789956254846 292.915388262931 292.847438809524 292.915218563884 292.748475644878 293.038655391429 293.100014125876 292.720080111836 292.702897553487 292.833840903866
292.041722352934 292.149007650113 292.134907985564 292.198131090771 292.082780962152 292.318641063868 292.501793626871 292.020705755688 292.016851816343 292.181775668742
290.995784618984 291.065775815775 291.042448300982 291.291338451248 291.104851144045 291.327656551927 291.550794675416 291.036130181231 291.048559573753 291.284440078355
290.068292908115 289.987437032041 290.058740781946 290.210363952113 289.972483803842 290.206902027822 290.544604606132 289.826762692928 289.838895290319 290.321346558363
289.124923940082 289.31669811213 289.344328647622 289.267103644706 289.22825891614 289.55695371792 289.855586056868 289.133860093315 289.17740980478 289.30822101123
288.957066262931 288.754662512431 289.107546117976 289.211711039334 289.216642738214 289.503638962643 289.559011203259 289.170327585866 288.935177021899 289.097042826233
289.657340158042 289.498080505475 289.702461244282 289.86864062193 289.516733544361 289.746982444778 290.026568600373 289.398025441109 289.197850857483 289.495551278482
290.235721471372 290.212519972064 290.283349295025 290.699806532901 290.468446443592 290.590947308689 291.01065395903 290.370018702634 290.419821666187 290.588758925328
291.199889509516 291.292439853148 291.264343779231 291.399907019508 291.313491560651 291.428895654666 291.684520214475 291.282507023345 291.147300548253 291.409160552939
291.772172083994 291.893134818395 291.801647645525 292.159346911228 292.095401210505 292.069672124255 292.201922590411 291.849606550018 291.895486834342 291.99391528587
292.413911376393 292.371584373318 292.343906301751 292.633953611288 292.588984594821 292.565843564094 292.77436683636 292.368910083204 292.386776047977 292.471779202282
292.786548885673 292.645419791032 292.703913032699 292.924335915378 292.843304362015 292.912840482742 293.056520510355 292.706258114256 292.830047993065 292.933779863398
292.793455737331 292.619904379278 292.668078591871 292.968628969274 292.782970785808 292.810552824189 292.994756254779 292.634474723736 292.699854927787 292.849710137042
292.097830253428 291.942845018806 292.078649663917 292.234397668108 292.174936676025 292.172838291965 292.256520777482 291.940450204756 292.019642448179 292.153525519672
291.360622105398 291.12554169323 291.075273863719 291.240229929487 291.113221770547 291.193835978762 291.323310876481 291.063286102912 291.067561575334 291.36318937124
290.192576838009 290.144698241621 290.068970433544 290.147548538398 290.241197321724 290.167863366931 290.271976886736 290.136161121141 290.131026362128 290.130760093002
289.561309745717 289.272022161986 289.596152325081 289.535617294821 289.519345192672 289.222776111087 289.278803805711 289.345979919228 289.356677927991 289.25878682015
289.545786537253 289.175954763856 289.116605370289 289.368971440868 289.273323456668 289.035869761572 289.216056643672 289.106110424053 289.315343724513 289.270396441004
289.783231114987 289.713977775415 289.904389150444 289.73277992353 289.895702253015 289.419630015881 289.574773743597 289.807766525167 289.736203710723 289.844140199561
290.841298557449 290.476864089244 290.614978554058 290.650031965807 290.654389772308 290.271301391285 290.537460845236 290.53467996544 290.56742638986 290.589436976281
291.726631510166 291.350673257573 291.520479660814 291.560588991481 291.514555425489 291.302195635696 291.406272364607 291.42807417725 291.466113579938 291.497680661463
292.328889054494 291.907438079775 292.107892194086 292.23673767125 292.216536158539 291.885552176727 291.966933339045 292.060014990023 292.095946792859 292.081979505991
292.785648097448 292.47493638801 292.638163800505 292.769901964623 292.77114823865 292.4185598987 292.411873426236 292.613334121824 292.666460765247 292.584844687082
293.024107366601 292.851292499019 293.038760185173 293.103686632106 293.131104781163 292.757272091561 292.809298994615 292.919541458653 292.96721240606 292.862613591754
292.964181944913 292.825761153466 292.975358684236 293.05966040599 292.986947511736 292.700469664511 292.702178891803 292.858801897432 292.949385555126 292.818856043356
292.299664590243 292.134541157556 292.295962286414 292.324951775649 292.332651380696 291.95561879911 292.090903702252 292.232920960937 292.256508120542 292.063680116155
291.253284978183 291.170806570406 291.371095447786 291.339445044116 291.47455093171 291.048343423529 291.204511279669 291.305129914916 291.177327012319 291.12978234892
290.185876547668 290.064074603825 290.291082804136 290.344655385452 290.312905977194 289.886841848049 290.143121553759 290.175689518886 290.203755743451 289.934330234258
289.490843591778 289.346433344929 289.745213090166 289.408814347232 289.521929499471 289.269390975981 289.455746639583 289.468527446958 289.210963771917 289.270463208181
289.298236319847 289.313440781862 289.566559736546 289.435372815323 289.35261365368 288.90549089053 289.21261725179 289.241140520148 289.174112609739 289.283986923942
289.702058826933 289.775446646485 289.938682775234 289.785894950287 289.742612900762 289.624484468674 289.808758213512 289.826137703089 289.584467166758 289.510925190312
290.712077136795 290.599258725771 290.898934594191 290.779150562539 290.858368226992 290.510731984269 290.523599165639 290.524835364631 290.692911789854 290.248934839285
291.553210693956 291.404542649769 291.745580102735 291.551486934202 291.558525149917 291.433175295395 291.444515035495 291.466675483736 291.530662443206 291.26661673158
292.117886741357 292.049176637196 292.286334134334 292.182054212969 292.106797676219 291.986490101379 292.028455086152 292.081241730433 292.075982017173 291.941011907925
292.593484889624 292.507612034529 292.719082905219 292.680935670647 292.512208488525 292.598848369624 292.603735336085 292.596751659317 292.702197225692 292.432589719003
292.953457923644 292.909918722842 293.022519742439 293.10419559755 292.94044381473 292.931200788284 292.994046933754 292.999688586839 293.022671291539 292.863217873677
292.886215219291 292.891536188615 292.858223937392 293.032335139915 292.925253504393 292.871300200075 292.870735917607 292.924347133116 292.894503064262 292.818650561962
292.134137129128 292.219886491257 292.15457436718 292.344178013539 292.149127520945 292.098193239217 292.21878551433 292.317371630617 292.199640098517 292.112249006287
291.165443480183 291.201758802852 291.159080935993 291.413127184103 291.165083798268 291.244728664887 291.322531412881 291.307981389872 291.268816116979 291.211555168647
290.053869918404 290.164470493351 290.046151166648 290.361796005777 290.14092883484 290.194488633794 290.223442185409 290.196457457288 290.08707078825 290.035858726374
289.337604617912 289.411912392138 289.353430099504 289.425365181579 289.180323779115 289.402438892183 289.64189199774 289.572015652239 289.269609094298 289.322927001606
289.104450752665 289.173358317142 289.206742372328 289.163092007838 289.04948693111 289.237602403506 289.246183631585 289.450057544401 289.081896460781 289.325554540356
289.638478018687 289.754387585721 289.609072289719 289.789176477573 289.686954162905 289.716161839212 289.633023246492 290.046240837747 289.585635712947 289.807227429453
290.440410220937 290.812744036119 290.435744123261 290.676059540651 290.514159985484 290.583747286534 290.660369027958 290.901220623428 290.544129905954 290.602292166495
291.392609155451 291.48086719608 291.287152782557 291.591279262575 291.425705401934 291.466489277723 291.617784379834 291.673144394795 291.442797478085 291.483742186731
292.029611263649 292.154749236732 291.908579537836 292.271383433615 291.99832872146 292.071895455445 292.15965593188 292.254239759998 292.149484571012 292.151079050985
292.681546358833 292.778859491983 292.498542058861 292.749709007145 292.540200919517 292.657828514436 292.726834937147 292.867065475461 292.685236701756 292.75979959362
292.989101739978 293.084392802788 292.869696358488 293.107251093243 292.905783763933 293.112930978347 293.050733263369 293.248364959298 292.949186411224 293.111649899751
292.930107489994 293.083769436099 292.760057965402 293.08509141736 292.936551616447 293.000872190714 293.032590955519 293.164987109325 292.879342174859 293.019770623504
292.255264796077 292.436954726372 292.081601922016 292.421290720021 292.286950064867 292.362141833841 292.328109188465 292.39871458767 292.317337997205 292.431907912251
291.394585934908 291.562175103875 291.165697600445 291.397015464961 291.222200176047 291.434941800344 291.433763328675 291.45872303264 291.274091786455 291.533143198521
290.398029138541 290.521953869367 290.194959743947 290.394058971508 290.122558844131 290.455429428114 290.200472936023 290.442539751955 290.273743845204 290.547338535065
289.65613198942 289.516283564376 289.311563984556 289.641872359491 289.476084183962 289.716357511228 289.527236068341 289.468112989514 289.625497379309 289.624573506335
289.433059953003 289.566970713473 289.195861197773 289.417013159038 289.419681525882 289.518937669814 289.306412328581 289.454703708733 289.507085866023 289.8819327519
290.126653336156 290.118610570653 289.906723529065 289.857330752486 289.755869571967 290.032379528325 289.904792663079 289.751329075573 289.953804856596 290.127808133212
290.825205391571 290.958196623408 290.655575815142 290.731650986422 290.542292303205 290.712515896105 290.754613127231 290.663853041798 290.794026278811 291.001547865246
291.69494067894 291.634034195334 291.310616780652 291.521867242559 291.422805802709 291.760357264703 291.565102154632 291.662895094241 291.500810100483 291.811863608968
292.365254589552 292.438253225168 292.15462393183 292.103172594278 292.167369438437 292.365544780212 292.263332325091 292.321269751198 292.26672680939 292.342904412782
292.80624466796 292.981126062298 292.732910968641 292.622009376029 292.677957823117 292.887145972585 292.924897618655 292.854139983546 292.832844058644 292.838044913552
293.163248275784 293.265087547656 293.109419287937 292.972889288347 293.111756245662 293.192836535461 293.180638260989 293.214637112641 293.195137728335 293.227756748247
293.073094117249 293.180021464263 293.04291356286 293.02079056066 293.092925771333 293.106069905812 293.1396336539 293.038706816212 293.095374040336 293.097501133868
292.397064345663 292.495585280907 292.452257520411 292.367175477242 292.474970406632 292.545880448753 292.369710926636 292.397363441223 292.471800334279 292.366672143261
291.487223755258 291.60109454413 291.469354864071 291.480674427155 291.518001299836 291.412089865929 291.535121501421 291.44734660316 291.525855136022 291.635075880421
290.352752895499 290.474427333472 290.636505925942 290.447773244823 290.3973229968 290.331894889886 290.429312884454 290.351501338759 290.530449300209 290.593472839986
289.649479226789 289.785616689971 289.899818701215 289.734416306933 289.577515794339 289.61914675982 289.828750723939 289.790448268438 289.640476541245 289.898200973828
289.357316784872 289.80899992758 289.601765675846 289.65187880277 289.615302733294 289.439402576884 289.554363215887 289.877315673327 289.826827406301 289.811889976853
290.110189250646 290.245639040184 290.181349038991 289.961544451853 290.184392680763 289.914979073151 290.074836034689 290.238971559313 290.110906673555 290.050513720694
290.895371676976 291.156953165138 290.97771208495 290.790764646982 290.954822546231 290.869857258858 290.870821721856 291.072292066617 290.759170290118 290.916153829161
291.71124369608 291.994334408394 291.915306604898 291.673649890472 291.849458754118 291.780384863479 291.729393763176 292.002644836822 291.782679050586 291.891365212517
292.298568544264 292.508237343044 292.426537080278 292.334078380775 292.562706163315 292.395425980308 292.245018725327 292.612737882596 292.438341809515 292.511309828681
292.864915033543 292.98280223573 292.877277020537 292.907023394838 292.977081716706 292.927785676264 292.785746603273 292.9701912245 292.887616454765 293.011557780492
293.201433723418 293.386215417331 293.207222909205 293.116108949323 293.255616119922 293.309374863921 293.214530500198 293.305742226806 293.31973992878 293.301559227533
293.185976415279 293.352282155646 293.156037433426 293.172499527332 293.209267122098 293.259637175571 293.103644390683 293.242554653923 293.255609847603 293.153940595978
292.513771754766 292.730654179766 292.462130253642 292.48453063636 292.405106789599 292.629931126639 292.307904314527 292.474073111131 292.419407479327 292.490749849324
291.450829634782 291.659829184887 291.568994311653 291.490076673851 291.407462334704 291.640000553648 291.284182678102 291.508179179215 291.511532002753 291.434126157694
290.501873736569 290.537203756944 290.596389611186 290.205417140923 290.116938156787 290.731597142815 290.221333284762 290.539080527327 290.340731312509 290.432473647289
289.530815183347 289.831447885119 289.887249039007 289.614399417243 289.538755012572 289.892273766423 289.499810094498 289.626790382118 289.561210660925 289.587277003537
289.530948394065 289.681857922053 289.695019810442 289.424804066421 289.27647111892 289.9290339249 289.314322766171 289.474772680134 289.650667807374 289.538155790988
290.074646114428 290.082766655348 290.182138665192 290.041611919657 289.798152914574 290.195641109197 289.846784947627 289.882567078597 290.167789509179 290.137543459804
290.877579659112 290.986174801762 290.856662532507 290.846821299747 290.543447785374 290.951680090504 290.612916015899 290.887274490108 290.723858111433 290.732042378601
291.613667927318 291.908949886659 291.736840201475 291.680977101748 291.477577563369 291.911807551049 291.654385619977 291.655853752607 291.750197103148 291.680360331481
292.309231041316 292.467150178722 292.430618352344 292.195446171048 292.106886356928 292.457291432941 292.142773100103 292.348028371781 292.255883058921 292.311362974887
292.878571897574 292.93317357436 292.966864683984 292.725479768473 292.643760328045 292.927675953098 292.804351947263 292.738986222864 292.847943035357 292.67136259321
293.118598311547 293.295182938204 293.370879707239 293.163624794216 293.050188388257 293.285417334874 293.164033004399 293.07967715006 293.080111597334 293.033689964576
293.1169932032 293.120873854121 293.18237951335 293.138695193351 293.078707165777 293.227987077388 293.230077348824 292.946206628303 293.049634404112 292.934140222433
292.374459997576 292.546355583292 292.434206262238 292.404140097982 292.34101934761 292.597286691576 292.527192015065 292.367219621843 292.414048869857 292.176061219562
291.35209835176 291.578021709634 291.41892402341 291.435093276703 291.518446483143 291.574109335262 291.644415312978 291.457911836318 291.412218555989 291.260786694701
290.214174108896 290.535104877433 290.389578105933 290.146374205745 290.356066063681 290.415600903477 290.629697916887 290.289747167069 290.104918596965 290.053220188413
289.561144275559 289.706560315975 289.457422007131 289.522923974931 289.792151117994 289.745253837954 290.071888224532 289.579394544874 289.53420031373 289.300085075297
289.317010791732 289.742554014632 289.617157231761 289.558275885073 289.538133438263 289.634699419918 289.941102672454 289.566380169736 289.210217822403 289.131552357467
289.866504730876 290.010076013125 290.061705892219 290.018073626069 289.89710303388 290.136825503467 290.428030693729 289.991687544912 289.66909178326 289.525796990107
290.778520116555 291.087856608764 290.878595578898 290.855400771923 290.910177563502 291.045878141912 291.139873740871 290.516951080846 290.858007933531 290.689919611335
291.5540766829 291.940233866328 291.701036013331 291.583731956492 291.809014398671 291.863304910385 291.916024743791 291.431732824254 291.563953319934 291.490505535097
292.173501946876 292.519160903065 292.326259566608 292.40457900513 292.355280454567 292.503717788318 292.63358640952 292.237495950787 292.21572309755 292.156016746641
292.712751158837 292.970210572237 292.874940560087 292.895153156989 292.813762479834 292.967888951923 293.039132158308 292.721785584608 292.677083403741 292.753846425786
293.112827348509 293.291230554715 293.252298818956 293.266526740212 293.182189015408 293.286377322641 293.344362383993 293.085488000635 293.0692972402 293.089870366387
293.01092262054 293.218375775291 293.257867161424 293.219555948724 293.059185140667 293.190825691198 293.16933025075 293.105149487554 292.957827975255 292.992608499897
292.427849429795 292.565046105008 292.559254273098 292.597580717778 292.511564449349 292.505038437436 292.421148337932 292.441881622521 292.428641553875 292.232485658146
291.392369340785 291.565802983383 291.560948170924 291.737283780566 291.488979170136 291.481063266816 291.552554647057 291.468181327749 291.387442253868 291.285512906075
290.305566798233 290.420125975956 290.384109342599 290.596862161972 290.447799274642 290.33151975296 290.498526857133 290.410851582183 290.409876415734 290.213022296725
289.565657973756 289.849922923392 289.461481659964 289.797268102103 289.731128159848 289.704191969886 289.65851206221 289.58691145234 289.633401116154 289.513502096269
289.380688470667 289.597669320561 289.52122935952 289.720053023087 289.705137580405 289.531387577286 289.691057365895 289.685752948127 289.502034688519 289.454466979345
289.9551612447 289.915327958045 289.93123025417 290.20948904162 290.099424228952 290.040062389221 289.90502505683 289.944229168724 290.014043811097 289.850245823883
290.801547279459 290.900521759277 290.912255097616 291.04131734271 290.991451340911 290.929173293867 290.905687105142 290.670070436807 290.897234776679 290.697917510962
291.604925447447 291.730070280056 291.539594696482 291.888781264888 291.873211321975 291.82829450545 291.661679670394 291.71468898425 291.742751728096 291.474110640291
292.233813466289 292.374559618059 292.335099247028 292.553069475612 292.496782182433 292.506994419579 292.305203233805 292.392939270751 292.335396589103 292.122043979068
292.677328623208 292.941079367993 292.888690031229 293.09542148687 292.944363352337 292.957695696857 292.794265470484 292.886330437295 292.911657883233 292.700466911822
293.080491211494 293.425772787081 293.213794423044 293.33495280521 293.264749443958 293.483242303926 293.201997472957 293.335737999652 293.36815943338 292.967341852326
293.159444673266 293.394571888802 293.089140851534 293.319938436064 293.269569504565 293.41036172284 293.21571494258 293.412928448881 293.231027617686 293.004170782385
292.461175099484 292.722343718641 292.401637978204 292.659143627788 292.46851540774 292.72983485838 292.508441449188 292.806113802169 292.546474244585 292.446282648982
291.503328676896 291.847648691574 291.375777337745 291.635360921669 291.570727531538 291.747668253552 291.509513816064 291.863189951119 291.647792569113 291.526692238139
290.387574791729 290.783151266422 290.428785008387 290.444608837521 290.526894621327 290.612183062843 290.514253060887 290.829017119547 290.540885384476 290.315385168265
289.654141157157 289.926850671924 289.568739607225 289.537251323754 289.762171117655 289.958423290509 289.703977421214 289.935801382958 289.774930347548 289.607583321105
289.730763594018 289.879646374919 289.281486013628 289.554157867727 289.512793436986 289.661287758501 289.72816590303 290.009007546763 289.893824413116 289.563889155131
290.209343292472 290.252209453279 289.982782402943 289.92609849762 290.013082068281 289.991689158132 290.149526648015 290.351886288175 290.056718945005 290.014360355985
291.030815559478 291.193515647221 290.953483313573 290.756388109652 290.938407172935 290.925762383756 290.918030481177 291.153090745651 291.141301047763 290.953077373438
291.916552803732 292.012279617263 291.806788981386 291.747581695688 291.83592480291 291.925932974654 291.8769265405 292.067685674389 291.924117597921 291.819507009507
292.488604705342 292.514684749626 292.365731829635 292.279998901308 292.529310924989 292.447895662798 292.495415716173 292.66081283661 292.597806437006 292.441617696905
292.951261583613 293.130276297704 292.862460028962 292.824717326296 293.013275107286 292.935318118155 293.015929289484 293.222638670733 292.972418045707 292.87761235061
293.293513853858 293.311026842116 293.402620805999 293.24320930668 293.365890202262 293.338389410969 293.316298431836 293.451898934783 293.376840050284 293.306372764223
293.218829673491 293.264164252789 293.358879762858 293.211731410678 293.346499765271 293.290734476536 293.314705275424 293.331938726226 293.382819966383 293.211827579739
292.537423440756 292.488759170503 292.64332032633 292.561231376872 292.612347408802 292.578277870473 292.671438866635 292.562923325209 292.78528499853 292.469836126397
291.499076865125 291.574602231071 291.792494272408 291.660082473421 291.516559795888 291.665563199356 291.686378333185 291.630627850127 291.626383860045 291.557625904654
290.650245414202 290.526168186314 290.669900732026 290.526554002375 290.507934220208 290.511157776563 290.43966906163 290.307229883177 290.601906060308 290.470366387966
289.701865461987 289.8195537372 289.926703083769 289.935697259198 289.698468414849 289.491712830737 289.733704573657 289.743515176133 289.890069297735 289.764896170738
289.717330849395 289.47315286097 289.89402865741 289.702318830882 289.39587429188 289.61315845159 289.800072482383 289.537776158579 289.847588464818 289.568675326802
290.108025165015 289.965050830297 290.289905969089 289.994530593493 290.020583514656 289.96883817975 290.094877738833 290.267262037962 290.345826401473 290.191433257585
290.973324526364 290.951228334525 291.183733134753 291.05624401017 290.80573185002 290.914620932619 290.95752934269 290.856358707648 291.050972121077 290.990446131712
291.901032422826 291.695492924789 292.028135542711 291.827469185395 291.808876992394 291.893102935749 291.86218920306 291.716700852937 291.941144598873 291.869117490984
292.554649181431 292.332127759654 292.605380586743 292.413376670526 292.269443513628 292.583356406927 292.464484015661 292.38909791944 292.452367577939 292.524297492409
293.041957011086 292.875948647836 293.085730546113 292.958164374162 292.788644543633 293.003940686787 292.955166019837 292.96842380705 292.982227613938 292.933359587946
293.285307453792 293.324731894252 293.386279352205 293.415537188523 293.204445747924 293.433613628102 293.314051305113 293.348814822129 293.367358655607 293.23316996403
293.240571692136 293.271932933059 293.334981048672 293.46440939651 293.262571826221 293.389326151102 293.215299770676 293.361428770197 293.454233572477 293.273648172456
292.477007528458 292.568787342043 292.594537285062 292.83833988827 292.61810355768 292.748653560744 292.558633026995 292.753300484267 292.753962154248 292.496749034012
291.583085012477 291.626165792912 291.602282989522 291.779958639486 291.698457139215 291.826178949377 291.580056975126 291.693375443906 291.671673578583 291.564229893387
290.336272178264 290.458633600351 290.399631162164 290.682210920265 290.455304985436 290.725029589707 290.446567596255 290.745150288988 290.427964490493 290.486169573639
289.463599624415 289.687825564185 289.729542063413 289.93934998256 289.922973899035 290.058727321027 289.693601645978 289.850286545797 289.78944895464 289.63631877733
289.513259870421 289.645563160987 289.553261917749 289.984118176147 289.803343243037 290.057128366433 289.651840754203 289.826935770912 289.503605751034 289.653628078516
289.904419355322 289.954451773606 290.072731510455 290.310531061179 290.02833299441 290.265058310254 290.191073088723 290.17307211098 290.268781106813 290.166113549725
290.67992000888 291.011327652314 291.044638803571 291.304127795543 291.034637224265 291.290885390223 290.926921769277 291.07277505824 290.956574394648 291.127748770789
291.754068482061 291.913280537635 291.766168496396 292.054805683959 291.766204924524 292.036726731601 291.78516907791 291.90938763758 291.708316145737 291.963324766447
292.456013419661 292.528572538305 292.490052937834 292.662399256357 292.405817982105 292.593713559445 292.474001942019 292.476773515851 292.451317951462 292.605586147819
292.943266078117 293.062565653111 293.018947944355 293.206195606413 292.983775407444 293.18484722863 292.898312667886 293.028340842419 293.013628896051 293.072994935519
293.357939030939 293.367218297117 293.353600135598 293.562926743334 293.327021737883 293.478459895343 293.309300326646 293.412089476137 293.333050791234 293.418475077497
293.327960424204 293.356021425954 293.264203663943 293.46009401245 293.223193144507 293.434084038626 293.262595263016 293.321582586245 293.389040277309 293.361642758655
292.553813305328 292.558982143703 292.647250902841 292.73463569639 292.500406182163 292.696103850941 292.5993135557 292.59756096834 292.662789818352 292.612465682763
291.668458233407 291.545515700241 291.589782708602 291.657413045471 291.502075642038 291.644174500032 291.461163351822 291.496660850646 291.852430927644 291.612738487672
290.633946534557 290.480774854981 290.515732400901 290.59771908986 290.546106022382 290.562383982707 290.353351760733 290.367866751288 290.580855203244 290.499351243885
289.870263711855 289.507536087625 289.967619088586 289.965784349039 289.846744620092 289.755577729981 289.534500563299 289.730264795532 290.007674419658 289.948292758804
289.706169332419 289.548520364827 289.702159900723 289.760608969303 289.583162412953 289.74110478712 289.673732653101 289.642010135433 289.942449642327 289.942609127791
290.115880221264 290.126760821382 290.146154351887 290.268785417402 290.194419294629 290.084763700345 289.908036641736 289.95604315072 290.413540864138 290.251645394056
291.101343389883 290.982586481976 291.029611332883 290.988753937509 290.925475060583 291.030563528202 290.932898907524 290.910291120602 291.109976797281 291.046443356819
291.902133679814 291.752995768295 291.932611852593 291.991514883004 291.798751922706 291.860542027849 291.840718479378 291.77161318742 291.954425623476 291.862033409539
292.661147934467 292.443233769873 292.528850112938 292.546516801143 292.42584162694 292.410423795359 292.465633053346 292.325446965151 292.691840369748 292.627767457795
293.233408293723 293.056502997603 293.045057467758 293.043802728578 292.933691860712 292.956294704472 293.059282455757 292.831369742625 293.123726905965 293.019836212967
293.584423914295 293.329806993345 293.404384612549 293.403919158145 293.294325652868 293.328872054346 293.436554267424 293.228152287922 293.434271139172 293.465869517343
293.452662897696 293.328412668573 293.385732257679 293.37807134262 293.198821767493 293.312036850857 293.41850714124 293.176679359545 293.426976941905 293.458324262795
292.881045499115 292.683034742205 292.762313665182 292.609353303546 292.571935932431 292.543448948816 292.760304204073 292.58632216163 292.83300199878 292.723653625667
291.794814336636 291.793943613469 291.781938556675 291.663210627005 291.693599957167 291.665927343034 291.810404242486 291.696231230642 291.812768467983 291.859546716182
290.799757107994 290.693946617038 290.707120568701 290.57285566865 290.617585883081 290.533639309949 290.743986201106 290.610161214528 290.783378936583 290.734832872997
290.052337508136 289.967339049813 290.015006372174 289.817972419669 289.861870273582 289.653581777153 289.917536145606 289.979001860096 289.968906816914 289.811883862724
289.82657089545 289.86636096513 289.91936289106 289.758114877814 289.918327706172 289.623382405792 289.971578015884 289.940573582088 289.917115222119 289.938456482905
290.311721948504 290.309574443458 290.412945019001 290.186468241784 290.220655281588 290.293037484052 290.517501600643 290.254762160338 290.402016413895 290.153303521222
291.241229371198 291.154618109571 291.282063192583 290.929456030102 291.054793450241 291.045129666738 291.205272103075 291.114597366511 291.082977196047 290.935438259625
292.056702787742 292.082060300273 292.017849924347 291.689296590238 291.900636518454 291.86447712494 292.211290145896 291.964304091224 292.081319436342 291.954862114812
292.663821471339 292.575360410755 292.661387193184 292.264281694983 292.557215443228 292.423242416956 292.718032670113 292.581016434006 292.571385120752 292.434112657206
293.136667111952 293.080101523071 293.097960037137 292.692149985917 292.8678247082 292.942754745671 293.210327208392 293.084110487657 293.117084813207 292.908019132769
293.509482378951 293.377300160507 293.411068773288 293.089896274431 293.132845124573 293.264254570268 293.517092224545 293.451786994004 293.492830004442 293.207677156525
293.296872649376 293.224529219227 293.274819340804 293.058764216779 293.217308738348 293.161799893107 293.473173620276 293.338276411289 293.425589315439 293.11608727623
292.628357058823 292.483647990904 292.57145724554 292.418256840516 292.414778759368 292.473205625706 292.801223509769 292.72731134001 292.863794919468 292.446659968996
291.64347613096 291.425750078727 291.472476252715 291.425869263434 291.522402637418 291.470320962471 291.805502455108 291.662917430571 291.815771908614 291.384806828389
290.51838557341 290.26682807441 290.325524146801 290.210459907611 290.426665589005 290.52271295158 290.612625332391 290.587342866796 290.765483057217 290.166267615575
289.624256546753 289.659543835431 289.486188004486 289.508344888228 289.884428374975 289.720467672574 289.995004580581 289.719016632797 290.092193447453 289.491635191194
289.658327032587 289.513284990027 289.449378267567 289.488438969272 289.627260779318 289.44159396201 289.866392932876 289.762919079419 290.1218667801 289.340997986468
290.059720404518 289.937060463077 289.918206321242 290.225400284154 289.816207596031 289.884605173598 290.202978821984 290.237097425411 290.414690475176 290.03102899995
290.745902576881 290.92744205874 290.888634276469 290.816555136389 290.953554569946 291.030762392166 291.105360064837 291.015075617852 291.142887151181 290.688827589942
291.666710857726 291.643382718677 291.575891818132 291.692744334128 291.664156422983 291.865462664116 291.850193678454 291.918264894591 292.092891258742 291.716998168326
292.28444799829 292.288701592759 292.228909568444 292.351473615566 292.406113442768 292.461262678333 292.470493240229 292.401386069202 292.674968753568 292.260970813531
292.811317418817 292.721174434883 292.705373652581 292.842074622907 292.937445573053 292.921252804268 292.933338217001 292.914809582505 293.189556663659 292.83999307298
293.134689140422 293.097951628039 293.163297992823 293.26422450298 293.285999471202 293.391410417957 293.263342984109 293.084913917716 293.491116888808 293.225443221485
293.116537160586 293.074590399053 293.141158174551 293.273122472618 293.255450464696 293.407149664275 293.197324532883 293.018044011776 293.40582399151 293.216122047146
292.426978633411 292.399690436719 292.404906320396 292.697381236143 292.637603847957 292.817996604139 292.441476988078 292.377498758664 292.739676087725 292.56103697125
291.488203197165 291.520296273482 291.484516251321 291.7193801945 291.698518940949 291.735043513869 291.368024317793 291.513324249132 291.774094490803 291.56849931033
290.341815125709 290.501801770845 290.197935424864 290.575646996992 290.492943744632 290.725432274397 290.320502235504 290.293130645123 290.621982634363 290.360346085662
289.632145245219 289.755281825286 289.684894366497 289.97477983847 289.62664957328 289.888869180718 289.427213566402 289.589854473953 289.979277519754 289.748792946773
289.58382941782 289.415299669813 289.632843370913 289.730231908 289.627353280767 289.922669488894 289.342526789992 289.572273763773 289.756244818894 289.658901667536
290.049661353845 290.049056491883 290.032720194644 290.370410319196 290.333890455583 290.373489648853 289.591703742605 290.150054120978 290.315495220999 290.122078948994
290.861916152972 290.936383041478 290.790421080279 291.243062892958 291.026564758385 291.329099823106 290.683691398799 290.895985220043 291.018408853594 290.91659033109
291.845251236275 291.790805981749 291.838768683409 292.065477744255 291.894942723927 292.097795737898 291.728741800589 291.698874948089 291.974786721535 291.87830521324
292.433039249355 292.384998153137 292.524065578942 292.648868089166 292.480080818482 292.637488471777 292.309838671631 292.426684335688 292.593842211922 292.456674816702
293.076292604966 292.806896809463 293.117074813201 293.126314568484 292.965101031402 293.200360776564 292.878905249339 292.989576776648 293.024190931545 292.91922404643
293.467225985269 293.260677984767 293.43052955697 293.503165094599 293.305260725248 293.524862580223 293.233968805254 293.343776591974 293.528472038555 293.22929071469
293.38837178911 293.266453694856 293.460333160985 293.431177582025 293.305127022879 293.398327577977 293.193486474799 293.308294457572 293.501894078853 293.126118088327
292.757461082267 292.598819980322 292.739509560834 292.863343075557 292.489471882622 292.756165006538 292.590556627098 292.713973466552 292.837309594131 292.499457225166
291.711324956953 291.536026390377 291.744718874237 291.848559553309 291.462412955639 291.798325779568 291.570447532179 291.742928423242 291.781905305658 291.47608199059
290.623752542938 290.527803780765 290.657528365781 290.650676872164 290.421934087314 290.687712965437 290.319443708601 290.582962984672 290.662761592565 290.267420169447
289.726741239274 289.561254145134 289.996241333499 289.80529155912 289.698304867341 289.836426334585 289.684321541554 289.723888143309 289.794011621787 289.574418933055
289.619405437857 289.631207903408 289.841006755081 290.015411480969 289.714436193036 289.874337725565 289.344900708622 289.714423340558 289.671537266162 289.377148099096
290.156213408164 290.132514277417 290.191152613117 290.393253264208 290.14332628875 290.296095308675 289.925724004713 290.329622189644 290.362286051913 289.843391204602
291.001865143857 290.854471847652 290.913325643455 291.311475953847 291.067672450956 291.125811422392 290.750338746156 291.063644626414 291.011725377666 290.994867893828
291.864419678085 291.652050842992 291.787525328608 292.074810028171 291.852958966071 292.018603504233 291.618065068255 291.956420525395 291.832867442763 291.745495698119
292.539897964538 292.37676341111 292.468927181046 292.569723913575 292.49292976491 292.582653501443 292.399183476745 292.697616605894 292.461220591198 292.237842857801
293.074598393175 292.849049401692 293.017159085244 293.108772340149 293.010558914403 293.011952218411 292.936269446562 293.062697985919 292.992628762236 292.734375171748
293.431606683807 293.252554777524 293.432692071863 293.445411798545 293.463250405499 293.384173841429 293.345728575348 293.401819419445 293.303795379505 293.139483181237
293.32653705765 293.318033269955 293.414623262645 293.404493009213 293.392334284559 293.318227748642 293.294436085785 293.360940030497 293.262835591544 293.065727915463
292.659793073141 292.528045923514 292.68224240381 292.656149170053 292.740988856786 292.63308705428 292.547136215815 292.750174963994 292.562063588882 292.41952815018
291.653740819801 291.611334480009 291.820319449843 291.785496978014 291.729334933411 291.599933087119 291.558129813029 291.669656143225 291.464575305656 291.388000950684
290.498701708093 290.542165663814 290.567270749988 290.795328834981 290.668509093941 290.307635180944 290.346887747712 290.49845185462 290.439185000384 290.377032873121
289.866829373395 289.819047090848 289.903362855217 290.029908842384 289.999836976339 289.595329370189 289.84195698973 289.849049496679 289.617711949059 289.446060381934
289.391490787136 289.563122162517 289.688784641426 289.995012558983 289.952586029001 289.590856232478 289.580776351258 289.80317906142 289.399944993254 289.379197362823
289.97931777565 290.039684299099 290.244296897645 290.242986550778 290.183119114264 289.944000319198 290.031185290887 290.301889075238 289.823304625667 289.810199650213
290.762528134904 290.951733792246 290.977757379342 291.239425656 291.183952296717 290.927924877697 290.952638804433 291.096064892986 290.784470151807 290.687731935537
291.796880702306 291.782276504995 291.877234923331 291.869100922497 292.031143566519 291.670217042477 291.928432806964 291.988565320153 291.529477028147 291.547402550334
292.35875588279 292.447812990463 292.463311142031 292.542345745499 292.698013086547 292.389770875678 292.546561567445 292.603776134587 292.254157153266 292.156163322446
292.895150531171 293.034336875343 293.033034454635 293.086820465288 293.125592308064 292.859662142591 293.022290141312 293.00785916542 292.757952403622 292.719680720163
293.290324582148 293.393149260732 293.398894607356 293.428284703433 293.39692968845 293.327862571249 293.438428664648 293.325105121829 293.120753647635 293.130455682764
293.279915827385 293.338780035066 293.312084237292 293.497304147959 293.284985301003 293.21919516674 293.38657038042 293.29539334501 293.163027282941 293.226482482342
292.520928585745 292.757475252237 292.588644134178 292.829978884733 292.624345690079 292.649905971007 292.685247852361 292.762639587947 292.635233807757 292.628658351133
291.604529890037 291.768541572829 291.666757022554 291.788498447669 291.600848984711 291.657380681483 291.793302935874 291.736226942026 291.580254288889 291.656099002313
290.500211192937 290.583674156365 290.448279989276 290.788990517151 290.527925627734 290.556383890091 290.573136823428 290.703820514915 290.546980202619 290.417418839908
289.857886620622 289.785749006337 289.83901650556 289.933154645309 289.790557189211 289.919857851444 289.911662423936 290.085835962705 289.912405802203 289.752281940099
289.654550643249 289.709102559859 289.38453039937 289.863668617629 289.846305896831 289.791981488308 289.450931345893 290.161627132109 289.775633838721 289.63053569726
290.117905222541 290.228234670641 290.05774665772 290.361617271724 290.212714222732 290.234916514209 289.980450186747 290.361896724627 290.353150638843 290.100189874009
290.841804494971 291.118454810037 290.921096631184 291.202254492496 290.972949356428 291.102594709614 290.938137790657 291.063124534897 291.185471663093 291.002314083561
291.814079166992 291.935092048026 291.792222091241 292.068344544509 291.71568651135 292.010376332665 291.910863941007 292.126617223535 291.963124408074 291.841714036713
292.551888200872 292.524791490695 292.476827824549 292.74570896951 292.564068439276 292.601802284608 292.692755525736 292.735349899564 292.635558620064 292.538782064993
293.068410526769 292.986015885637 293.03217399842 293.276313847166 293.077168610907 293.033020476382 293.159483167068 293.1893273779 293.174081820009 293.073508564843
293.417008142038 293.408240076128 293.378089703705 293.609380908688 293.414378007958 293.480611458508 293.628122971876 293.48322654344 293.577722823801 293.436412685842
293.369473488452 293.442345197862 293.311067579406 293.634751782073 293.365702201216 293.452748408558 293.592570536586 293.492355201414 293.625049243158 293.430094278013
292.655578892309 292.781480347807 292.619975426063 292.912518850188 292.745751206933 292.726464282401 293.04720793684 292.871886873049 292.957953685784 292.79959306893
291.688607362101 291.854730857658 291.725170800915 291.849167851078 291.674132024016 291.870720960954 292.044355185297 291.962907255527 291.994072021984 291.834867526098
290.639670517184 290.557861941532 290.494552279778 290.837756788561 290.666528504476 290.819419141128 290.960668215518 290.940063465075 290.924335010606 290.732143326098
289.79510952295 289.841931667855 289.578634445614 289.981765958859 289.941013469371 290.14954845351 290.321472562434 290.092784853249 290.103380855989 289.898815812492
289.676117537457 289.805281216044 289.559312911986 290.017029578566 289.96731690819 290.09345880361 290.218882925258 289.960390935935 290.052882924794 289.894804054026
290.036831005916 290.18392379943 290.115829518516 290.356438728505 290.376640224858 290.274536238346 290.567088595375 290.362119030448 290.611149618633 290.185390623342
291.175943587648 291.2353853532 290.933610131788 291.309942976717 291.155972480685 291.488157360992 291.424680175925 291.195727171424 291.312330616935 291.097595865681
291.813328705891 291.98544396319 291.845363837564 292.047416387857 292.167694935852 292.163425262036 292.38921059981 292.08227051124 291.93304260976 291.959766294132
292.407363768452 292.685110388254 292.515219112812 292.79109078686 292.738641390599 292.808788823773 292.947235299111 292.790628183535 292.687533225121 292.579158694695
292.994713002454 293.099900854666 293.071812447688 293.319861948828 293.305769258768 293.259545295125 293.476511747123 293.322856613294 293.372073598735 293.067521407461
293.490576779786 293.499565362122 293.500762569859 293.680569579937 293.644152710394 293.58109867237 293.717106061204 293.703813886443 293.78632996539 293.490103563705
293.431647983763 293.500725586836 293.562003727359 293.560174100408 293.706752068151 293.597813071313 293.570654535431 293.557571902102 293.776932183677 293.520998525237
292.838598468739 292.807053797696 292.904030761567 292.970758681248 293.049616428035 292.876915312439 292.824898651682 292.794384527945 293.137126406528 292.955026885829
291.980968071058 291.718761074203 291.804939346451 291.931910374711 291.976624810761 291.848570828769 291.911737234861 291.876762004821 292.236360748062 291.856340404252
290.878251853403 290.731156262657 290.701862412717 290.854818704142 290.875969625107 290.854101987011 290.874964825746 290.586109651021 291.066677974978 290.780957654855
290.127548893976 289.768589963725 289.99601067058 290.128425882958 290.093080739712 290.113075981759 290.00545415933 289.873579935998 290.503419526112 290.057044682136
290.135805458317 289.802500765164 289.883353868386 289.820388483765 289.83887566062 289.989709728719 289.963168819969 289.768303192754 290.280016201852 289.76927803228
290.514071813224 290.178630107597 290.251461761018 290.348424112411 290.455620958364 290.421308542513 290.413443127868 290.045609486284 290.8725240928 290.547394327101
291.290180014411 291.065553554118 291.153084382357 291.269726528386 291.254159804681 291.365582758049 291.277555100559 291.082390126955 291.368682403838 291.260585261568
292.270353232622 292.04537098891 292.077571743664 291.998249209458 292.196482338385 292.31465123911 292.124767523621 291.972557015432 292.302613959789 292.1927621204
292.808482983157 292.712482194049 292.6947360712 292.815177883916 292.67476585268 292.91283640014 292.755769979129 292.589311454596 292.925033118698 292.844461141428
293.324017355635 293.262773850838 293.218226822913 293.406358451646 293.305912884551 293.324650545728 293.235666823604 293.143407665972 293.356636657137 293.313547688252
293.748498725224 293.652407850702 293.587389484582 293.73193479875 293.707852680164 293.760088890167 293.709459672143 293.536451829075 293.659993019345 293.693744092756
293.684251301777 293.471544984935 293.646859700098 293.652912722525 293.650744209898 293.769908616086 293.528371638107 293.427366992636 293.630244040522 293.682426175957
293.015200158324 292.853427079391 292.939983724989 292.961787475133 292.949389044321 293.158479152088 292.907862247135 292.782585206486 292.852167378845 293.013593268377
291.975365671873 291.871116099761 291.935055625653 292.037350951345 291.971039599723 292.22370519732 291.981159697505 291.780183666881 291.747447750423 291.982058687938
290.889431098291 290.870583716251 290.786851506106 291.024524832401 291.005814680583 291.165998629329 290.857385591688 290.714568360341 290.868277752899 290.707536147491
290.09384527631 290.072156514017 290.101391046409 290.381460194675 290.122169787944 290.367497623443 290.096694788534 289.925285925288 289.978221390754 289.986885002868
289.792560457698 289.97535545767 290.036377352472 290.342561524402 290.126885484155 290.191247274019 290.110805992068 289.810772119151 289.920960530899 289.75189117257
290.235723370494 290.426241839601 290.492678715681 290.721511565881 290.741132532788 290.807276108692 290.644999700841 290.327812554733 290.316997090305 290.262151066603
291.230740628309 291.358683366815 291.296540458059 291.308065633393 291.35819109355 291.595220371611 291.441138375226 291.4011867592 291.140273915999 291.235934116053
292.189921975843 292.32919508351 292.140578398051 292.24718314737 292.280464931267 292.4404483384 292.228716392581 292.076884381933 292.035400492733 292.113102839678
292.78938582429 292.764086211782 292.715146330094 292.80373217204 292.931586426362 293.0654648473 292.905177610521 292.749088548793 292.674627981657 292.794403062502
293.328485194499 293.374075044026 293.373284780441 293.356262833045 293.412806450147 293.53186974838 293.473110962176 293.228008722742 293.179013292054 293.285223813451
293.728072284909 293.674928598328 293.810299919831 293.711115801816 293.777541372563 293.899808637319 293.677677408167 293.595821675217 293.573634232516 293.769454630557
293.63712068059 293.734027749177 293.877555588738 293.636331128594 293.80693791747 293.767701846564 293.576109582486 293.50694298962 293.515212010897 293.80909207695
293.101365943056 293.037442492156 293.261146488893 292.824087491471 293.179900013374 293.16606830997 292.809067635848 292.800237923108 292.80872841437 293.204569862027
292.216687956479 292.091392973521 292.282273991793 291.943788284551 292.210744395334 292.100906311632 291.739772701137 291.745870046678 291.922006133039 292.158274453559
291.004170341947 291.024605550693 291.217341898662 290.964322710314 291.010805277984 290.971147166272 290.448543014124 290.836607778956 290.689545593463 291.232064260618
290.356777369985 290.40976182393 290.520743328436 289.993791168663 290.367905285342 290.211196600845 289.846992298293 290.179217676728 290.124863668454 290.441554690948
