289.639386342128 289.678375829277 289.540700618434 289.803236621261 289.686465724887 289.556037528194 289.477260076344 289.572881629849 289.619637104579 289.792380822935
290.003773379134 290.206333088791 290.123046067457 290.009015765594 290.034089369805 290.125011222416 290.100640683016 289.923490253172 290.320450383928 290.234271939292
291.045875668554 291.147280440683 291.013381310438 290.964361960024 290.90196530975 290.848072710489 290.93093185967 290.897257456144 291.028953082037 290.970930128496
291.952422533179 292.078153725657 292.036409606123 291.744457848287 291.819347221303 291.855096750491 291.717568191095 291.785985812803 291.856737664152 291.94996483587
292.754150525716 292.804782486901 292.714029036024 292.531964473113 292.636223462339 292.58663067788 292.614452192339 292.600904332252 292.704571461537 292.724545708315
293.343391966594 293.345495960859 293.332503527444 293.192899221668 293.281000283594 293.252769600137 293.154262955177 293.283122793216 293.348820096455 293.25697674115
293.616947645795 293.723153601099 293.627687765327 293.497443071777 293.643846936878 293.513615804273 293.527665965047 293.514808545064 293.6820560313 293.49799477976
293.516363543168 293.557759832215 293.514026143615 293.342460712696 293.448312224378 293.434496861506 293.385336040065 293.457662041065 293.649473281638 293.35578491624
292.77550744636 292.84820533276 292.714690661155 292.634800623647 292.689391217773 292.722571110602 292.615578167439 292.766780723903 292.942609353043 292.667888534443
291.865021025865 292.003949775177 291.708977834175 291.713221075851 291.649593418102 291.748479219023 291.688776021169 291.954131030753 291.998015982404 291.785628763421
290.636850750602 290.823682765847 290.598060602018 290.69521404871 290.533380891615 290.65222214436 290.597552330823 290.938162913544 291.024420723096 290.697498239572
289.972460997413 290.091201638389 289.695533383854 289.75444183075 289.746885635972 289.643898107178 289.827006918169 290.09987960223 290.30325210863 289.788096051937
289.808175047279 289.950141970845 289.448018491092 289.597242257798 289.388377104948 289.581551761876 289.719532326731 290.049926934014 290.087500018218 289.40045923095
290.256455755843 290.518791659761 289.846109526163 289.983030870743 289.99287998969 289.932244516265 290.1206417513 290.323181944587 290.360579338525 289.873289430761
291.306491207095 291.115936734377 290.49414474294 290.906135782197 290.714588692061 291.00544332407 290.991816400331 291.217565069943 291.389200964628 290.804795092714
292.007287191487 292.075203740201 291.715603065238 291.785780753543 291.655340635996 291.829160938783 291.88451968078 292.117271802184 292.225610711545 291.884751895718
292.745531933881 292.864451517148 292.497749770519 292.616400357349 292.515422396673 292.694941606582 292.610448069911 292.817161609511 292.920364337071 292.672900001438
293.418488143643 293.48521581826 293.170272676961 293.328559387114 293.056336935423 293.186315209569 293.251205472332 293.425582874822 293.510564514314 293.212088279963
293.803382426391 293.818332218159 293.47498943981 293.65545466458 293.452289549448 293.511287125636 293.611262659509 293.643436160213 293.748090363922 293.505146502736
293.715043356699 293.558703168756 293.346040604722 293.473476830227 293.319364908717 293.341802305426 293.512538092361 293.50107944005 293.431499304146 293.443145892032
293.023768707256 292.901344206274 292.566253608745 292.803576396469 292.675456367634 292.679561043512 292.731436664395 292.685739639629 292.778325268464 292.679411805393
292.017250367561 291.96399524114 291.610187314719 291.801375203646 291.697785963852 291.658052001311 291.825418944668 291.624277442259 291.77344764525 291.676353673387
290.912794233567 290.890739607467 290.313793220386 290.728285525235 290.607998657597 290.630654319578 290.640226047283 290.408483936362 290.588636030562 290.61368373967
290.14798109336 289.842348203558 289.610797202786 289.808198090932 289.800318440534 289.780600846223 289.778516210393 289.619491130018 289.899269896712 289.874891795027
289.990426645249 289.813158603674 289.391917131268 289.64851457543 289.525846871929 289.39578773553 289.561959505906 289.387415471442 289.603659831854 289.71729571111
290.306711869284 290.274580115875 289.770821722668 290.115379054756 290.067287440528 290.02361541408 290.208040524978 290.032844532708 290.177604310706 289.953374600844
291.161133290416 291.135498539959 290.745089086469 291.075997016905 290.916683620072 291.025104590243 291.005623480966 290.923148345223 290.982221611583 290.951542534143
292.240795204817 292.148722255241 291.657513941399 292.039222588419 291.963031824887 291.819707436769 292.042141077412 291.821645828313 291.895303661144 291.875268874
292.842164327967 292.713023080203 292.553203177646 292.671289286555 292.659915850814 292.610000578505 292.748119972907 292.535201597266 292.549083472581 292.656695982057
293.427787952654 293.387204704472 293.197252810853 293.245076713656 293.208106193308 293.276427201937 293.418283721686 293.152524315012 293.271677970811 293.311720145868
293.604810595664 293.7290666262 293.526149922872 293.515459354455 293.575209435472 293.567539973512 293.663929524506 293.506613417838 293.610769130653 293.582556135186
293.495909353888 293.567431170107 293.455959763938 293.411162117101 293.50230371159 293.434654513006 293.452875722836 293.369158695412 293.53013650703 293.497371009694
292.764924263464 292.833004648615 292.807009877059 292.82842021894 292.791411395272 292.690696921989 292.832539241707 292.72015311103 292.865165210096 292.849860793845
291.7073923801 291.816328436696 291.819203235355 291.999735745958 291.9062009983 291.753618960985 291.941564625158 291.873021451083 291.90620269476 291.851807403713
290.530919199682 290.743596583989 290.791392742961 290.915898702687 290.760469580806 290.665133844733 290.735521510378 290.63356357153 290.690654356365 290.782912135696
289.645011064637 289.87447159655 289.987163300901 290.058118561769 289.926421820064 289.88897888775 289.697654934862 289.856634535803 289.893539342715 290.042763455128
289.38465516943 289.534379066721 289.724173765429 290.035997345882 289.76543662367 289.737939200572 289.368718505295 289.702759777071 289.700708422838 289.931432382382
289.912266139458 290.21346680487 290.358033654631 290.437593525472 290.268581488521 290.402867421828 290.012075807183 290.266641853246 290.298434826614 290.546242815125
290.80784697757 291.105550768923 291.116373674499 291.210882602907 291.076963744659 291.160530727136 290.89357175022 291.096197604391 291.048915439383 291.238655169811
291.807377110963 292.009075637668 292.001198724046 291.994750935242 291.947114824525 291.884634708589 291.810649271234 292.076171674968 291.85045278413 291.977341759462
292.481243539557 292.726533504209 292.6220606551 292.764792907889 292.760146506136 292.715775175717 292.600400547528 292.783516063362 292.652324537076 292.839687653053
293.080969616473 293.274713827573 293.316546183828 293.283001798816 293.240110224672 293.335881137676 293.112581383458 293.431608864703 293.315290388022 293.503711392503
293.486808621137 293.608149055505 293.721622373637 293.625123786206 293.608700429159 293.630796643669 293.466930455016 293.626726218393 293.653597455302 293.728889499743
293.397565819 293.58484112126 293.53945245913 293.428162670351 293.471850214832 293.467787459114 293.403927369731 293.416656016558 293.388355535575 293.590565265945
292.703124716244 292.972111971636 292.794076766945 292.842777122686 292.759247530053 292.796675742917 292.720661127124 292.686165604374 292.695255165495 292.94823671122
291.60405902096 292.070207969893 291.890016297358 291.837264143795 291.789427079583 291.762413572448 291.841210941481 291.78189159773 291.742447784802 292.11645834087
290.682511295948 291.041897090367 290.741117273899 290.689657856204 290.631965338783 290.810176812407 290.69299959233 290.593615755037 290.743403162896 291.043113554401
289.701831577008 289.92773270129 289.898324829779 289.796873052164 289.713759434931 289.861943062555 289.98567198703 289.672994085625 289.802486576869 290.349365930011
289.659129970691 289.952189515424 289.611386615886 289.592502682389 289.407287924855 289.840088718834 289.722151070477 289.547089391514 289.520579622836 290.190895682103
290.310498671774 290.441057791558 290.062635146863 290.081936402686 289.821862336795 290.360334529315 290.185107723084 290.087846964639 290.270633219609 290.587668832618
291.016349081798 291.432615119193 290.985236393954 290.989758354144 290.91279538619 291.208481808143 290.878464372707 290.785002907981 290.90235353639 291.3701396373
291.813666625795 292.116649042882 291.904593607965 291.945047757986 291.886460083128 292.175325347607 291.90115791313 291.769181906169 291.709553352417 292.050825300791
292.570101362801 292.90933862996 292.54000040589 292.660704597898 292.53701787729 292.945399158259 292.611693052196 292.532246870911 292.590627277078 292.827499177809
293.322378018425 293.480731285602 293.213438966196 293.289910043803 293.144292385914 293.368452730585 293.281273342118 293.120676447333 293.280960242473 293.486173951427
293.772896857811 293.78546776792 293.522761171884 293.606670588293 293.515783776661 293.789893227826 293.506771663363 293.492385835973 293.578746938303 293.850668580615
293.497608888907 293.63458342998 293.324935857375 293.532901616429 293.348490579655 293.629293389917 293.341187572898 293.432111356148 293.531555696867 293.635304333714
292.913935204045 292.936377688312 292.683534549465 292.808718371082 292.667720720491 292.909772858907 292.616370881033 292.723560886678 292.808468578891 292.913102430906
291.91243102833 292.01415473527 291.738281819467 291.784155325244 291.808775061555 291.952200484944 291.600121534567 291.776517339771 291.807358562549 291.869117005223
290.713533813769 290.697595863309 290.615011314204 290.740636126301 290.685676148382 290.877510666893 290.412158621413 290.756023145884 290.770528834909 290.772928322794
289.916628701331 289.884922104117 289.781944815413 289.873552997843 290.00474588582 289.918040752644 289.586093248845 289.896228120512 289.915212583888 289.856237803746
289.75572880271 289.563990347942 289.47519849659 290.05037635427 289.592817830892 289.614978108392 289.563367486806 289.762710546535 289.660949759856 289.666018008824
290.254713357363 290.177145443534 290.056544048223 290.254771566229 290.261938684523 290.141565615323 289.95306439899 290.185930302954 290.132403595867 290.486977117482
291.054456662789 291.119252730239 290.745733193607 291.039147130744 291.145608375899 291.03836893504 290.968592786215 291.062978954413 291.153072537925 291.050129824061
291.876712018078 291.978634460044 291.717831081066 291.8679609345 292.153206328303 291.98969279256 291.84116629829 292.087661588558 291.961770288856 291.759105743635
292.600764679091 292.783337284749 292.475085514165 292.746862393378 292.776471051451 292.706173847845 292.548103371645 292.797662839567 292.733375658296 292.57118053884
293.24093180137 293.314401067704 293.165838334146 293.404815610255 293.447788115389 293.33835326441 293.122847769544 293.25766697314 293.367602343639 293.163150400437
293.49430796356 293.603187752625 293.450778309078 293.664090542085 293.600156117856 293.73391427631 293.38088619207 293.53328482263 293.634721624932 293.366449138339
293.378994051372 293.501539049443 293.408488275988 293.422152681675 293.486929139581 293.524049068053 293.324584345275 293.499437268307 293.466901469633 293.425855618256
292.744628661438 292.763504214508 292.763090059168 292.683406821459 292.930411523248 292.783299456454 292.633822396281 292.726589504027 292.738813518889 292.787691377676
291.757577565127 291.856009096122 291.778195628094 291.680145027914 291.967029299918 291.813927802885 291.768844744169 291.809665187237 291.78276968496 291.737917884503
290.581102688313 290.807910153065 290.716163729042 290.710402766412 290.766135326293 290.6827769746 290.708562454519 290.716681030364 290.522424807204 290.581034068459
289.706723249481 289.972244616892 290.062951540182 289.883414210101 289.928351771438 289.743390541654 289.696269349105 289.80464433474 289.619206979696 289.603436372856
289.665468023576 289.751376519259 289.745047451697 289.843078106135 289.746172993748 289.499345379033 289.602269042752 289.607601372259 289.497654955301 289.649755394024
289.963919165626 290.105810937503 290.262269225034 290.065178283813 290.133855042083 290.12304749959 290.142353634853 290.178660765476 289.931996459429 289.91014270593
290.929251091909 291.255076079887 291.233464055048 291.063182453689 291.165449450506 290.947125739271 290.982019035425 290.891017550883 290.868467240996 290.997884755287
291.807824728993 292.019290563817 292.070115040119 291.964119222091 292.042948196742 291.839293305707 291.979630122519 291.784958980185 291.540013341685 291.895439619138
292.551895634703 292.763417690868 292.777705855323 292.672730186324 292.859454976897 292.663934984438 292.624067828244 292.578230585504 292.466090790316 292.561096209265
293.268496454283 293.419275672007 293.301996744868 293.244703331002 293.384540773716 293.201694093951 293.167212698049 293.341588098968 293.132666308504 293.110032035019
293.648360187126 293.652731783011 293.594315964347 293.670968119834 293.546750280937 293.522250321443 293.4387545474 293.591825861628 293.484018403089 293.434770727323
293.513325984224 293.650246541819 293.557344136199 293.443868594642 293.480822354816 293.39582977398 293.342225151591 293.443384397373 293.488486376166 293.305655467567
292.864874146821 292.889063392682 292.816332080513 292.696439563831 292.722623793338 292.583023427953 292.645042250082 292.666570772692 292.785510914107 292.599565150582
291.945253455118 292.016454774718 291.855856808359 291.688171602287 291.801209409932 291.504194951242 291.648007465797 291.842799783718 291.832292012268 291.68866489571
290.855505861542 290.847546296385 290.714615077474 290.59791433072 290.733676050749 290.401283811075 290.5957999309 290.621571871267 290.715429885236 290.4847922159
290.023334449898 289.988747715897 289.759828204722 289.868467998347 289.878380991521 289.48466363363 289.615391898244 289.597196945295 290.054293665014 289.441833671301
289.889859208802 289.798323783617 289.687801977091 289.555004515063 289.364308465346 289.233259657052 289.641772640436 289.494044066492 289.917633653588 289.51136154871
290.349764790499 290.45800281449 290.22980148992 290.154468744262 289.960384782412 289.628513641687 289.820612576589 289.97956511426 290.167283400548 289.954047583395
291.211921482339 291.155134988183 291.296823737827 291.021943771499 291.150578567632 290.726955375575 290.802182473313 290.962225839667 291.199294590318 290.75321960023
292.081521446628 291.909145734584 291.999952462077 291.862126394645 291.858543863088 291.56375171302 291.735376993174 291.669684612813 291.944958338811 291.619295236063
292.765897126571 292.705303522874 292.564751537164 292.54839168426 292.647422020352 292.319120878406 292.547765465977 292.604603689453 292.809224318296 292.552259167529
293.2834041102 293.308242780668 293.208901569565 293.142070516215 293.265759784472 293.01183046384 293.062273155147 293.128458112706 293.344896693256 293.108445407861
293.597914366858 293.52674984635 293.595245288226 293.528082409967 293.602119200263 293.39371056971 293.372356450912 293.610656744478 293.646218137811 293.407951819967
293.497972421522 293.363725536114 293.497084152437 293.362853895954 293.443731351499 293.20950463772 293.189976167732 293.476524649862 293.423314846456 293.230617615257
292.753922425986 292.774946379844 292.867389584946 292.73217720558 292.785146316151 292.499759687375 292.575056428874 292.822894593921 292.72915244007 292.596462826961
291.722985485606 291.679876193663 291.744113092239 291.810184700156 291.823851243186 291.567536621146 291.638544342839 291.64854483662 291.830241269987 291.756024716131
290.512657279265 290.507892103029 290.745577158837 290.65504785503 290.57726750074 290.408184471939 290.536499251747 290.687658837078 290.508279884079 290.650159296943
289.735026838611 289.597032345697 289.788861459046 289.633288818845 289.82395586505 289.622645874262 289.778850480519 289.88082427156 289.728167453662 289.732741037654
289.612227243056 289.443282993921 289.767687654969 289.39359955611 289.652395669994 289.257102364869 289.523614645771 289.400626168099 289.637917465185 289.584031969914
289.943411433839 289.891903095741 290.163513723154 289.994973976468 290.315238503899 289.74107146093 290.143447015083 290.019706640428 290.183034152538 290.075923232966
290.918374555899 290.834156534065 291.108265319748 290.816692567937 291.092918346783 290.575125891507 290.949758285973 290.888618050177 290.903735613183 290.894492250452
291.848724784297 291.771308114356 291.915649035061 291.926624526198 292.022911224704 291.484482784707 291.713416924348 291.807637966116 291.924169481902 291.897729264981
292.684569675477 292.503186578851 292.781541820173 292.59633556148 292.7680908683 292.365285494278 292.623630458947 292.582017122465 292.714797428674 292.71873769984
293.231088137538 293.136424100349 293.351940224365 293.308808915136 293.290584152526 293.07364677312 293.266304531763 293.155866646115 293.281901049522 293.288500257745
293.59029504471 293.511197864526 293.732798966084 293.555038318746 293.609454172834 293.53175930206 293.638058080443 293.619144540729 293.603789169241 293.539170604526
293.47714179701 293.424458432697 293.586096768043 293.457853388559 293.431082516613 293.448427289483 293.389230678491 293.480241930302 293.542376863466 293.439241294384
292.753466617449 292.735226397114 292.827300687078 292.750911159435 292.707672250294 292.788046067914 292.641689786816 292.823419698683 292.859576924898 292.744889975809
291.836135737249 291.798660899218 291.958613898287 291.80962597221 291.710254186012 291.895901124204 291.681636750469 291.89090704244 291.98271460313 291.744402008081
290.579808263502 290.768375647881 290.855532916053 290.647446204313 290.598391917075 290.690810139618 290.710505635773 290.743304704325 290.771315943618 290.657974827493
289.748709903248 289.960893789894 289.978319003293 289.81985483928 289.769421773074 289.946769492347 289.819764036193 289.827844365589 289.803980599661 289.757861930097
289.7583620091 289.876075772544 289.738940026353 289.807449770757 289.63887232017 289.759939667855 289.496193526095 289.836769803301 289.917593463425 289.604553138071
289.958239249707 290.308675516916 290.462522902918 290.193976926315 290.192124309766 290.271764834494 289.95538392915 290.162170718209 290.387261550735 290.055344168393
291.044141602192 291.043271129726 291.129135500365 291.091728163691 291.051408514345 291.074381145224 290.909425939491 290.995137727612 291.195966401673 290.93968053548
291.822303467241 291.839653356132 292.197834458595 291.971276693521 291.942009316939 292.05719571615 291.763866177546 292.165043020334 292.060953201224 291.868751980885
292.543232879739 292.640952553017 292.962683547567 292.775859648391 292.681452799834 292.708719578603 292.471965146043 292.884007720215 292.759615280142 292.676590107936
293.313575089234 293.306736310951 293.487780554204 293.368415615611 293.370548549238 293.33286448362 293.16562242831 293.431006475688 293.3649147625 293.211679273417
293.595087834416 293.605628831981 293.787875748254 293.670389046886 293.643659526031 293.657407696272 293.491600264843 293.670334398744 293.65455526537 293.495774184003
293.438947057666 293.507143158167 293.610977572567 293.438565670758 293.588779002164 293.574143566213 293.330554333596 293.641710227805 293.49816313375 293.445055868788
292.67363108882 292.78805500866 292.885345147362 292.784695446297 292.824389297847 292.819195577018 292.68165882529 292.810238849476 292.875545369204 292.720939319954
291.766000219813 291.833772844412 291.874947281965 291.932179386353 291.965877261033 291.931704214817 291.822994943882 291.997966205754 291.748705726861 291.700242384652
290.67352150385 290.652853789794 290.70786989518 290.65760638082 290.718362428682 290.836699928018 290.705678997944 290.807524247896 290.646696548519 290.583739402591
289.874918860505 289.766632458515 289.775986135446 289.790385874838 289.844551360593 289.81776360341 289.629007240659 289.869929337721 289.856544570412 289.758854790064
289.509920942717 289.657412829523 289.497992481194 289.71725135953 289.544546860409 289.565958272356 289.610650093311 289.723988640474 289.420809059456 289.456289191031
289.928254441397 290.018713343099 290.068252231597 289.905739105988 290.16621070959 290.068261865037 290.153231632856 290.118346299687 290.107329305158 290.170476737383
290.963597632027 291.059080739902 291.00813857736 290.853857233745 290.891277273793 290.989423812072 291.161281879512 291.140860404017 290.875815154506 290.94354738552
291.965813900225 291.91688524337 291.909172961622 291.734126058717 292.048043575025 291.935846305174 291.965217191346 292.133531619318 291.927405269896 291.81764464876
292.676404387341 292.634984229151 292.71795658441 292.4878208989 292.7281017334 292.720297402631 292.668156879979 292.968587332912 292.673327974614 292.686520796819
293.323269016999 293.264142717291 293.215357631813 293.143913162678 293.326430177004 293.309332242266 293.232726275936 293.568055758189 293.232009939085 293.174934718308
293.607437018231 293.664982851907 293.642576050835 293.493571422342 293.701477655524 293.568377883787 293.593425782547 293.82500315885 293.515140065863 293.531842604965
293.608352410778 293.496403484483 293.491248431455 293.434014849028 293.478545333485 293.500257020928 293.41408472824 293.685524170108 293.409508801026 293.390650174264
292.895308648491 292.9041494612 292.680069695582 292.686016087081 292.871591091228 292.812465612658 292.758425609137 292.952166985509 292.720276522533 292.640004364438
291.970388158036 291.815970362099 291.80407733074 291.830726872561 291.921444273821 291.747098568335 291.766557081115 292.026703684511 291.845114066113 291.722056948482
290.773817124314 290.648354071503 290.624569904442 290.771343979802 290.869035265424 290.637994614695 290.659154235375 290.857490955829 290.779707350537 290.672893206863
289.936874343685 289.895330606098 289.790737861524 290.037236500288 290.095211209756 289.636005833214 289.884303235382 290.030178690322 289.748986306208 289.812513176339
289.72822474191 289.73208048966 289.85005832903 289.873274515862 289.758831988349 289.546045136881 289.67470758949 289.818386735299 289.602722850771 289.663734574895
290.294280172255 290.371816302163 290.235684477252 290.291630830051 290.170908968389 290.112371600076 290.129979874655 290.479020847528 290.069314293761 290.255438286528
291.351296342591 291.24807446585 291.029701505953 291.056255728496 291.040615849866 291.119592271683 290.926085226158 291.210456894688 290.878748777064 291.084795824516
291.981640378112 292.174825607201 291.960476676839 291.809860479887 291.85747781506 292.057557789205 291.926218441999 292.09860164965 291.767611838569 291.973244674222
292.689946551099 292.761589482043 292.749157673295 292.664494264066 292.636016029035 292.718773857098 292.777565077425 292.803754356037 292.706356875578 292.710958104992
293.240999172996 293.399922457279 293.369783925579 293.245337244972 293.226298778888 293.34111865959 293.2613204833 293.425097344859 293.207982117039 293.296371636823
293.661226293328 293.70835051139 293.765744207509 293.581055599299 293.494668535574 293.690321384624 293.552404456831 293.808222975314 293.501650087314 293.536670705306
293.402033870869 293.622084576272 293.598691372097 293.363079844569 293.254130467252 293.564775944985 293.312717500494 293.708872203848 293.494649656271 293.350208536828
292.720209257948 292.966427844785 293.001759340691 292.63702914945 292.615961674715 292.842934523274 292.64464566844 293.065259634647 292.707572534513 292.682004599473
291.697970389047 291.970127860212 292.066077276933 291.768584047994 291.574312230969 291.8509001423 291.600428343767 292.099235674788 291.712869727962 291.828905007452
290.507475937901 290.868933330333 291.0109578842 290.566693692126 290.463707972532 290.67399221695 290.544744664809 291.045326681952 290.622275184038 290.709011340111
289.464006865386 290.018985746367 290.057272837319 289.797689614839 289.547245340018 289.801948297143 289.738450924478 290.31065051097 289.869350802504 289.722133377736
289.412315238549 289.836697291463 290.054478669828 289.379194052033 289.259175373089 289.628305631695 289.381522836806 290.139311825824 289.595482791173 289.597649842081
290.07467416744 290.480896004907 290.410303095405 290.07982980201 289.778270735115 290.220952382264 290.071970046412 290.459885569864 289.935990620673 290.031096866604
290.924441843819 291.173232060197 291.100841638799 291.097238218318 290.850266592255 290.849778815026 290.724032976823 291.382061003528 290.936725255214 290.856192005074
291.871225351962 292.0090473666 292.042202673922 291.915227869872 291.741241263623 291.723802992584 291.6139826789 292.231285639008 291.913220435769 291.83109493526
292.676471163483 292.739880731994 292.767836970726 292.70210930799 292.469333756981 292.55055632124 292.46040498279 292.939325462897 292.639707754209 292.568625608226
293.266939428496 293.234312500396 293.459322964952 293.239684058046 293.204022929744 293.176851506689 293.02716345995 293.494963985748 293.22609044821 293.197139313599
293.52174229367 293.733495482532 293.759642927282 293.517164058964 293.571050062335 293.52798476346 293.367562175653 293.864142503647 293.61496495841 293.474503788507
293.396623715838 293.56461187001 293.525894102134 293.431667058261 293.319054079781 293.361954444545 293.227822542685 293.627859017371 293.52285174041 293.341021326219
292.701543882839 292.87222662587 292.813570966813 292.749224515591 292.611707655086 292.691480738771 292.516237247977 292.943644786116 292.846345364467 292.608936969454
291.693482534178 291.897702514673 291.848667244507 291.77118718859 291.695970706435 291.603947976966 291.628433645109 292.057233406565 291.893186845774 291.641858813561
290.645596289445 290.946114355884 290.629218087005 290.679236976954 290.474274445753 290.549188358863 290.446605326361 290.828962947528 290.711306362198 290.426909981801
289.773848329572 289.868339132416 289.895710005152 289.848717311126 289.712477271794 289.796937303974 289.612800059304 289.977951251474 289.769696910855 289.592833085048
289.779939372898 289.826001394206 289.523686262374 289.620539203706 289.531593300509 289.49566630306 289.577343595833 289.647897277957 289.443120882694 289.583475874607
290.415236788199 290.211779117058 289.78628369493 290.095952938221 289.986313961339 290.01526859151 290.052734804734 290.224142694566 290.001099246011 289.850694439331
291.191374503034 291.30493960756 290.942242581876 290.992619040501 291.020966800968 290.841252263316 290.789019085102 291.130677864008 290.963728538372 290.768399642328
292.002885438772 292.132292730947 291.780075900038 291.813469927854 291.742314898658 291.739193146308 291.665979648674 291.957964849602 291.928379453953 291.733988438667
292.879305719889 292.722186501779 292.598221738426 292.63698673589 292.500816675599 292.420766758052 292.552784138473 292.79394246322 292.670236961152 292.52436784609
293.475975621424 293.292194932456 293.267169458004 293.147431263142 293.172580987159 293.104259646495 293.222746587203 293.427785819714 293.255378671528 293.104030894674
293.805417576194 293.628165769691 293.476781627299 293.469828102055 293.57594884046 293.510643668251 293.545979360909 293.737527882405 293.475374112608 293.507799645328
293.698724987173 293.484348903493 293.425570896097 293.39941416064 293.419309708028 293.410816920469 293.430045801541 293.560751540265 293.323601270831 293.263529975033
293.028838030564 292.707645548038 292.708177893105 292.710573710417 292.652716037253 292.676994138959 292.634196234658 292.923481775442 292.574795701751 292.582362139887
292.107711111891 291.663279262857 291.847947025423 291.583064675912 291.777112698363 291.748811890025 291.721443149021 291.89719552979 291.620109058274 291.623527042782
290.894292451202 290.430166278597 290.661785265839 290.542161922077 290.556904058004 290.78774874524 290.646078969798 290.700214786234 290.5423976218 290.568235937208
290.127138879583 289.627128757577 289.819447502242 289.741896597676 289.681865074802 289.741680325315 289.718319887382 289.730887946247 289.510857478693 289.496640758658
289.694202360071 289.461869166702 289.73835279473 289.490874718832 289.477654872443 289.545187025062 289.508762816482 289.438865927229 289.466583595974 289.41633832553
290.199759788465 289.685984145342 290.090917440926 289.900630144773 290.016488496336 290.101319469627 290.023623362175 289.928498278316 289.987744487297 290.062282699826
290.968713637195 290.743156473736 291.067143679541 290.830016225024 291.082639495666 290.901621553775 290.868574325616 290.82444518924 290.645362386954 290.803140742832
291.949478499352 291.636386813478 291.878432954592 291.784029712161 291.882885920791 291.950256602229 291.819582612357 291.68000711893 291.627595196338 291.819075867755
292.690410248841 292.383964331083 292.728346058279 292.603927614809 292.548237893822 292.653597320931 292.6255553393 292.561838181044 292.415102257857 292.532155471674
293.258303018369 292.979615186632 293.2751502683 293.119162666965 293.248989495665 293.291225703818 293.253634272766 293.098447129195 293.008939043698 293.111703906668
293.616173495246 293.376507483632 293.641513038556 293.525161353444 293.618455982365 293.548312329772 293.64135708913 293.502832869901 293.398968627357 293.47904937958
293.496724404018 293.271417629415 293.545808562802 293.386186567756 293.464708781786 293.392153633054 293.610871013863 293.317224682392 293.301351471544 293.320691404736
292.666954899306 292.571202954886 292.869613633401 292.795390140781 292.844604588504 292.629586874969 292.895640015413 292.577143714642 292.551239551222 292.713367208054
291.642344989432 291.528594298285 291.780069794465 291.873380783967 291.806422860776 291.754007992319 292.007185445361 291.729407149799 291.657053840502 291.652848811371
290.503504841252 290.524493923585 290.686773949364 290.803424552082 290.869981585758 290.68703977337 290.73571826351 290.500127536867 290.385706002064 290.488277677718
289.644969919954 289.739212706299 289.796368705922 289.918874879339 289.799606763381 289.799145230915 290.017419338453 289.576753077236 289.636579296755 289.661368945597
289.591545973127 289.488503761521 289.618668178215 289.802872750014 289.871576501434 289.728059610369 290.028612227314 289.525032722367 289.515561989024 289.573324348269
289.956105668488 290.009092053202 290.09911308907 290.184163317701 290.198341449029 290.181597632705 290.302454933631 290.001799329162 290.052834695079 289.978707885426
290.785243911518 290.786526148153 290.948255776054 291.065692646253 291.228695965608 290.982169700583 291.129668965514 290.740532154883 290.878521671833 290.866856785137
291.712263318056 291.905586868816 291.827129622406 291.962428286687 292.02684077615 291.909936182946 292.276822464775 291.736167234234 291.804946336673 291.951331086081
292.593589241131 292.508640537913 292.634240987075 292.616417274768 292.864495450103 292.67225814365 293.015128429402 292.596914316363 292.553553647433 292.657402111925
293.174263666073 293.17173072814 293.285578301298 293.329615270586 293.365923710011 293.285824367472 293.434248938657 293.168376129936 293.236962252267 293.273082638937
293.530221815336 293.466647690943 293.539840640875 293.61472258402 293.622973044917 293.665752939077 293.71311328075 293.439658636979 293.577924317407 293.569696010333
293.390069827552 293.414610891832 293.340483296984 293.422979269389 293.621327548354 293.503988606769 293.575786411677 293.401561628345 293.499973879984 293.424646953017
292.757465742521 292.797024738228 292.64206133714 292.780020697426 292.910600735979 292.967658288203 292.948842434435 292.714130379824 292.735343237896 292.829342718255
291.83289205826 291.749878973371 291.780241215209 291.723883802545 291.852619256146 291.964142872082 291.860227664682 291.728686536939 291.981258604022 291.762564212947
290.613085311191 290.651322574449 290.672600158421 290.592869655323 290.871621958585 290.750884583875 290.758201148111 290.646450355157 290.762211452323 290.538549948322
289.711881894062 289.875488998554 289.83043636937 289.488899768179 289.933377568427 289.990403663544 289.857205268885 289.809207230401 290.096256290626 289.692349985
289.773031046751 289.78108167221 289.841423869919 289.504599006132 289.730164119246 289.714044026988 289.630974802368 289.691305469945 289.763165634365 289.5393577277
290.372001781641 290.328810133932 290.328605603604 289.863323900802 290.035549895615 290.171957673845 290.097584163522 290.256138741145 290.265045494298 289.789273548024
291.116762336954 291.129810869 291.242621011534 290.832851778805 291.097258264082 291.155886746448 290.823909316754 290.96445069919 291.259870171137 290.749497169846
291.905238356542 291.972102724623 292.090841835888 291.726333409083 291.926190093734 292.194424163037 291.780617978338 291.8511764898 292.071996701081 291.799468475722
292.826828736604 292.622819806938 292.78450165907 292.598510288511 292.727714575474 292.914284498751 292.620832119291 292.778538259519 292.850037988418 292.52310682042
293.284141318392 293.264564366617 293.337936851272 293.158246250719 293.305973489417 293.518415028247 293.127006488477 293.325169489447 293.463367969569 293.246998883143
293.666717627658 293.59313512652 293.748341567344 293.555279175375 293.600961667165 293.836038793486 293.4619618541 293.713425375908 293.717023220135 293.542906049784
293.491707631699 293.489247611224 293.559075440594 293.363062852475 293.43586684799 293.690550394061 293.38146040986 293.592839090954 293.612401002227 293.446709126668
292.885741832478 292.818137911549 292.839739334533 292.71125247133 292.77769576134 292.925716852044 292.688257527081 292.799654037111 292.882576434492 292.762446968823
291.865325088353 291.689133771177 291.79861316638 291.644196885591 291.804972400725 291.918283490209 291.672220810758 291.882293178663 291.974033274392 291.883061484907
290.830328539034 290.655931206593 290.732379788314 290.550412341789 290.740873344037 290.782790830627 290.676377024359 290.772484613101 290.88378206873 290.927107749904
289.790299030023 289.793868835508 289.837411599443 289.697215881298 289.722933587278 290.015678890831 289.806223093628 289.81759698883 290.010667317788 290.138050390559
289.708380506568 289.625733118188 289.754988928201 289.350766885937 289.660486391451 289.908510611921 289.776220605605 289.823194001844 289.500105610971 290.04802718428
290.128179216238 290.019634885004 290.194947744602 290.02654549669 290.170603459 290.251720980826 290.300777673985 290.273430500442 290.086061006995 290.362219062553
291.070449021999 290.915040983412 290.90616669443 290.825295232838 291.039731437333 291.254927885774 291.030399030144 291.144847930049 291.020346456312 291.332220310957
291.800065955412 291.847075086905 291.858355611987 291.649547141879 291.961934850809 292.029646821024 291.846218202932 291.879355282909 291.990358691692 292.118254423788
292.632119948964 292.571035944411 292.735325715865 292.431895788086 292.683727844471 292.731151691561 292.68180637955 292.713372502709 292.657184523622 292.979373858795
293.301159440644 293.179839413819 293.402473860114 293.174495690033 293.205305759296 293.322644379644 293.387596892528 293.299938027869 293.291383996826 293.499743184423
293.582855764392 293.461617761312 293.724108727017 293.432770121518 293.557522407018 293.708848498077 293.664762349966 293.635822095763 293.549075892303 293.804325477201
293.421186119698 293.329939905835 293.504326276862 293.364038910309 293.555611658465 293.51764129087 293.466110021226 293.537700710658 293.398090214414 293.651599072306
292.701641077524 292.663124875215 292.768302177679 292.68416682511 292.815594195288 292.809888934126 292.842387596456 292.868708714398 292.765544153327 292.946753969229
291.647661526586 291.583423320915 291.595555169451 291.769259393099 291.945563185814 291.847713814242 291.887684651067 291.993515331434 291.683045395194 291.903166359921
290.593054165436 290.368409809337 290.365557933839 290.624749588938 290.842603162151 290.711296866514 290.809903639831 290.954959154165 290.475868177318 290.617996603588
289.768757037785 289.636541264152 289.465117449049 289.720818845566 289.939246682071 290.006250626007 289.875983025387 290.057350057751 289.606337319373 289.897533632315
289.551347013681 289.350431306909 289.405372900264 289.310571475127 289.821014387018 289.954068543115 289.79369719625 289.888140219693 289.560517143482 289.63184053504
290.116474613291 289.994285013615 289.746636538163 290.2520619482 290.289093377462 290.284106185563 290.150133120316 290.412387064809 290.000992743912 290.056622388279
290.849053693186 290.932259403636 290.788658033333 291.092105123432 291.001383422619 291.181203768382 291.018622890392 291.294295051686 290.823424742299 290.956760336848
291.749735492068 291.832599827351 291.633940551824 291.983049936398 292.018348127307 292.095548729158 291.910594201797 292.242483304268 291.761871761855 291.816064667341
292.578697854703 292.581767208664 292.35770199176 292.609038697879 292.765057728109 292.769451488668 292.700894733455 292.930164369368 292.522603579719 292.520849802481
293.224230536748 293.195987480709 293.144351784998 293.212453203843 293.411309035608 293.402370782919 293.363110810503 293.46820446905 293.087801970227 293.294085059042
293.485054029336 293.634772140165 293.484940799429 293.533567120339 293.709229050518 293.674445787215 293.622862529292 293.628245633551 293.489004356542 293.585939383223
293.404156694352 293.514412895781 293.321669602918 293.419389745438 293.451190813972 293.563141642245 293.59360301206 293.545206645196 293.408589732785 293.337410104728
292.712153667026 292.831979641441 292.649405268103 292.808516016888 292.817531894714 292.854355070161 292.866976333961 292.713110012076 292.770002078099 292.651087643958
291.817143479733 291.876071160081 291.747449268763 291.767019005122 291.807269188538 291.879114114677 291.870931029376 291.77809581315 291.784849825316 291.761967307634
290.751719191171 290.797417203616 290.557276451933 290.606974650398 290.555377764492 290.703266353309 290.766743100896 290.649300665888 290.581387365982 290.4966097232
289.951385314254 289.929369735278 289.784864854342 289.767433455663 289.548992544682 289.911520034975 289.735385847549 289.673500282435 289.787836010687 289.755021532521
289.846182009058 289.744447014631 289.430655293482 289.762212515107 289.432148778992 289.767518986207 289.929747905872 289.650462005094 289.812316312256 289.557687413241
290.331766024123 289.981321901152 290.013949125187 290.211906666681 290.079157774136 290.447872737437 290.139924522073 290.05089919527 290.268224069835 289.930818781927
291.135434540399 291.211881461339 290.788448202145 291.103408721024 291.014098794259 291.259345223287 290.984816682267 290.872191311858 291.010994854868 290.881237693139
291.87740321821 292.118354923162 291.804632435755 291.949070696469 291.84267007164 292.072691755544 291.94010704589 291.679999933087 292.032171176357 291.769305691563
292.746647195267 292.892796974243 292.584719012625 292.587288880142 292.591164937253 292.731502043636 292.782565049712 292.498325351658 292.721992709008 292.640303572582
293.358740287097 293.562423787806 293.164423269062 293.191218791189 293.237318468471 293.386517472637 293.224146430661 293.219807375001 293.400221751242 293.332298317769
293.610458819585 293.859844955999 293.544476362936 293.629215030945 293.597372894651 293.601343790688 293.543092819268 293.512946104952 293.606845291802 293.648505200624
293.455184080566 293.624010531022 293.414547348853 293.603666132915 293.479809321462 293.478988916286 293.400857881236 293.383723275038 293.451468141021 293.542440032715
292.871240195584 292.932897754416 292.783793351715 292.978267359502 292.740549590806 292.729704517064 292.6430205162 292.683364522265 292.767668159176 292.962534701784
291.960664687345 291.951878630894 291.736463288962 292.098778554216 291.775761292449 291.840394617231 291.66553371322 291.782030428425 291.797309508093 291.92605480888
290.671223542476 290.973878223508 290.665589741982 291.029758386208 290.678253485031 290.67619113469 290.576725556613 290.719094490236 290.453009537951 290.845747576484
290.077828239502 290.155133709101 289.838079286847 290.180803032532 289.956709785942 289.747554082861 289.665915744138 289.826146117885 289.628586084774 289.985844685786
289.758248327659 289.924250307153 289.511548662058 290.081443053889 289.792205764687 289.521193834838 289.555760437193 289.613241426603 289.526026827901 289.776511915191
290.190500054119 290.342064796863 290.116275364234 290.532856764306 290.364863491506 289.955827393337 289.852522493518 290.208199138104 290.08487153973 290.364342233736
290.912542328132 291.062343918683 290.979063910207 291.383854562748 291.210807962788 291.108464923804 290.875043205549 290.915038492572 290.852842074681 291.147875589384
291.960004300755 291.968475708641 291.701943126368 292.309143643228 292.069136936896 291.8799177037 291.647047614392 291.817325258321 291.760760968911 292.016608725801
292.627919782354 292.827264288135 292.457931881251 292.998721058426 292.795564418132 292.58832323343 292.438006126715 292.524071910246 292.615843822472 292.681514600612
293.337816580261 293.348284547892 293.117781316052 293.598429644058 293.322078466543 293.237481545639 293.020249207804 293.146292340755 293.25705426842 293.276125499529
293.712579460255 293.519167047464 293.447733587697 293.850398354648 293.640340549531 293.543384808708 293.412677863293 293.498667762788 293.564096329511 293.478530488086
293.460342068788 293.344967572893 293.317790642924 293.596315090864 293.523628341213 293.393551047402 293.337271267963 293.380080173401 293.431570369823 293.302482980964
292.665321876099 292.612951362535 292.602720247905 292.918092793449 292.800646784961 292.791287537188 292.625736036627 292.597300879639 292.832903406903 292.502132198602
291.644013605645 291.683695015744 291.464237430722 291.84887699122 291.848206080863 291.847200992491 291.732945753953 291.648771965657 291.728565490292 291.465993662003
290.558286176512 290.480008910368 290.37859277741 290.563567879321 290.650817519248 290.716122874465 290.697267508399 290.448900544296 290.561896971569 290.446951860283
289.733311668304 289.628311899876 289.464335365216 289.543313079225 289.716890475183 289.938083686705 289.76745907761 289.68626278592 289.975713654428 289.45207872868
289.519317678428 289.363438501693 289.394648798973 289.583879562596 289.616396402797 289.95724247485 289.485916177658 289.514695976287 289.728180459921 289.402237720614
289.907247677833 289.593858112823 289.808444361348 290.162141758641 290.075062979085 290.411520791868 290.15706991078 290.153564274668 290.297855238322 289.955886505869
290.949674386436 290.69632407906 290.887049489551 290.812077763092 290.932634309847 291.220433903938 290.962950787387 290.851279436956 291.059116619228 290.837066895615
291.822531506656 291.613071735699 291.679451103666 291.870923820918 291.835218488979 292.100371864962 291.873752944717 291.705141104222 291.980100064961 291.731057981366
292.574897480672 292.480214290173 292.507440081393 292.61867109621 292.633923586858 292.800496406591 292.615285185636 292.398949155605 292.785530154032 292.395244889146
293.303421292184 293.143678451195 293.217318830191 293.160993876763 293.10403536022 293.417182120311 293.239216674679 292.986602692208 293.343548826039 293.032563951946
293.563587446761 293.474294638716 293.583633677546 293.520475305669 293.576151745446 293.721508186082 293.516093963752 293.355111377097 293.716412366978 293.427396653091
293.372573120342 293.284959699716 293.462249574734 293.344184603975 293.377809032793 293.630271661757 293.389243866961 293.15296204077 293.568756393944 293.280644366308
292.593975158239 292.643088507887 292.768108741112 292.676771449132 292.666512614474 292.904473243154 292.711321439057 292.399309974131 292.887526999467 292.519768957623
291.751499019253 291.644288189956 291.713735924065 291.666894532935 291.744656060684 291.905138351024 291.784266109886 291.45508179961 291.942079517945 291.489957870591
290.568327474434 290.697745362627 290.643082082967 290.512894582485 290.438134735442 290.798848025296 290.735395096536 290.255544434647 290.869180574539 290.442705016784
289.746985843327 289.931873178958 289.901891684324 289.803123523607 289.755580280386 289.894352731257 289.739238924137 289.470706801477 290.07460712409 289.581448489158
289.532346993398 289.655157250827 289.8057868564 289.634210777741 289.495903284091 289.826580851973 289.437154255849 289.099762894499 289.852358829689 289.533293343076
290.042595155407 290.22121917716 290.282349793941 290.07060532525 289.993475765414 290.078991676114 290.085400245138 289.72521723785 290.410905924504 290.048875075707
290.911751659877 290.987225327963 291.208563795175 291.105366400497 290.981119594713 290.948855028373 291.023136017977 290.698213939849 291.300751754071 291.034157656934
291.779278449667 291.915092725986 292.048686740372 292.013432606818 291.829450445506 291.996101585442 291.847518363748 291.589395123153 292.16161258358 291.891975498239
292.595845357761 292.583771163173 292.72307991611 292.680839006306 292.498116655712 292.721463289909 292.646276016575 292.321159130818 292.946095563373 292.571573832011
293.186018186902 293.197920300532 293.272889992302 293.30064170057 293.267608387078 293.283597311023 293.248389659364 292.987511657222 293.484165116342 293.11803134295
293.659204862101 293.498624582967 293.66875801986 293.748279796894 293.684149105379 293.63803867134 293.587359032612 293.322010398346 293.801610790086 293.483497851776
293.529498709499 293.241602787306 293.570298023729 293.620642411659 293.480844016084 293.443687579644 293.42331695184 293.216651444831 293.546165489394 293.358194237459
292.904571071162 292.622619040791 292.851134298253 292.946272967032 292.922024622369 292.753970606946 292.784199688266 292.557829995839 292.840030243487 292.634299439293
291.949955623686 291.705494168664 291.800704277765 292.035907041483 292.001091314711 291.736688927322 291.691353201729 291.652841890285 291.812793328206 291.654572818636
290.625449301693 290.551158041656 290.674488802581 290.822531899721 290.806042030073 290.620528165926 290.76640966043 290.667987376296 290.701189940231 290.522704851201
290.048749984704 289.474393956218 289.852480754886 290.068816428484 289.851999639971 289.783845106488 289.920494956701 289.717239297863 289.621391246819 289.786886329395
289.892387240126 289.419446520238 289.739319391794 289.930772518818 289.720674226 289.606686489813 289.668143821483 289.715311321506 289.590684609644 289.548287490893
290.29906588892 289.969163188732 289.99945620561 290.312899326149 290.142837052466 290.050679537263 290.21072406752 289.978224916933 290.189097531233 290.034731154182
291.004356466298 290.837955062744 290.881897837588 291.189877183299 290.994876933258 290.889373637592 291.252551089641 290.918508444707 290.959339694326 291.106472959104
292.030846194047 291.6788831649 291.690810643698 292.133601442509 291.871643164806 291.839614166865 291.984263895497 291.869750298765 291.739296464483 291.827647409677
292.905592617846 292.409166532804 292.705997289293 292.832121139464 292.663060859544 292.735563915055 292.581598399629 292.670452734662 292.630618992719 292.630191390329
293.419493951186 293.072769678689 293.324470830883 293.515835444647 293.225049774736 293.261624748765 293.271233494661 293.228428708349 293.327331825957 293.304393430455
293.759186101822 293.502182577163 293.712407863985 293.836291281806 293.645125800898 293.577088875379 293.579023639393 293.614545687634 293.625967313761 293.692158624678
293.494052881773 293.264812709369 293.57058906779 293.641309643672 293.440072973847 293.363521682839 293.506261527304 293.393002528594 293.488349646085 293.520733661354
292.776704327064 292.665053670887 292.905826196739 293.010552382011 292.698420021652 292.689547509814 292.821906732627 292.86233973235 292.734657900204 292.955016054458
291.821372015437 291.613681453221 292.01499066403 292.039298992376 291.776631941613 291.674223959161 291.845300149824 291.760502968754 291.701019396531 291.968413332365
290.614625683815 290.482924707092 290.889367029708 290.726738179212 290.772002069896 290.592712996344 290.676662265504 290.708953594764 290.577506271376 290.891492166267
289.794256030499 289.623698142231 290.090160603874 290.013407620693 289.969598891499 289.598218572917 289.763221889575 289.920330284097 289.637393161107 290.085708791727
289.576255598404 289.418560660877 290.051166534672 289.656279268368 289.853618963193 289.677162047391 289.641466881504 289.626279732315 289.757047639334 289.95466955854
290.01363627331 289.973989349575 290.468420311294 290.036811274292 290.327239240096 290.095379308273 289.993278787841 290.09435229667 290.184039604802 290.409237764398
290.966404650463 290.877084118622 291.385073002187 291.059542832149 291.166557810542 290.910723155319 291.005120994617 290.951561282574 290.832121956601 291.136645571178
291.834470371583 291.748853914622 292.271110476342 291.945926291575 291.895691726928 291.829484339562 291.862580838391 291.977166924414 291.7532258074 291.946939061347
292.606320262792 292.554649820126 292.964446861212 292.778547867896 292.747744461788 292.601705909096 292.606223754373 292.721908051774 292.521120942577 292.710394985979
293.198099898677 293.222096436219 293.452037772695 293.460296363962 293.351749731862 293.271793245806 293.149343918902 293.293664453239 293.215108610467 293.191658079042
293.443730218575 293.501840067687 293.748364603947 293.735394192903 293.696106546278 293.62671126834 293.47282178066 293.706445351444 293.546897288079 293.576653933176
293.348702965539 293.383767829842 293.51567157692 293.513911210085 293.549581465209 293.458182345953 293.343253496626 293.555866787005 293.507093014956 293.435776322963
292.601939756709 292.790181347043 292.85555937597 292.930952386621 292.922933727353 292.733515101403 292.658405616234 292.901240808909 292.834279753375 292.777065954986
291.640422348161 291.860659407091 291.773764617402 291.898445819642 291.868207611393 291.838329960895 291.801175909196 291.957804120999 291.933007783107 291.834792243129
290.439264844903 290.793651653605 290.610796355831 290.865774615915 290.659720513229 290.779626398371 290.623983897774 290.723709277412 290.772823640007 290.808932145235
289.572412423872 289.989725400749 289.777522956643 290.018720247686 289.687680650229 290.030598021906 289.618021554709 289.861412609739 289.894375819781 289.842590114108
289.219868548385 289.863408105666 289.431723861021 289.701934199422 289.664847604961 289.784501657901 289.720033909201 289.706158882181 289.682830638743 289.716190401402
289.746863177334 290.347322934531 290.009426306785 290.296609883121 290.251118702499 290.376021305699 290.069564922642 290.221758858017 290.156474677845 290.089400172097
290.752811674927 291.312165680563 290.970330463327 291.044292564379 290.975119610588 291.195233636295 290.948377785503 291.053108241171 290.982927766334 291.045877073201
291.656558644274 292.159457196287 291.924408773165 292.020233294367 291.842180284569 292.041857374751 291.774184120896 292.091548132457 291.828045934381 291.923392841788
292.377086646894 292.768705766544 292.614036323886 292.835219556858 292.816155210232 292.779312420778 292.5103110112 292.83825078779 292.697536516326 292.614283334224
292.943033091544 293.502234649132 293.27536683978 293.406305210316 293.326827412329 293.37820724714 293.149165936246 293.515095649514 293.348190631853 293.216211444689
293.329712531981 293.67351884572 293.627495581907 293.707622516928 293.651201011612 293.602308103776 293.465305571728 293.784704877994 293.679483738472 293.526051870381
293.138677634403 293.452020517955 293.424484173672 293.55942259989 293.526491273453 293.463453553685 293.381858861705 293.639778393317 293.58193666874 293.448428408225
292.406998007651 292.712077961648 292.765431263122 292.718944914928 292.835894056516 292.769400725109 292.688047771078 292.904949109865 292.843771129127 292.731052894525
291.556130857839 291.739982982856 291.87455714232 291.830065449156 291.897623548119 291.80450097834 291.735633221552 292.024017677779 291.932774181039 291.811905353348
290.335714014109 290.670236808283 290.732968877969 290.676462215979 290.805901981455 290.718513314713 290.667533151782 290.979889601271 290.718945292858 290.506293480463
289.543034084961 289.633359692266 289.815663326576 289.905679850291 289.786465090243 289.893356594921 289.771096004566 290.003305697178 289.673221518073 289.598010313027
289.43827697096 289.360486979604 289.5864864041 289.777930769098 289.707888838231 289.847719754614 289.694848883156 289.655374748252 289.635027511301 289.444522200886
290.0960508623 289.930545352271 290.001577646051 290.171966257489 290.090077601859 289.998763967052 290.19616529098 290.356593115283 290.045705940209 289.954688282988
290.826577020741 290.812465042389 291.102201105607 290.951122285298 290.916981017476 290.939417977603 291.048966796764 291.288407463593 290.823603986643 290.923072346068
291.679441922461 291.665505867519 291.87539261015 291.920089082553 291.789019979318 291.950285692852 291.90012280621 292.166230083176 291.706769510184 291.748360409782
292.449284818931 292.50096854958 292.636845905163 292.724902086017 292.573051444277 292.750046449149 292.699116513862 292.8527362256 292.484804327605 292.603729887567
293.133686655193 293.11791843942 293.264563325914 293.280608831181 293.031956834483 293.339801974776 293.240638845193 293.325572304069 293.245635075594 293.15012968561
293.479508031775 293.469132492932 293.593073061343 293.60141282727 293.457406810964 293.598993254251 293.53058688345 293.691202689747 293.48663612765 293.464910653546
293.339518833018 293.335947638265 293.453571474627 293.423077555324 293.324743075096 293.572178266195 293.494377978207 293.506686660547 293.374664457111 293.403060595988
292.715084644271 292.640596025129 292.784604894932 292.769965468696 292.686952154575 292.748209034949 292.746080383267 292.835641545117 292.70746223173 292.638715089766
291.715968539131 291.676132935357 291.811838694916 291.740131098557 291.675030510073 291.852006621611 291.683499649689 291.880302848789 291.742941179327 291.715831285136
290.477648164952 290.46503320792 290.826534447378 290.715202118853 290.460506415197 290.643424722942 290.519016121951 290.702844373696 290.697313836812 290.719721360898
289.642306336566 289.61746413878 290.000120662371 289.890331307787 289.661282152647 289.763311557192 289.645077234608 289.9188292046 289.673196486275 289.729424703049
289.490388661712 289.662819811254 289.667316392307 289.593533763121 289.477035406876 289.926248002794 289.473062769606 289.521612352766 289.540905468571 289.510619247758
289.999326088414 290.180420875646 290.310169837093 290.152254192999 289.943755259421 290.4103761999 289.734281162894 290.241196609151 289.94036118163 290.043499780956
291.105398615919 290.880100554018 291.220465551263 290.919411084866 291.023144948223 291.388416219202 290.817397375584 291.042812375307 290.777151083755 290.722692017598
291.91599225634 291.751095380632 292.082309909583 291.914386802056 291.818606693556 292.194391884668 291.8361672994 291.939865593631 291.846844471393 291.680248522619
292.566012407795 292.455231189165 292.737379210796 292.671885544133 292.451118837694 292.856694473272 292.53732207599 292.750642904423 292.64967360943 292.482933620469
293.20430477868 293.280869859072 293.375532335403 293.324327670934 293.203575972029 293.450327187294 293.12300635025 293.459125673409 293.251826530177 293.105277302055
293.609926801719 293.539493502032 293.648429165723 293.620803193897 293.615291260454 293.720518482856 293.568901281882 293.706517799531 293.557636039112 293.460211033859
293.502457980135 293.429495359788 293.544058054738 293.50879183406 293.442626434315 293.593018041479 293.529491808987 293.544907345056 293.384800864854 293.300090625258
292.947917803917 292.81123140409 292.842297942017 292.842335779764 292.733494895882 292.834230116869 292.680646330467 292.946958998234 292.748841352059 292.649828482939
291.85347727397 291.869262374567 291.757171369013 291.789678492643 291.850544121465 291.895821109483 291.700813384479 292.057301392313 291.824441693849 291.723353519535
290.682633588617 290.809433145096 290.598930235772 290.690457769312 290.68310184671 290.74571096496 290.670632970082 290.864669032898 290.644002755253 290.478914266503
289.775986292382 289.832381663113 289.89860726148 289.956271179873 289.844564578427 289.775251554942 289.764625004789 289.910267734789 289.791780706466 289.477359022117
289.644928628619 289.880941499115 289.573038294831 289.726136094758 289.668571506236 289.722957469276 289.689617218037 289.898841457169 289.477426995673 289.311796391785
290.425364338207 290.415525499794 290.13186807748 290.267962686582 290.31213162264 290.339829489568 290.24562749831 290.086944305393 290.141665607529 289.903023678579
291.215494928199 291.173006820142 291.017962771103 291.044755000326 291.224379562822 291.113257583292 291.023279691674 291.177763058365 290.899200272379 290.825026606872
292.152494772356 291.966656599955 292.056050744257 291.987556709652 292.142614672347 291.904782976562 291.902208757518 292.116905947582 291.799064745369 291.657336774333
292.812154214069 292.700511449911 292.73612980476 292.757145822054 292.801853677963 292.752362950157 292.645028246573 292.854718096972 292.620482998099 292.441996408958
293.400962731361 293.268952873608 293.383552368858 293.393949886574 293.251502691425 293.265684334373 293.302297622278 293.413779274247 293.23147076307 293.065200327494
293.709241998907 293.608287415139 293.639184511406 293.689087311955 293.555704178514 293.56221214238 293.709257404259 293.717239359484 293.535439109684 293.396210101844
293.628233709387 293.454028937081 293.433238026738 293.570016871251 293.450093712534 293.442452925433 293.598790354807 293.585691375225 293.389083469062 293.292371996071
292.899214703462 292.718230845167 292.734910856781 293.000548427497 292.794046240403 292.73440833964 292.8061397657 292.922258593875 292.638645061887 292.593956027392
291.986712979481 291.876607145495 291.858859568862 292.108385085282 291.794078745582 291.740646303078 291.92437829774 291.986196197765 291.690387145833 291.599180893595
290.75989626399 290.71966190325 290.733370015985 290.959162468456 290.649788013869 290.623962643361 290.831935536928 290.961846049994 290.59583735002 290.502979607153
289.914932963947 289.894253445958 289.962188707404 290.106697194397 289.654675781617 289.566991584054 290.103942526961 290.052719549079 289.585262097465 289.687213399684
289.722286209741 289.712518659414 289.748770043866 290.011684671995 289.534238217831 289.556759816309 289.883844346251 289.763144400004 289.385955276388 289.53200891539
290.311904401545 290.303571148194 290.274183036015 290.362124390494 290.050968262304 290.173921866275 290.248741433591 290.313956513688 289.901591292619 290.051105226718
291.050763346682 290.913753442836 291.140542809396 291.266789434458 290.800656114294 290.827730435699 291.28782198567 291.255130378922 290.960691969576 290.914976692254
292.008428354106 291.995183992782 292.02405428855 292.144403189726 291.72074053309 291.746548164826 292.009842074561 292.054093710564 291.822400108451 291.849673232755
292.758636030311 292.718923088322 292.773130683561 292.800986940666 292.506688108361 292.526686183004 292.793373642225 292.824962181853 292.646850917096 292.548729144714
293.362653423869 293.223176097091 293.31264579666 293.350751109094 293.186405479017 293.134548873775 293.419872908174 293.408658074193 293.228335245836 293.275384714378
293.633466981507 293.508510860234 293.650794250456 293.749428691869 293.491533868579 293.56216332903 293.756900406175 293.798811532564 293.526723145337 293.541850879573
293.519844712605 293.35702668155 293.53890215026 293.532564448641 293.391934531825 293.388545729141 293.513020504032 293.605024860595 293.271798035821 293.242058676668
292.872708021008 292.74821218345 292.832503548519 292.882591557324 292.724806496272 292.618871118004 292.71079257941 292.827766015618 292.657666154895 292.548384890753
291.861077748411 291.81996313626 291.868907488828 291.85992603214 291.717228999998 291.688712757589 291.742843431194 291.689534686984 291.782267668821 291.619927331305
290.751413350045 290.731879054518 290.750052126988 290.690175484342 290.625116931269 290.503061733036 290.57944313709 290.604857913307 290.645306138263 290.505159834136
289.88809483922 289.881392119757 289.770315330993 289.973852571395 289.80513285098 289.665149533095 289.704625375294 289.764703857566 289.831421980985 289.717773297552
