290.017747329005 289.319288323562 289.706196782643 289.571687204342 290.117273854628 289.852430788435 289.254755983473 289.516888672863 289.520417890315 290.240552212835
290.399623544797 289.870657515142 290.278566363826 290.030385396671 290.470761161612 290.249182724887 290.012489130736 289.832661100688 290.171129745431 290.398004228539
290.931225206717 290.787160856631 291.144546611177 290.834086131134 291.263331229668 291.145834226235 290.836341654388 290.680994053214 291.14486775777 291.259229386207
291.87338551671 291.76110977972 292.042976299323 291.753713511254 292.08743504982 292.009214646077 291.568548245994 291.639080798149 291.866318404962 292.173082636792
292.551023285632 292.236730967014 292.499143871648 292.446313910229 292.704200276115 292.669109598882 292.240625234566 292.341430324839 292.414029468575 292.759306892293
293.09011154941 292.786084753863 293.072400080671 292.990655658918 293.135387961513 293.167752372528 292.793939710005 292.860406480767 292.959270186449 293.100117438437
293.36309550777 293.093618271805 293.339659446018 293.366933383152 293.517255131553 293.401834110267 293.114651843197 293.166664696425 293.384744108195 293.435028964914
293.288890701509 293.004132653969 293.313843356775 293.345154443558 293.269393972686 293.266230243238 293.146475636554 293.120264432632 293.317949649979 293.226973300017
292.540959446637 292.365500636846 292.584185908137 292.656485189848 292.604564091987 292.624681776021 292.466801433266 292.452726167717 292.743085526373 292.522306965329
291.587133529419 291.433362487554 291.664750446991 291.87815856567 291.54358607376 291.604348856243 291.596091098955 291.599417346588 291.792661296351 291.509075541631
290.504591398244 290.487123845537 290.7524695403 290.798955332305 290.540580883623 290.60950609978 290.701203071362 290.608376093561 290.811427824056 290.475560814106
289.784092499885 289.698200677727 289.86456544021 289.996790793066 289.623412931411 289.799190007121 289.772437409351 289.834220996755 290.083931578603 289.759187149023
289.388767659712 289.736638366003 289.704935558923 289.753131283937 289.624817271775 289.819988492794 289.685662872423 289.720451173767 289.910030741143 289.538360885355
290.082588887184 290.091207496312 290.368101226787 290.467851319694 290.198153316188 290.216254788357 290.153311180952 290.292880311416 290.449479814971 290.038287455432
290.865222401872 290.939279104108 290.966992143357 291.211668283901 290.980610185387 291.024736628131 290.997606991197 291.012635759366 291.466576933207 290.88636762756
291.730034157332 291.859246643162 292.051360672448 292.004740403133 291.838801389232 291.707869843993 291.845625849732 291.837424007103 292.089373973237 291.770430537628
292.372034623077 292.431499436971 292.533145592691 292.632226649388 292.430053037956 292.4204400475 292.426746681768 292.412279684928 292.611364944693 292.418746805626
292.933146970714 292.829723601711 293.029142001447 293.132232846255 292.818648392933 292.829236843577 292.886764167573 292.790102188096 293.094655134423 292.825840495879
293.291461317636 293.127142300509 293.268407105678 293.382189189546 293.220707009066 293.061918001347 293.166527462578 293.095776331944 293.207776176072 293.143262085612
293.179685103364 292.951407481783 293.18153804015 293.311529699041 293.103820079608 292.976123452402 292.980360150938 292.927217180754 293.063745020342 293.068473211312
292.629319403423 292.419846638112 292.529041949307 292.500741513295 292.45209998414 292.325415106494 292.282403688217 292.172349111336 292.360383397605 292.372314803166
291.612579569588 291.34235893299 291.653362297593 291.524339068112 291.433634813398 291.411110234412 291.284226967857 291.21610719453 291.365909821486 291.422662578759
290.675429090864 290.490148766471 290.627123477551 290.225448285497 290.463313460023 290.343189422785 290.049913826673 290.305376591667 290.161374802793 290.428185672737
289.8737930518 289.642593741879 289.950963166188 289.747237735411 289.77471311858 289.602115761101 289.442864242106 289.296450485111 289.46757931778 289.776037108774
289.919535869339 289.6968873969 289.532300873754 289.238107526249 289.466534561025 289.355875777024 289.178881942715 289.260462793528 289.299722373636 289.803803423153
290.43189806047 289.948937512546 290.165987246399 290.008928743001 289.908665598527 289.964855604359 289.786141269098 289.758419555317 289.868300145611 290.274622223281
291.127970403911 290.962927538639 290.907856740765 290.755136430037 290.834889915531 290.658021551727 290.788723085459 290.599311805312 290.620550441422 291.18266340268
291.99041457034 291.808227922922 291.750074165751 291.67357387011 291.736984072401 291.618841647799 291.424066146335 291.590877187002 291.578799171602 292.008102648509
292.612828135258 292.28237557446 292.437879574389 292.379838643606 292.348818405806 292.147833775478 292.037474582698 292.120535171519 292.244704757814 292.551241879596
292.943457302632 292.747130612957 292.885713154694 292.815456498938 292.914879927312 292.592009485606 292.580078175671 292.530278139092 292.706512046418 293.053667375447
293.212359735781 293.006634271223 293.157618410242 293.005722583879 293.178227018447 293.032015063565 292.946932594944 292.92243396024 293.128841359465 293.355819940266
293.128737655558 292.907294405783 292.994143276112 292.982413318325 293.062414434249 292.961400706303 292.899985285502 292.831750840444 293.035098493483 293.277395114754
292.389489185665 292.314771120754 292.308300050072 292.250425030094 292.361786940026 292.195284330368 292.222509987816 292.214556114831 292.365523817404 292.704138276692
291.515968014547 291.341324849814 291.307826037851 291.403192799302 291.471988771205 291.37438654042 291.321337040734 291.288984914659 291.440724502693 291.774265609462
290.417383060176 290.312252368802 290.294133565173 290.259033952573 290.423956493893 290.157288306912 290.19690712362 290.213548369491 290.475663357898 290.688107604268
289.779147727092 289.896762150629 289.523598998654 289.248238468227 289.718321194074 289.424330860462 289.579921821698 289.623629183563 289.831266192842 290.0048690993
289.484423390843 289.523081529218 289.179158875492 289.426966903497 289.619943211422 289.175225984119 289.472430554025 289.777196282948 289.589989976537 289.741296679027
290.032846917376 290.418022740685 289.948494491885 289.736947206773 289.922747100498 289.785235851512 290.147898556686 290.257718582228 290.101233283769 290.366257817456
290.946496967771 291.143964795925 290.923409692394 290.826919332687 290.698093503263 290.54772779891 290.837116319722 291.027398779322 290.901446936284 291.20738157656
291.735039457109 291.934906806361 291.801166972316 291.633525639126 291.745867462809 291.42288730043 291.691879186391 291.776711839806 291.876994582917 292.006212489377
292.388461805498 292.420077148216 292.367690483738 292.253165893566 292.382548080259 292.044783210085 292.29248244796 292.304583774838 292.497048280179 292.659145493142
292.767935164522 292.874056115967 292.876156164729 292.791336416953 292.840675150628 292.619884848218 292.871350166089 292.898108252569 292.994591159412 293.070315880635
293.043847496364 293.188468077924 293.191451623261 293.187221957221 293.177897710239 293.028226714045 293.224828846293 293.148874445492 293.316060177097 293.447145007462
292.95417648803 293.021955072149 293.14482910644 293.225644512692 293.177365454516 293.018635612637 293.180241889234 293.028473537378 293.186834316914 293.355671051474
292.389271348246 292.420534365824 292.514868547667 292.536231031949 292.454809018124 292.319446652183 292.518148610338 292.384888976332 292.486278420987 292.885869575815
291.447322480403 291.498725097241 291.560002940867 291.535527275624 291.513454303364 291.426845206685 291.622782907146 291.514872383606 291.368645670223 291.784966983482
290.560808903344 290.424987780995 290.444260620196 290.617814289333 290.360369784686 290.459822886107 290.582123502255 290.494738631984 290.370208684534 290.723934645739
289.841795891943 289.726854019906 289.733633678155 289.867533099157 289.86462589149 289.772721225084 289.84734895644 289.777831910832 289.687364518485 290.206037844669
289.655690044673 289.533478793912 289.69974011598 289.722377935656 289.678926431695 289.853928607346 289.829471669898 289.630127036271 289.562894706878 290.026980003125
290.100293853538 290.030542375899 289.914906253494 290.091855091578 290.123465412979 290.145909410763 290.328030598822 290.331646650932 290.215679271614 290.588176056056
290.932187261177 290.767062895959 290.958606278111 290.993188746449 290.975145294318 290.982217539681 291.204773980321 290.994617166077 290.990320977048 291.29748469325
291.789525821803 291.766885669496 291.745421484272 291.74484924043 291.770780612318 291.891735385295 291.917753816773 291.856666694729 291.77997899317 292.073307312069
292.341234897285 292.351360669564 292.388382216108 292.503157871505 292.338731217229 292.489060252115 292.540112911557 292.441505082667 292.479362399255 292.660004949463
292.850705063336 292.863389000361 292.88134913859 292.931964558959 292.894410116857 292.979369905329 292.969189278976 292.951245250283 292.942526790754 293.143514418447
293.277554281438 293.241025920546 293.228252261474 293.252971282218 293.161573040287 293.29300088842 293.22452636275 293.231785157372 293.303314777437 293.466581436829
293.102437693002 293.167057603831 293.284741828911 293.087175611856 293.146287540347 293.247738134344 293.060557371136 293.218596138448 293.282956659768 293.33838331033
292.303243803124 292.482780973053 292.575986026566 292.294328795087 292.5049971594 292.59688755031 292.442576867165 292.497740735954 292.69728544483 292.714031480232
291.400253992506 291.625392310409 291.709897589039 291.34478618043 291.447360342826 291.684524247007 291.635160671899 291.498685093443 291.691119929243 291.757669891327
290.374672268566 290.526742563601 290.693404817675 290.263618338431 290.379530593651 290.524223569249 290.54171204729 290.356881574566 290.706458073483 290.532828184105
289.697673499834 289.808260324087 289.994952033897 289.423066013694 289.679895733316 289.954584493252 289.707534824555 289.763382852435 290.078156747687 289.708028286218
289.593022556591 289.845569887783 289.934598471317 289.460698561255 289.64657563431 290.028703067278 289.704413250104 289.60161206892 289.963717053963 289.636302100261
289.906870785928 290.293539495421 290.17682742162 289.932374792768 289.819236118871 290.223250783859 289.994178744106 290.056829986708 290.44916923995 290.082482928652
290.860740185616 291.065764071676 290.98581267422 290.694934971016 290.941031756149 291.227193467951 290.915941869876 290.805982087804 291.170727883959 290.876092399138
291.700571189214 291.840950472224 291.849385908259 291.516584866355 291.737916031306 291.845996560187 291.7924715331 291.688533727245 292.043787008267 291.793044595026
292.318571101941 292.445740349798 292.603271060519 292.163465809604 292.442908717616 292.69698016899 292.416220047071 292.359526210756 292.566425097799 292.456318825015
292.812406720503 292.913580474191 293.138782345811 292.697970767393 292.958504780079 293.105910151922 292.987537301227 292.915411355676 293.133603222338 292.89015600878
293.184379114479 293.244197581629 293.510733101339 293.081062753705 293.2475265549 293.46233674436 293.319851636584 293.223524105555 293.373637323416 293.197064391776
293.128996947624 293.11963330807 293.420146313938 293.065660606026 293.205080350147 293.378795450331 293.215676389087 293.213421911206 293.351092036972 293.100504315727
292.500120308126 292.405207963948 292.771564611232 292.407179281162 292.596726241422 292.661853539718 292.537790640054 292.492301257928 292.635063733289 292.479829544359
291.564068054693 291.586892571466 291.74627241884 291.428659014892 291.601198906416 291.766080306803 291.665940190722 291.48175888593 291.775110990638 291.483485454075
290.57225837092 290.529972526091 290.671172597736 290.487043839959 290.279645789736 290.787732908819 290.643556301438 290.504879645223 290.629596909468 290.614480655856
289.732779226726 289.802959996211 289.890774505179 289.796607624779 289.770491316933 289.929715451045 289.927553677469 289.764764468037 289.888517303436 289.804572874392
289.886184520489 289.636585639109 290.041630067889 289.757353522128 289.731327417958 289.847463884375 289.677673752863 289.63308945794 289.802851404554 289.775067002457
290.277636200282 290.255472510843 290.149355759593 290.200719749679 290.187740132749 290.207636028776 290.257423348976 290.316515516016 290.305406898205 290.280276599312
291.148289466619 291.002615390734 291.292015474792 290.996815847902 291.168745932861 291.110603273156 291.00717921404 291.09102902605 291.061608409353 290.968572213422
291.98321586714 292.00462527608 292.082000524788 291.725855708328 291.990584777525 291.739252908956 292.008280196094 291.84100052749 291.944139234846 291.68288178479
292.556073032379 292.573277945314 292.522841752887 292.328601017725 292.520292827909 292.462670926357 292.597042710666 292.55991048459 292.602444413437 292.404852150331
293.023130626205 293.027485696969 293.084336333698 292.910698937873 293.01971168941 292.862239555149 293.091023906287 293.067679729921 293.082621507484 293.072028416962
293.301403317287 293.287322867614 293.383329885227 293.280021268578 293.329735295463 293.274391055272 293.408209087402 293.372670351959 293.428579329236 293.374517301854
293.327983605978 293.291987101214 293.194706278947 293.261323479155 293.286868822297 293.214618627653 293.422268552749 293.388435073579 293.40098192614 293.348745414569
292.65528882518 292.625491964252 292.43483018443 292.560291873267 292.537479579239 292.560654415069 292.761716523531 292.711237279473 292.771742191376 292.681086986634
291.789668358087 291.772920464939 291.595625933498 291.567770669719 291.533830949957 291.533509287284 291.663791422351 291.836511964045 291.800755801049 291.722203104055
290.768379393564 290.720764242247 290.621763180966 290.46884222456 290.467455297141 290.622984522027 290.737276049052 290.823152467533 290.772346178368 290.726842249086
290.193647138024 289.799712458643 289.805485083064 289.606770890141 289.720387946215 290.000240190179 289.900685274152 290.230738525639 290.029967796423 290.166512626731
290.210554749011 289.920132433968 289.767012855182 289.513474733941 289.665696845181 289.714078168989 289.568242254422 290.249572538306 289.976037167905 289.875490265827
290.294079064174 290.293981547554 290.16827275971 290.161292462875 290.250161167376 290.311158712888 290.260054702584 290.661994250463 290.480329899907 290.63145401526
291.301748420071 291.171248733408 290.959856253119 291.018666035219 290.958729819995 291.204428507206 291.089162660558 291.294677859765 291.277908739652 291.389446996118
292.231949261694 292.052834925303 291.741149775052 291.683773546404 291.732326443243 291.988299164303 291.887106878055 292.183010473649 292.051449569886 292.129761260077
292.892627789534 292.605505478077 292.417676664498 292.453787787735 292.498212208083 292.525920970012 292.538777420017 292.70779306277 292.673615729931 292.85295357087
293.278094349267 293.13752270259 293.052319139356 292.930557074844 293.001182393512 292.944305255075 293.004257538502 293.19372497248 293.183646743192 293.25272693503
293.485909698728 293.47689357673 293.311448388194 293.257189301661 293.395451686339 293.312654298701 293.312137752863 293.509333732612 293.423433733636 293.565942608487
293.386537221671 293.413501879764 293.182785220527 293.21154286515 293.275458058039 293.246142248606 293.311890207994 293.390865858963 293.373347461491 293.443225972143
292.744216120124 292.818148302133 292.542434660764 292.6180384292 292.636131672263 292.60256499502 292.729190009672 292.712462885389 292.716886838029 292.740934922184
291.683931271718 291.900941014074 291.622601243987 291.613394650331 291.588384417212 291.689947407178 291.726956680332 291.78118857739 291.743131835818 291.728163519981
290.675468458019 290.868124179294 290.639080074707 290.580173159402 290.624177414923 290.532220693255 290.643561175716 290.642861294714 290.561112290012 290.656867510922
289.88541444764 290.070626117024 289.717802187096 289.696516809691 289.825751890292 289.835905730352 289.870936755713 289.865690881213 289.767105085188 289.80222466348
289.68888309008 289.878772535775 289.898182921301 289.641379228759 289.859384005029 289.513097388133 289.903659749721 289.770708649948 289.868821488641 289.83520635473
290.074338980385 290.659831736822 290.320639059377 290.140103299308 290.357778395971 290.035729880794 290.359538243084 290.261815787104 290.360757147717 290.295451525197
291.058309323356 291.346929830824 291.092094117555 290.899310918784 290.978294420196 290.892459480627 291.078408884948 291.098820138842 291.2338020136 291.149388427123
291.784633971819 292.032144883728 291.965573002615 291.89379100971 291.876245280063 291.872197017485 291.978615150616 291.96080408506 291.947354328054 291.904364368105
292.401269672128 292.694573376279 292.600379800791 292.570606394727 292.532920250259 292.529588156405 292.5431438927 292.528465023968 292.559380952297 292.554673169024
293.022585292025 293.120808124097 293.150086517768 293.121661384161 293.035462867971 293.047781804235 293.076709863873 293.037577744541 293.146918247879 293.044052819628
293.288842253339 293.408427618616 293.508867281168 293.367122128973 293.371647346975 293.366886810512 293.323947562581 293.341031199816 293.439539047884 293.4342404465
293.231552380841 293.338954295758 293.391071986012 293.289511479498 293.360075305528 293.238294591328 293.310176108218 293.23887876161 293.325669738028 293.317546228154
292.539174251037 292.584534557276 292.73524795377 292.639717090806 292.798419680433 292.722290423625 292.736116424657 292.51719577937 292.64522362012 292.706280294834
291.646583041506 291.623968639241 291.838915432274 291.763108834079 291.826863758253 291.813242363154 291.744405788595 291.623236343979 291.770803225819 291.686459676339
290.612280150522 290.586634038395 290.860598992037 290.516867094394 290.734128015423 290.914328353918 290.568314117674 290.607217422379 290.701159777088 290.641907509269
289.889911312166 289.992127079621 290.20103372872 289.793373324432 290.112451534098 290.160529299818 289.814430991087 289.590859374704 290.003128850583 289.931277037971
289.844882625459 289.809560656825 289.991859590931 289.783970088381 290.11814612015 289.692271794385 289.678363280284 289.662305691046 289.684825217647 289.893069856534
290.278920885045 290.381580824719 290.303256985568 290.055963313559 290.693800655135 290.324175122872 290.350912974416 290.343864827915 290.250333551846 290.336774371172
290.995668606951 291.1287294182 291.387791851727 290.984509586775 291.315591917577 291.23085013138 291.100683487233 290.949551406979 291.136337768293 291.098971033377
291.74134837701 291.878749032419 292.131662200619 291.917783396282 292.162315337158 292.046929710566 291.911513929012 291.835015424042 291.943876964764 291.958301170661
292.481147294008 292.588342810705 292.672451961279 292.512635754638 292.658620981022 292.584174721896 292.561966220181 292.51558460311 292.476036386075 292.508773854735
292.988227457192 293.083885858174 293.148874723716 292.904581785393 293.151836314838 293.043186798594 293.035728097529 293.053709280156 293.014014806964 293.115747810849
293.31523291986 293.469953947687 293.502656775746 293.365742537969 293.555527361649 293.311659451266 293.353010654781 293.295457635171 293.290291983 293.507963022902
293.345536602659 293.415662253902 293.378523340438 293.226132737145 293.565780921632 293.200561948838 293.347742229916 293.220265151286 293.192590825681 293.342648248961
292.668558653445 292.788017222392 292.653411557422 292.589624164463 292.883656522771 292.561591556112 292.743033780789 292.576064429119 292.483677433114 292.672226067444
291.782538763935 291.922052454352 291.677592462784 291.669621049643 291.796150122066 291.515983469852 291.796165336133 291.702935893742 291.582149271124 291.747357941868
290.613228378694 290.901779688876 290.574880135605 290.699925353325 290.762721466831 290.417722237955 290.933016433726 290.705711170947 290.587188476701 290.535066986147
289.988509715622 290.188992458303 289.73932314997 290.041388959792 289.829071185034 289.609687531871 290.055851061276 289.841796829775 289.660908236592 289.77838954237
289.586956569779 290.143495204184 289.832185022849 289.828749577948 290.107119063064 289.268107990037 289.950420174867 289.726423940759 289.525978072243 289.734121210751
290.418519769166 290.468438349153 290.277190849864 290.622490751565 290.469700565934 290.138110325885 290.64185843585 290.382229879577 290.163124622814 289.886612591094
291.089467543957 291.444009843384 291.15170665525 291.31969557867 291.115328489247 290.704869743502 291.077677283095 291.006460175632 291.026567703218 290.764189349829
292.042814392721 292.302342588985 291.888047630029 292.136385799702 292.127206386546 291.704143974417 292.128876620508 292.012432406591 291.777413821003 291.730947362127
292.658473257197 292.882560760766 292.503057471276 292.682984599351 292.668328289312 292.290000966884 292.683448145089 292.587162385056 292.336765910368 292.363174759021
293.080491596022 293.349926289571 293.082289214008 293.228829230454 293.230479281541 292.907309716448 293.113923366844 293.078732564239 292.826892856599 292.888210702504
293.371919491431 293.583456848349 293.414389302395 293.512086237459 293.501127595973 293.253391213959 293.321035062338 293.374270655334 293.121334390688 293.255962090086
293.184710554592 293.407763655691 293.269589897591 293.536854421666 293.280759889814 293.09389910176 293.273542632351 293.276092863421 293.117105145086 293.100641680952
292.464183065747 292.758095038344 292.427405762081 292.743204112346 292.612126775531 292.373096209835 292.452037696296 292.570669314963 292.480690088561 292.361421896462
291.459051983014 291.753537449003 291.382429913902 291.759408334327 291.409467575587 291.493818442568 291.495443580816 291.446213700812 291.550517114895 291.376693457959
290.27110445855 290.66308672573 290.283900603828 290.71002676259 290.350308207016 290.381440774013 290.294759845845 290.393249147627 290.188882294273 290.344733527862
289.377505153337 289.881588341672 289.676998134634 289.950419944107 289.530597109533 289.662511079258 289.604580982802 289.537701811126 289.570446789156 289.359965090031
289.328803370272 289.827754144031 289.68295794782 289.732468134076 289.248538575925 289.713060761284 289.403983592786 289.573214237652 289.397274330246 289.323019748106
289.951122728847 289.921524828295 289.82424797841 289.96858865054 289.920251523521 289.876184751078 289.849832398747 290.060148487821 289.819978808491 289.771377969211
290.653450977649 290.768296015043 290.77734785227 291.175010384185 290.741551080171 290.866877208982 290.648101022803 290.77948974067 290.845681366676 290.746426994905
291.591137165891 291.693222068913 291.584843984872 291.867513562636 291.553076974599 291.63037237318 291.449144122268 291.502350531127 291.751984410706 291.648877115608
292.144584253015 292.322115966936 292.112110036168 292.497995162559 292.275237269182 292.234421967605 292.028733180661 292.072341957022 292.249211181155 292.073883880239
292.685760513615 292.824497933623 292.701123882733 292.86860658806 292.708027190986 292.761829156399 292.595237730584 292.599995721843 292.811584527009 292.643096973437
293.007270772279 293.092206128372 292.950036024309 293.145258215638 292.980482160445 293.029652407175 293.035880289716 293.015785558927 293.182503405854 293.035141823552
292.969216376826 293.037450368484 292.935567707492 293.050370022873 292.989709486069 292.91450126551 292.977609061849 292.934586714897 293.058880227925 292.963755717571
292.226306796066 292.347515672068 292.354007383818 292.338349686012 292.347351039579 292.30068283125 292.249060523619 292.298919045303 292.369942675197 292.274383713483
291.30986718717 291.452974687911 291.461352596133 291.418913807441 291.506836726908 291.517547056019 291.318534838505 291.455636784436 291.450010317926 291.376765499522
290.190507343908 290.499757487326 290.495283048113 290.413902703563 290.490227416697 290.414621421046 289.99150322607 290.43221085657 290.507657073754 290.400934249969
289.619840928198 289.688678600674 289.918736188996 289.675280780928 289.89909544668 289.713310553265 289.592020831731 289.807135965027 289.699224888701 289.540067199594
289.420626000858 289.583426972133 289.718214225644 289.762903808177 289.800585619397 289.595974960319 289.419059255885 289.499408422467 289.574252476716 289.522015274236
290.063446373652 290.055524182553 290.307108729042 290.245342511098 289.973035333688 290.040469007324 289.660961513279 290.08222363062 289.974178850448 289.889124444231
290.944997770732 290.919956628777 291.051715655728 290.988410629091 291.143489201309 290.835686807519 290.693972061624 291.003084801299 290.92585458298 290.716329091729
291.868940420393 291.684591963079 291.794687784197 291.882236884431 292.009971701807 291.635706587452 291.672120117323 291.888212894565 291.917800718137 291.580515003579
292.458450550189 292.283654857716 292.383397454394 292.525178811363 292.4933533664 292.280262298109 292.260653173922 292.443838564126 292.548253170051 292.271512311972
292.914016045564 293.017091575799 293.034900821094 292.980734755951 292.914488595285 292.670391742701 292.666662851691 292.961874376019 292.949689310233 292.856888959059
293.345703614544 293.192183633465 293.321765839549 293.232483673398 293.235020349653 292.98171496345 293.06817015231 293.263303558663 293.230456254097 293.101718613293
293.105018390261 293.169620693715 293.257800600906 293.141751637203 293.217186308605 292.980378844424 293.087351309635 293.160715486023 293.159605768813 292.978799548491
292.549639731058 292.547686400878 292.653926999945 292.392705820268 292.466750021295 292.36724912493 292.461233371605 292.467736290325 292.37983633215 292.366438754903
291.660128012513 291.608359698852 291.722668195295 291.486327238963 291.522059031756 291.365659947859 291.509941235362 291.522217272475 291.503855352866 291.367618066276
290.505574030412 290.386670578559 290.705205042856 290.356891363963 290.479682898189 290.366068738741 290.520174043266 290.53408335824 290.322629381177 290.364296856141
289.798652184445 289.65892340292 290.088155634584 289.626296801453 289.726327608284 289.678463318793 289.814073795696 289.88233754054 289.653402530953 289.516268275094
289.777099129544 289.509407517677 289.966084560304 289.465241818997 289.532345721973 289.519116016101 289.73074633898 289.770487789842 289.511587805438 289.463415520008
290.438300463638 290.071889370722 290.090285850061 289.901681195896 290.348064461047 289.994036764647 290.22235180383 290.169444321364 289.936526946487 289.908726553561
291.290273130586 291.016561368075 290.994626850337 290.738507117886 290.911665343892 291.002798065944 291.042075457502 290.938752137382 290.673660758977 290.787524216114
292.054682779952 291.826519327176 292.010427373044 291.785217729769 291.807374235214 291.654550554838 291.792043515604 291.886462404342 291.60309047721 291.710397245576
292.645539398706 292.557560269675 292.538464107876 292.279111689421 292.506655249785 292.285223004317 292.437658373856 292.47414364751 292.288365604325 292.356449608186
293.118165723922 293.005899228635 293.082499523747 292.897073523377 292.976808632151 292.878221851517 292.970416319643 292.910973152585 292.803404697459 292.819935928589
293.426137713861 293.299798476872 293.398571027734 293.270192036602 293.389827300142 293.178473885984 293.196148004021 293.270023463499 293.097319199343 293.206352416922
293.496970234808 293.126103880043 293.362598575888 293.147877811924 293.511703059815 293.254146954567 293.093531914613 293.218794042679 293.118097913462 293.112197921192
292.779776945822 292.477016802274 292.705906221899 292.453405338318 292.935123653739 292.687579901515 292.488877143793 292.48431575563 292.42163164089 292.557678522326
291.93833263434 291.482082833691 291.758480172256 291.531993000413 291.981987284547 291.744560079565 291.480865740504 291.581494481546 291.461422650699 291.573616421109
290.977118340715 290.32036194594 290.436701983479 290.342398952442 290.720457197837 290.624279948864 290.261940313937 290.390417680984 290.46872827892 290.527127296115
290.064179125943 289.730207981805 289.859031152377 289.565649714363 290.02180402357 290.050939931802 289.628312063163 289.785332257641 289.868376714772 289.871443657372
290.035419554041 289.639025119585 289.84567528462 289.319560712483 290.109833824324 290.072032177046 289.576295468894 289.679791949698 289.77123044814 289.953499899528
290.416206979275 290.011636250407 290.264065224376 290.036793533522 290.461736327329 290.557875611584 290.144642461705 290.162747229126 290.084861083055 290.299289221063
291.31455926702 290.956893423946 290.910679417932 290.850332674877 291.201564549365 291.201981422461 291.04081333801 290.842604725343 291.008453153675 291.105109210211
292.020876481819 291.870479859803 291.7582928134 291.649557174623 292.119760157849 292.017833123903 291.852835789957 291.633369915376 291.901679633492 292.053339470016
292.798754479644 292.491686266258 292.318244572513 292.364266486694 292.857157750418 292.573014182743 292.354016964127 292.417710771119 292.46598846079 292.708614176818
293.339113353881 293.037691920214 292.877628623384 292.925083857539 293.273130983392 293.085857662102 292.877741304461 292.929998097609 292.960431790168 293.21635767187
293.566227375625 293.399123580524 293.243844230908 293.290343238722 293.523401959579 293.350655575155 293.260032070588 293.284597742255 293.299398058349 293.49323111651
293.460739208543 293.359420977975 293.286497442582 293.192668221506 293.461593900287 293.380604994401 293.277309389879 293.236762340887 293.273714376134 293.494647450178
292.784025885597 292.678910085043 292.668623792588 292.488917697209 292.872059703595 292.704990251854 292.704893052201 292.669773158875 292.515474737226 292.959077249548
291.705389297646 291.663952091541 291.638554473125 291.406221790396 291.804671978144 291.637208963891 291.660439944714 291.876929047897 291.569412603043 292.049141409703
290.617229744969 290.811972849141 290.635613070959 290.396893810381 290.641190694312 290.621711317348 290.635432670905 290.715616826096 290.583227006295 290.843768785761
289.968834071358 290.04452126114 289.72576621178 289.644458592944 289.881659018101 289.987221339689 289.910543345849 290.189339544863 289.775566490668 290.351732646202
289.596249058888 289.948482098682 289.721517552949 289.642769939082 289.583191879566 289.700004345632 289.873129388098 289.709510665323 289.73458857389 290.074796713493
290.068657509088 290.50642068604 290.129558436035 289.880972484241 290.19603688518 290.185803971519 290.361599563458 290.346228150433 290.024379668816 290.71939686202
291.1230456705 291.079643883451 291.036988634588 290.998799457128 290.95381515143 290.830565132513 291.192723575364 291.188602876829 290.990948912628 291.483425554736
291.908125903726 292.074550461722 291.897830809898 291.857374260714 291.929908995138 291.83704652365 291.995429454535 292.085762465195 291.814775190348 292.445563691193
292.459139639726 292.73577001975 292.653603635286 292.555534545219 292.486131696688 292.456125598756 292.654624886825 292.585727530073 292.499155353478 292.883436753594
292.981418384162 293.188118179911 293.153170204741 293.149955057501 293.002706482445 293.040942496765 293.164484220716 293.185340048187 293.037446504229 293.356881851852
293.363646438615 293.482910187337 293.439427752606 293.540065856725 293.419658005683 293.403426624084 293.433150909032 293.486253471704 293.422902701336 293.664293534067
293.225001273647 293.390649843175 293.352185953202 293.443699038602 293.34777452151 293.324334498129 293.452307280796 293.371514586733 293.405710270748 293.429727141951
292.608988864045 292.698179963409 292.670524360521 292.760353137936 292.667487002976 292.721223234717 292.82504451878 292.755351418072 292.736844268515 292.739535976548
291.633476028228 291.682138596876 291.668269352879 291.854269585104 291.817902329046 291.720494013673 291.885306871654 291.853270242696 291.794124363441 291.7071843884
290.640082191016 290.696461117344 290.658737841485 290.971153669399 290.813672485402 290.741045539181 290.89000131248 290.756887908845 290.766203782987 290.731635851557
289.913639522553 289.981109332823 289.922278908105 290.157014271601 290.000989607775 289.848619011718 290.330814708121 289.997988887665 290.005773980519 289.862475882878
289.738653891189 289.93389651894 289.672864640083 290.134397165823 289.978239335221 289.760252795366 290.193497592243 289.864672159814 289.836741105337 289.850764851567
290.277262075799 290.468481691837 290.244634377978 290.346799852331 290.302273647858 290.294239538159 290.58947109182 290.190762058862 290.290204943475 290.470876711088
291.324378286586 291.138801915682 291.137493220933 291.211899372364 291.117227693323 291.022954170825 291.450485793714 291.168898561642 291.290259836278 291.028496787665
291.931785194485 291.93344112648 291.919180585726 292.102283853765 292.162403530031 292.036554821214 292.270289809769 291.997176914467 292.08264015257 291.975357547063
292.584017728375 292.587609308347 292.570067987631 292.665281735261 292.750009448112 292.622387770551 292.833647468926 292.454845299169 292.694327578664 292.586917673583
293.054218141517 293.09873881707 293.053774558197 293.063457316154 293.306732615001 293.088064631657 293.382869286612 292.957562439967 293.239377574864 293.124754772977
293.368103252349 293.397759015556 293.531850491223 293.422627601657 293.568041527902 293.443241546598 293.702467099129 293.249083558322 293.591355355839 293.424625169585
293.37285276159 293.407208387845 293.523225987844 293.458984498472 293.423122794426 293.396821549357 293.663929457855 293.1477821233 293.52964426084 293.212297247004
292.725555042365 292.601460140461 292.781630326235 292.737359839945 292.902079740865 292.621036425483 292.966735418024 292.443388064353 292.767412055452 292.58787814521
291.795001882969 291.649096468533 291.868347310293 291.817806323757 291.871478562065 291.523902820341 291.914017567853 291.533442987815 291.853439099596 291.69517911474
290.6419114189 290.392612768528 290.82208975205 290.664895464131 290.853012552269 290.566261397996 290.838240385479 290.507275066359 290.891541931436 290.589108027273
289.677152469088 289.704174224605 290.078242979845 289.900829985234 290.065771116935 289.970593764412 290.142673322153 289.800622136748 290.106340903742 289.938005005855
289.940040719058 289.824893534298 290.111782588999 289.924539184353 289.684482445651 289.765646388344 290.026471009135 289.641093386183 289.923396313846 289.67909442348
290.569359466711 290.352776308816 290.257461723387 290.492873417836 290.505972592847 290.226314803639 290.379534894703 290.127414495363 290.532753206898 290.246207754758
291.285766592533 291.135029698125 291.351118150981 291.091357083891 291.460353459331 290.98146949273 291.225690959566 290.851381879497 291.325341422934 291.149906346879
292.053867978018 292.033039775343 292.193506004246 292.10360009037 292.049048283698 292.071719215585 292.162898321026 291.787152554083 292.208312079552 291.985836029555
292.621157674268 292.671162515052 292.659935323137 292.765401709643 292.690247058804 292.650709833338 292.686976440596 292.418882815134 292.747859610456 292.638257516739
293.145977807044 293.292740870608 293.215036467287 293.292812941539 293.217103299378 293.12907804587 293.189439536278 293.007752341615 293.204731546487 293.053645145869
293.454128068623 293.639901974158 293.529509730532 293.572095292152 293.536708838434 293.569357322882 293.551139462248 293.348344977191 293.504441908403 293.38694527551
293.421271802918 293.490216506433 293.576380632847 293.590453049104 293.595537290821 293.387906138557 293.57465899013 293.210221203992 293.461682161088 293.46010951899
292.789811411823 292.887013028281 292.963999854522 292.967811652187 292.901078829433 292.697435024107 292.918332254929 292.643563924497 292.704399708161 292.762188066308
291.733985897249 291.893005919239 291.802004811035 292.041986559462 291.945403860443 291.759074479015 291.964916461316 291.620867424234 291.866811983928 291.749459678915
290.682503720859 290.911683499838 290.711518338711 290.723174640735 291.031683242303 290.635273494311 290.944606640626 290.611350828018 290.885309015215 290.677844775756
289.903845552933 290.171697122313 290.022393210067 289.863272037272 290.296853290683 290.041137250214 290.168995331626 290.071777153717 290.080912564827 289.960372412708
289.790840302216 290.028612897738 290.070028169545 289.977472072664 290.144047754859 290.016610426142 289.998489361816 289.845907104042 289.902465408189 289.96920645604
290.287358610638 290.656560782437 290.542748201175 290.377419879017 290.654756735951 290.41615847979 290.703400203566 290.129166634208 290.224963372336 290.366952996974
291.188434096868 291.264844177819 291.322704727539 291.216726243605 291.472166839679 290.998462451894 291.479723042063 291.067860118929 291.273213097497 291.223653971035
292.056959642494 292.283957280006 292.230272710886 292.125599788451 292.215504188213 292.05207801336 292.304364991618 292.138311782118 292.003167932582 291.985705795383
292.67845470985 292.804728932862 292.892462939665 292.821830342057 292.89794178633 292.769106495814 292.895096832257 292.591111519206 292.689602985589 292.688718459772
293.180542067473 293.365919469678 293.297125611922 293.295948679167 293.35527175549 293.283693009906 293.442737264104 293.058786800382 293.209875832461 293.282466268163
293.532620541709 293.737746687671 293.780677484721 293.651761904024 293.69829855026 293.419972481016 293.81130812762 293.386208172688 293.562698633495 293.661754706029
293.403783256066 293.77719568502 293.772326771713 293.604129204363 293.67418334703 293.362349170898 293.765267643127 293.322489600456 293.521179361988 293.644539800461
292.789907713555 293.057196249656 293.076512731054 292.983235704951 292.866576276689 292.755002046704 293.174426086838 292.671115738361 292.878287775658 292.887599473165
291.843788963992 292.067476443978 292.053798587201 291.945590312555 291.96500052743 291.875020641987 292.140282244646 291.683294051952 291.779317257502 291.856660687775
290.909863282449 291.100860124238 291.121621135299 291.051233650823 290.743642442232 290.561102839128 291.066739165997 290.814430544024 290.811549493574 290.854475516405
290.123360545254 290.459414089137 290.327911421563 290.251167507417 290.192681325344 289.848704453075 290.53149808868 290.055896023717 289.901422918509 290.060542748012
289.836635772662 290.350096815757 290.236961614708 290.13596419433 290.006977019142 289.832898280698 290.309918755124 290.057261413799 289.817626406737 289.932611105934
290.238735865317 290.916861525882 290.645585908395 290.7148749124 290.391704613498 290.48871101081 290.790903025242 290.422818977555 290.384022798589 290.458801413297
291.212064457235 291.518655200968 291.701419667952 291.56379074131 291.161198207429 291.175818306598 291.65816875315 291.352718103747 291.217614734034 291.385617701207
292.068898176093 292.30830898963 292.407143782172 292.307266952223 292.115262867383 292.024816296926 292.431007336565 292.175909180919 292.069752253794 292.035703489951
292.836092519458 292.827096050783 292.929103783243 292.820527881676 292.634696066181 292.694402583693 293.009151629362 292.820644342754 292.611585257695 292.645900333893
293.260647581344 293.470730059734 293.50087165842 293.408901625884 293.215003418228 293.118945161799 293.537025550245 293.369848157517 293.191077230381 293.140093435218
293.614679795586 293.719661543118 293.973716574641 293.728471931723 293.460765553932 293.466697675921 293.760434826031 293.738462259933 293.587706713204 293.564490428497
293.596531576901 293.757410615185 293.807736820891 293.698331986955 293.396064741861 293.48285059081 293.666497876394 293.669835097592 293.617569593239 293.512280049017
292.895897195044 293.004599043871 293.091387979218 292.984787154181 292.856045524726 292.844386982372 292.975378322883 293.065882335003 292.816883620323 292.771266039826
291.923620078681 292.054577617946 292.316671076994 292.022121813523 291.944573463699 292.014513905639 291.91460335891 292.041122837211 291.843381271758 291.784853317696
291.02226648101 290.809946434641 291.148534516545 290.954997822916 290.771942913615 290.839471615706 290.684551100162 291.155381414253 290.833977135037 290.735585785159
290.178649115134 290.411420831778 290.393937812771 290.17109906951 290.016530640896 290.144096931901 289.963205497311 290.411731972949 290.105829703032 289.914663792744
289.922585126366 289.964499009819 290.217163388036 290.187598158261 290.078654673556 290.20227075499 290.007963546995 290.149575169377 289.990069418113 289.879252087752
290.497600669159 290.551026311519 290.668721310991 290.662986621468 290.603635084523 290.580957024715 290.260863876919 290.668724841027 290.327218911881 290.530473715816
291.45559830079 291.294747747643 291.467231310506 291.512251472672 291.323217935241 291.43770108448 291.324979162789 291.64843237274 291.319342068776 291.314446732167
292.346230438452 292.102466782001 292.269975936232 292.431217931266 292.147262752711 292.233721417141 292.144862752111 292.4412815939 292.238701695791 292.149957392031
292.855356576178 292.781255906306 292.889803600271 292.955926313231 292.817881286599 292.834737462533 292.767174655387 293.028943323242 292.70659830212 292.721310607981
293.404618067409 293.311885840292 293.350721428539 293.526192429021 293.364348506101 293.326073782842 293.24289833943 293.524121609767 293.245956470192 293.274200449946
293.757289927482 293.691749446155 293.690958328838 293.903847351275 293.745372219862 293.571563314481 293.621834144923 293.847664430315 293.624336644623 293.699208316988
293.853102381425 293.674624830014 293.639388395285 293.824930132637 293.708633759043 293.531862768441 293.555332355235 293.861583527146 293.683703066704 293.662008955216
293.097797617436 292.984693521641 292.94889421989 293.169074918889 293.097482508232 292.820327078024 292.950499376219 293.129159265843 293.055862880994 293.064183865294
292.190706143009 292.030008568691 291.749217410071 292.108306969396 292.105360257059 291.846303372205 291.847861291728 292.107553843209 292.109619706097 292.019995493519
291.068988964439 291.049813961795 290.812364395405 291.116404116531 290.865609035236 290.731267739643 290.769094244469 290.958853642844 290.975955292551 290.879676997248
290.418466687709 290.269703959446 290.000917295227 290.301389051259 290.166725466131 289.99376923818 290.208035895215 290.090547192429 290.288396840231 290.110796732093
290.388319426848 290.128955209881 289.704176315936 290.196124914433 290.341165044773 289.812003850387 289.812632137406 290.020259120474 290.271432654141 290.105606918034
290.706529056407 290.605767801171 290.424673474652 290.76141538767 290.66538719601 290.383312300396 290.496366146986 290.595782197262 290.728647801299 290.540451666112
291.531349419092 291.442746580425 291.147441725349 291.626366747551 291.2952893274 290.938391741549 291.168425946033 291.297570328409 291.659947425736 291.512209042129
292.296621858592 292.328196567063 292.056745215034 292.479697091549 292.312602683648 291.95442994918 292.012699036678 292.318395792833 292.415392477834 292.325411856731
292.947737657151 292.812605264981 292.594999220224 293.057501477498 292.960113579832 292.729089444954 292.672352796401 292.850272424056 292.975947262129 292.89868057171
293.453720121923 293.401870129652 293.189069201449 293.60016204385 293.386202260485 293.197619917719 293.256944959749 293.299954856206 293.491035852748 293.50669170713
293.812556574386 293.708702583599 293.546465487922 293.910483363449 293.784258430482 293.606931346752 293.567368919742 293.627894859105 293.80761860156 293.947356774062
293.781680424528 293.62195537165 293.556896349105 293.851844101801 293.661183682806 293.644689034053 293.560009272142 293.523592899199 293.724108956488 293.866617607078
293.042755458682 292.934366452526 293.031691437114 293.068918110307 292.856595490136 292.998714947364 292.852952691301 292.889897655212 292.970485089566 293.249345418865
292.093733587225 291.937326240497 292.001399743956 292.06067904874 291.894965288986 292.143608968804 291.977546563432 291.9460953338 292.001619725153 292.256349305831
291.07651243839 290.996370857395 290.986743211183 291.024201338349 290.881606397492 291.107111523827 290.899578840622 290.976156003083 290.890973451256 291.199952297387
290.457354251784 290.175762094412 290.267880865044 290.306932930482 290.092190021268 290.336028774984 290.246328448902 290.094589892965 290.144386322495 290.423467708349
290.318651109136 290.089523835768 290.303902109499 289.996265963962 289.954390562933 290.437931969778 290.105064101813 290.090390858025 290.023454783771 290.490670475921
290.746381535423 290.430385237277 290.589685634488 290.637444606502 290.503889617431 290.853990141351 290.544706406583 290.429093674095 290.380315991591 290.883533927675
291.585925483076 291.434610037157 291.328086693792 291.322724879663 291.382867528016 291.708382605488 291.403186782419 291.453525116833 291.286433008102 291.585308649099
292.430819116102 292.304537974911 292.231858505395 292.175809991439 292.217572219259 292.504754174559 292.215237429996 292.265286194876 292.192499578896 292.489916557341
293.065397823717 292.856445680406 292.832927709508 292.824487651954 292.903566291408 293.113441154823 292.906837677613 292.809324413356 292.664796779936 293.127788146697
293.490445448013 293.457553105513 293.275456062943 293.265101420555 293.349495867951 293.559847482517 293.477295391997 293.375378191622 293.291458317764 293.636550602122
293.834283507119 293.768822308909 293.740960655906 293.746141861336 293.798904926905 293.884354646904 293.877266220485 293.728505424067 293.652641117551 293.964229558925
293.814390818564 293.726729034885 293.729227857953 293.69378744863 293.771618165538 293.890061274234 293.913635192512 293.652873399673 293.51404224535 293.874114132795
293.018056726498 293.073340676717 293.078168933416 293.045537170208 293.199077213011 293.264433069536 293.303299146886 292.988906190664 293.053825265923 293.161101092961
292.165782775867 291.989089400186 292.050162209336 292.246715720131 292.210781997972 292.280530034841 292.322740159525 292.098865597336 292.082722539476 292.223734778892
291.13461830246 291.05792156306 291.059482902108 291.214314699666 291.29111843221 291.289764670399 291.266542921375 290.9564763364 291.046823245213 291.157549934669
290.180549571276 290.288024917071 290.250366884728 290.356109656362 290.443844098115 290.55196375834 290.514337706891 290.27026139075 290.322768996542 290.556007946474
290.264939636026 290.328012518053 290.046276415131 290.385417922379 290.386820622994 290.550797235927 290.468694340656 290.089261804418 290.334119500577 290.529158961201
290.650042347805 290.769334847095 290.556372041506 290.801413106239 290.794946582085 290.928483393661 290.829559511829 290.4932547692 290.614505895607 290.484033113562
291.396633216317 291.369304607284 291.482529472685 291.630876380365 291.7328064962 291.642645415667 291.696130616549 291.365032092752 291.537588172278 291.560469823119
292.270632242775 292.360830093311 292.349014038226 292.446385143612 292.547830896277 292.357479322468 292.577140818622 292.035464728824 292.37907068266 292.320003403843
292.787625382775 292.997368550074 292.878105599433 292.991218156633 293.115694754907 293.065015815612 293.218440810151 292.845472964105 293.021877441403 292.974761386235
293.36268488837 293.459516848316 293.34903174787 293.543577154832 293.527065155943 293.563252742984 293.669881340879 293.230745637404 293.477413546715 293.534789363315
293.669883481017 293.792394425079 293.708793536297 293.817542837675 293.925673065393 293.75786117079 294.040543690065 293.547621750085 293.804464645821 293.851948254794
293.703331833747 293.809061345353 293.62045253504 293.743465603656 293.849097603534 293.742642171607 293.991927434049 293.54107413316 293.706964725142 293.850951982632
292.992310076615 293.252019001177 292.933568092029 293.080305628619 293.130324213796 293.021357747841 293.315088149292 292.858769939994 293.03395613173 293.066485622158
292.13938626994 292.156910112298 292.020825586679 292.080286350094 292.163789342274 292.235454303697 292.344722120112 291.930842233214 292.021224542534 292.175768935596
291.041678749387 291.12874171728 290.997572603857 291.057006342445 291.119520713348 291.105244818116 291.340847866948 290.861007135903 290.940689284392 291.134184422709
290.539003383052 290.440466105958 290.181300036866 290.274892863895 290.410635224086 290.426493209437 290.583139284952 290.2223824534 290.028039117557 290.368152667048
290.388174676308 290.469891988015 290.026160962844 290.221353175051 290.395615193657 290.453589170194 290.398779142089 290.015684928263 290.003741978834 290.14116842441
290.780444330014 290.820699669845 290.516394891096 290.835953899601 290.736600603788 290.71687206812 290.774992777508 290.384669989461 290.515980368583 290.696280139978
291.575979944661 291.374874750736 291.335301845463 291.510526622676 291.417852735762 291.703307856631 291.686883916373 291.324269731956 291.487753647484 291.578530421264
292.498583731063 292.302620938949 292.124061283683 292.410891256323 292.253453026372 292.431972859008 292.585497501677 292.321964229945 292.186777806521 292.559048749941
293.116207411034 293.047614996136 292.882893889626 293.031527248642 292.906874568446 293.09436399412 293.137415476791 292.895665409387 292.770754232691 293.028668397846
293.601252394014 293.525144824996 293.417475922129 293.623931409907 293.48537283101 293.384008801717 293.696295748781 293.435544607482 293.335026182713 293.514763883428
293.918608461171 293.866250494694 293.800522555063 293.904949784638 293.78594492614 293.826555829978 293.930919032693 293.757426491429 293.670192272048 293.89859462071
293.796876511105 293.81595626184 293.740617637828 293.89447298281 293.759009993163 293.727502249384 293.827175985808 293.674786087453 293.622034040439 293.832000666658
293.165603666495 293.254153858525 293.106532161213 293.232893128042 293.051211841989 293.080189588749 293.085281068838 293.192611515603 292.907091906001 293.239196037808
292.216781175331 292.254116692159 292.086195416967 292.358529279833 292.114750711945 292.141427707856 292.099638205038 292.031698567146 291.811486772072 292.141643922194
291.128510056843 291.250191967758 291.025669403773 291.318636275832 291.113886501903 291.043001422583 291.010950249363 290.89590329631 290.87724405329 291.294577956111
290.41002796446 290.46606944636 290.325657835592 290.663858473669 290.235770873491 290.332623250831 290.240491024128 290.330052202784 290.129001300845 290.460831755487
