298.783558315512 298.722394200788 298.788416049547 298.802340857451 298.728089780182 298.725928681527 298.806788694183 298.774093426577 298.729976129709 298.808826104479
299.214555123999 299.127307536499 299.177430650266 299.069557302996 299.07902699124 299.024401450671 299.163146222351 299.194939675389 299.001445172013 299.214207452493
299.726631512148 299.830722724025 299.763470420611 299.803754419647 299.700376253701 299.719061736087 299.573812379404 299.720998972082 299.795505942059 299.693379514563
300.057683576025 299.974351431646 300.161826713431 300.133351034856 299.993172076127 299.995801475317 299.902498407875 300.038409737429 300.116588731313 300.101471549305
299.896508687137 299.929608873867 299.943316911638 299.936909979228 299.987792483419 299.839132384457 299.607268739469 299.858261311932 299.98639618865 299.938834941976
299.567151320576 299.604261222587 299.669031831542 299.607882939932 299.718152089405 299.524789495282 299.204968631355 299.588711760783 299.735958280422 299.530377425276
299.314680850528 299.370026821347 299.431191215139 299.42547765225 299.523870194175 299.196437960477 299.024223170501 299.337741417039 299.455842438262 299.354076456054
299.436785300892 299.462961676634 299.470881019163 299.509129102172 299.707556896834 299.349216537885 299.15989861722 299.476468018528 299.706866904051 299.349906736733
299.735207190898 299.805158234339 299.786575228128 299.832126616201 300.050526266075 299.667617389971 299.463020074386 299.787959484325 300.025662119705 299.729786378271
299.990461005294 299.952510636469 299.867080690173 300.031457995022 300.267802070007 299.765113404423 299.671349342514 299.825342906109 300.204250998422 299.871605303933
299.908112811907 299.854170124196 299.696743373557 299.829087204981 300.325051980949 299.541881153703 299.370324517933 299.664645666854 300.013448802714 299.565278573334
299.514859946574 299.542619622061 299.38705656531 299.470789565953 300.023936409908 299.084186679137 298.928144066411 299.310683286883 299.614573104123 299.196843705632
299.463028411811 299.501885739347 299.285101656983 299.400974297445 299.996835557058 298.973733073019 298.884474456464 299.162352281737 299.510976188266 299.214241530807
299.708768474158 299.889180136856 299.641921272897 299.661770671854 300.374186136121 299.277114434518 299.138019274799 299.597083078951 299.814126936711 299.395601651508
300.172756953409 300.300540407342 300.147666686067 300.082945158324 300.691690158564 299.802704851625 299.667104537938 300.036799066669 300.328693350082 299.966869580594
300.441491745071 300.715870662995 300.356501129902 300.380742640184 300.807205292321 299.951893304816 299.897414306292 300.297753286942 300.710201932652 300.223866632562
300.247393378156 300.61922132701 300.177571751495 300.122990166078 300.526706349452 299.907474111736 299.762317136253 300.102682495668 300.515569503784 300.114886849261
299.761499749081 300.271564364323 299.698323499779 299.729730717299 300.023856710663 299.461254393592 299.445003082947 299.679146703582 300.079376325987 299.739492027433
299.407265611078 299.909799538074 299.566839394679 299.374829123421 299.559298992749 299.206174035409 299.271512611202 299.460959986651 299.721247764675 299.466370733818
299.520542834877 299.976628754309 299.557328621529 299.388271008158 299.492655200142 299.386976472217 299.511077008951 299.629761389488 299.703092090751 299.532382692127
299.740877065715 300.155741953418 299.671702959714 299.625236711261 299.682377014464 299.611928048907 299.776274823986 299.911491293989 299.94814732147 299.865204271872
299.70009129515 300.115745132969 299.739188761635 299.633353432476 299.56862587557 299.629872033223 299.872755709144 300.001813136436 299.982799226039 299.909926499253
299.283707079619 299.909060634299 299.61353692491 299.314418577847 299.340677258281 299.346666885447 299.472406505583 299.747555576417 299.732934816252 299.594210806253
298.952867244339 299.438604400867 299.261963113917 298.904153754841 298.72631564665 298.932166208068 299.054948589147 299.257779021984 299.267117861934 299.275313309759
298.54377441416 299.13946559299 299.045428504888 298.73438113351 298.600308163851 298.781006629009 298.912424058335 299.028614043997 299.075045413195 299.272290351742
298.93794309856 299.324652362 299.171743881319 298.906159253228 298.907340360463 298.907646572013 299.15169893893 299.218709054286 299.256230272263 299.488508816816
299.361118581122 299.688981421082 299.656883851075 299.545546416434 299.439891511683 299.379102573088 299.636350144285 299.746789458524 299.787560437953 299.973125770788
299.570314838269 299.970968132729 299.884608219762 299.813403233953 299.6753236365 299.594855512527 299.828582209258 299.983837868106 300.13777368169 300.174989827396
299.425541740697 299.713299823274 299.645587611591 299.574172191697 299.495744690954 299.354534776853 299.555254830549 299.799364575945 299.924097934988 299.877653609949
299.058889740085 299.299025168095 299.141796224202 299.208468844844 299.049838229326 298.88364903638 299.146961973718 299.415016016082 299.488796198111 299.435241813298
298.849241127707 299.113245267234 298.88482092643 298.943149764937 298.884946639715 298.607246210387 298.932969148379 299.19114808904 299.257582601108 299.009194160521
299.024995703003 299.216940059292 299.01654903306 299.143366333441 299.077632359571 298.692493556613 298.988625453069 299.142623057875 299.418814337826 299.007964654941
299.213711874598 299.504223260427 299.35928786822 299.424936757838 299.290288350291 298.958797429638 299.269936201199 299.41224693214 299.656465396255 299.19200455227
299.392938266076 299.652211364324 299.454460747963 299.467957505465 299.391426962393 299.04831704283 299.248807185156 299.418072836302 299.638257377075 299.256815836524
299.243506798862 299.249113335605 299.276168973437 299.191389130453 299.079967656761 298.807620047806 298.966792523603 299.138552733769 299.448973591587 298.958728924599
298.953975154633 298.696483503681 298.780473838977 298.835163254851 298.639945318766 298.323469355091 298.533896858196 298.674688363274 299.069716618201 298.492406718764
298.772410953446 298.437270260291 298.685354254032 298.687012218226 298.421789028386 298.16056971952 298.406386744583 298.398346976046 298.855500267836 298.248219817756
299.076145093049 298.638471821876 299.010843674976 298.980970853156 298.773916262902 298.488695302199 298.681282336217 298.59832751696 299.0205863855 298.512347799418
299.524358640976 299.040350178949 299.508854982756 299.483699553912 299.248530840952 298.935308952936 299.073329131092 299.187759789271 299.422773279598 298.976765095828
299.79049679 299.30495059637 299.832007168117 299.747794834794 299.492721149384 299.131922336002 299.260469679925 299.362806965933 299.654463803114 299.328401645469
299.645589567664 299.047858729193 299.788285985332 299.655958672481 299.248538496673 299.039128293264 299.152495675219 299.213619086266 299.329631498304 299.207751736928
299.287325026311 298.576462463339 299.462132637033 299.24123337497 298.836483305501 298.718228387911 298.683752106413 298.860288281109 298.91285384757 298.806954919425
299.070476682942 298.381725419137 299.28265991631 299.072021980943 298.666799736192 298.626176026766 298.469644267225 298.734836790765 298.71170146573 298.735968931997
299.163459667029 298.598967767971 299.312891153965 299.209956717657 298.920342234764 298.743910003276 298.591590664213 298.883443398085 298.76162664699 298.879365995212
299.401355417414 298.922463885914 299.67965953696 299.574058835506 299.246029160629 299.073028955843 298.999422902686 299.311226539042 299.044273823162 299.208902531931
299.465789683935 299.061112226018 299.831155742672 299.681859946909 299.375671489509 299.256777200963 299.225456605244 299.545595449739 299.281718721202 299.351931890606
299.263097247787 298.908506529484 299.675732413744 299.521535847913 299.177422037632 299.144687134646 299.012786517118 299.226031135975 299.054012789409 299.331778258938
298.75967413477 298.428838437075 299.415542478565 299.005816466691 298.86101972047 298.712399139395 298.687262625887 298.973377702462 298.764264061318 298.921878315101
298.489728230022 298.331949019401 299.123412205366 298.851240991672 298.613250438361 298.599823331218 298.596832330334 298.888757797974 298.780166530204 298.832238124105
298.719876074188 298.589538251504 299.320878850774 299.106772711008 298.998875606912 298.939734698363 298.902771147131 299.179098414751 298.97103796298 299.287604868467
299.22906275863 299.110829464725 299.817710128745 299.607591970857 299.460395771632 299.438348594726 299.498142649045 299.532607726839 299.50298981706 299.689671698476
299.422876956553 299.385464111877 300.135323637948 299.882810214771 299.662227552319 299.70076692092 299.722926807479 299.813685864738 299.838010896641 299.982834962744
299.222217324679 299.210089835662 299.881170753347 299.703589949138 299.554106273331 299.697686182533 299.588487038087 299.703498756397 299.602677330331 299.890825809955
298.839777932734 298.820955412172 299.563125610644 299.174322204081 299.176551963174 299.273074816576 299.226635791633 299.391194318246 299.21531821583 299.40797564402
298.679168253053 298.565370086026 299.298499725141 298.961166355786 298.933073599873 299.034817824733 299.089415362078 299.108945966774 299.101884213924 299.159935896334
298.747534416008 298.669777909744 299.357457463485 299.035853633212 299.113014525117 299.319650039386 299.260090569088 299.215580728011 299.249081584656 299.255235687748
299.018944607875 299.075724562846 299.598096416413 299.195878197135 299.495298996448 299.655715682436 299.449521481233 299.59483100276 299.590421192399 299.472382684082
299.249506720351 299.245620770129 299.572635622212 299.347319019956 299.519011742531 299.847653354578 299.626197285894 299.73965191415 299.604505195129 299.510803717634
298.970037830918 298.978976542757 299.47753628988 299.150132989642 299.30876175019 299.610649206112 299.365726935588 299.592015298935 299.442392797429 299.305575995602
298.586108696113 298.52439139623 299.199238017147 298.700751212709 298.902736217571 299.35719779948 298.924416415287 299.246593194841 299.01244786812 299.031797522582
298.442290728025 298.344993231451 299.050905820495 298.559143495459 298.737811054972 299.107185441008 298.704624529462 299.088972151786 298.928318782479 298.690790026923
298.679275444288 298.650263715451 299.353215869247 298.965799639227 298.964108447825 299.174804315477 298.924748241293 299.457945955688 299.167557708978 298.969954453749
299.236090528181 299.139705228882 300.100864262249 299.547579299141 299.370736735942 299.848533767577 299.424055435553 299.917330635263 299.568335005043 299.45953140283
299.54246189929 299.293149557083 300.393631010047 299.749463026298 299.667330042402 300.031424972617 299.646881542627 300.270417165747 299.861349308077 299.721564365203
299.325677486685 299.145435099929 300.252598777934 299.636583568054 299.491009036769 299.703426994527 299.56709570101 300.104626497716 299.708155207876 299.622377563749
299.017311590604 298.722015038171 299.894021990522 299.392193783335 299.191597708545 299.301665736237 299.26677714773 299.772878908524 299.266402058985 299.241674882204
298.767431316109 298.497157931307 299.518645283655 299.090805560057 299.084199892747 299.010255698925 299.105125458671 299.456085082049 298.980808898583 298.968095490945
298.981322367447 298.67234852049 299.476597636914 299.322708378272 299.309313978014 299.142309176578 299.202067876296 299.501211543267 299.182471552135 299.130504017129
299.307089189909 299.055466265482 299.721665998164 299.620724873315 299.638263108085 299.424164214685 299.562848011249 299.67340882579 299.491508356643 299.531072299193
299.459290014019 299.144168402911 299.854420619569 299.854285574835 299.836136394579 299.538152544134 299.698336733038 299.79166620427 299.715186691341 299.678133539596
299.362308338281 298.880613648216 299.652145912391 299.64047495353 299.75307708165 299.302158932116 299.679359188493 299.69221341628 299.495356108143 299.593401968351
298.923427139113 298.489337242324 299.268223094586 299.311266776033 299.606180307047 298.935592020673 299.265930117701 299.300164694289 299.068522663869 299.290123806561
298.867538202218 298.51578307809 299.160676112223 299.126509234403 299.596553249249 298.776728759183 299.257060121621 299.212687487993 299.057793957248 299.283311066766
299.238127916682 298.816603104779 299.398280751329 299.384367353341 299.985258889796 299.068524899709 299.677626833405 299.467066740204 299.305690822153 299.59467331003
299.678349910511 299.318176308613 299.753086159951 299.771609834748 300.383133503736 299.63655824454 300.223970405252 299.841475066736 299.749655991843 300.068097014084
299.759356328815 299.658178937847 299.905156157589 299.963467155452 300.558039532929 299.91358038129 300.606571693085 300.118192897471 300.094336313253 300.327807606775
299.641496123687 299.487803361602 299.81080104204 299.847363137119 300.350255482152 299.69453792617 300.486953770065 299.823017447004 300.08218079289 300.199063780102
299.177069461366 299.150749943146 299.300868383605 299.460798869093 299.813566486042 299.305677910535 300.131010448703 299.435300599266 299.721096373868 299.802913424935
298.886178418758 298.947495581409 299.022382403108 299.124668709546 299.391401137782 298.983222174439 299.757353370918 299.087937229487 299.652579632934 299.49842391808
299.013267441526 299.214661072236 299.029916408793 299.23449021039 299.29904658258 299.100064360077 299.764161086707 299.181448542168 299.831969111846 299.535201719485
299.274349271617 299.614362351656 299.246996243654 299.467537560601 299.528669017855 299.412930717172 300.086633545596 299.466034878459 300.176121742789 299.660220200157
299.487913465473 299.824383124475 299.299108657843 299.618956943299 299.524684546182 299.507181096279 300.246567867935 299.491967049544 300.418212904902 299.820626688579
299.325005209965 299.660766271754 299.052274346612 299.31948596664 299.283927003239 299.342241226941 300.133744616422 299.30284180376 300.265419455394 299.513753568142
299.009612865416 299.323294279672 298.679865967813 298.916282214008 298.893296559554 298.914775754297 299.819443258924 298.99992411133 300.028927998037 299.050379057414
298.816712135598 299.225537998818 298.611358373681 298.735468729113 298.688216823437 298.899935106296 299.825976151048 298.803720576946 299.948867992047 298.98788524015
298.96850351797 299.471894807388 299.009749191858 298.962974549956 298.908091749032 299.216188332559 299.927302182792 299.004220233396 300.254618902609 299.364801989299
299.439116775274 299.789586690104 299.617971029511 299.482007079222 299.490661750694 299.754927317365 300.241667981809 299.62213257143 300.84453156017 299.830618142901
299.771165767475 300.033505332533 299.92401536953 299.833588233934 299.730696622419 300.114212934984 300.389958401146 299.803364834661 300.910962658532 300.155076153266
299.489128230414 299.931566464176 299.867689878316 299.830799724741 299.666771571721 299.962768634874 300.093508413205 299.640317192813 300.723325263081 300.107710894509
299.137451830818 299.383536024778 299.470334764975 299.571505826934 299.327836414402 299.655123894049 299.603905513671 299.32285440786 300.159510890504 299.738180199928
298.860255504398 299.031473106724 299.333674203874 299.402822849909 299.112833582582 299.494776566644 299.047200530061 299.141883914836 299.622383484703 299.57087302937
299.093382228736 299.079362001424 299.416336961027 299.616250133163 299.292866327383 299.60981563137 299.140111549445 299.281382333434 299.52431040628 299.725567809372
299.446127471078 299.380519847949 299.758584150551 299.914831988235 299.665512885394 299.868592872224 299.284190517554 299.61419928086 299.741768751416 299.901157693352
299.57887822158 299.346351749057 299.958719492622 300.161073376187 299.912941156217 300.027920951156 299.337628812771 299.833376724739 299.730792058377 300.016518927597
299.356123850615 299.116807174644 299.79392484005 300.066799569166 299.873654431657 299.883871970078 298.965858577468 299.584490826078 299.390511978068 299.98967631605
298.940033242697 298.732248989198 299.418478416634 299.714956646885 299.451702842752 299.661301070105 298.512332226819 299.202613961343 299.079253459727 299.694044056079
298.909577764141 298.64579720589 299.362345253366 299.578761239832 299.480977698468 299.678054900396 298.323362093691 299.1813476629 298.767398450023 299.652119722644
299.199037050608 298.901937681803 299.761077993794 299.86660332885 299.7948360881 300.185360334754 298.528018391662 299.487571461717 299.002891949523 299.937184123407
299.636358668604 299.407731844327 300.298044725904 300.463645700018 300.08242638524 300.569946247255 299.063224978367 299.968836776085 299.493622523348 300.349623009158
300.042913903105 299.650205568706 300.544398988906 300.784415089854 300.356028725328 300.857327740486 299.293453931283 300.256331025458 299.778859013624 300.65173471934
299.919109853029 299.555024624125 300.485260469416 300.543231940342 300.087616326364 300.766471233955 299.106573069904 300.120571380534 299.67113611169 300.641383897504
299.559630370767 299.18314735783 300.077322998497 299.980020549615 299.634241990242 300.305291105608 298.695461232836 299.725645485998 299.260515175458 300.272637511727
299.359912919893 299.036796859217 299.635421742843 299.633332681356 299.166370578435 299.821851708311 298.59499877119 299.415117963484 299.044806247334 299.763508825895
299.389924738188 299.180635428885 299.587657805543 299.606211995804 299.196579236524 299.770734731054 298.780170702216 299.511339695066 299.162518873868 299.746261334395
299.648922412434 299.49411275934 299.833647028929 299.908234525103 299.354589497521 299.831847548152 299.193433424255 299.646832033741 299.453950465848 300.039087891685
299.81714356509 299.752273302198 299.952906382088 299.975623091005 299.488011244652 299.759589907302 299.43389778149 299.789211410366 299.513524883236 300.173522484722
299.645051943695 299.548134361223 299.737744906268 299.72812110745 299.14811187592 299.548459613137 299.264567753348 299.702108537372 299.277775499159 300.013973258004
299.222941925094 299.346484491553 299.28364934646 299.363236261368 298.81698372004 299.191270244969 298.95824620284 299.436854298697 298.934190324069 299.609200257218
299.124159768227 299.281714731388 299.113384145812 299.248844750401 298.669301725948 299.008048248949 298.892350984115 299.525342219811 298.759978779216 299.551779791876
299.354905791484 299.60066283117 299.354669699405 299.473121960688 299.008325662664 299.220799920289 299.213997294143 299.596650062035 299.020932252137 299.74924247286
299.803566970868 300.010624743522 299.853482232226 299.979782229082 299.43884174845 299.699136243986 299.733569391602 300.101995546165 299.56848809288 300.237775859756
300.059446935289 300.234480689678 300.086460772083 300.143379003093 299.737450711527 299.965252177952 299.934489982442 300.427770946758 299.790829896361 300.487345912226
299.848417236983 300.000977384914 299.919129498994 300.003129693896 299.684432780168 299.848655461709 299.884497319965 300.318197024512 299.593031494521 300.253616780668
299.540475183615 299.483960952608 299.513824330731 299.562476153133 299.363454898079 299.40688422536 299.583914997086 299.874175998285 299.078272900942 299.739143738187
299.417053403241 299.230001044413 299.175676739579 299.338502570707 299.05599625946 299.152575708419 299.284278334614 299.513469190722 298.836321646959 299.458435750078
299.526710235826 299.309765231707 299.284325888437 299.317205397459 299.237921435813 299.391942227491 299.350651968721 299.461855630524 298.891010795512 299.501088420552
299.868863896353 299.525605083589 299.635457078022 299.553313624572 299.599731429391 299.763982703033 299.553172616524 299.730058992368 299.127420596808 299.658553485213
300.100901165435 299.658547323402 299.647666139564 299.611171245318 299.791195508514 299.863305926223 299.651179215504 299.876226173527 299.293116648988 299.717755888741
300.007961359026 299.434901042831 299.423872809233 299.337669737746 299.672468579281 299.673359606623 299.50273574969 299.716355434423 299.071939298576 299.377990555734
299.765879292292 299.067590048406 299.072530204551 298.89696076412 299.494427398829 299.326911989864 299.134221614204 299.277307095627 298.6760328138 298.956717643082
299.797003594842 298.994762447843 298.949488734497 298.724115684634 299.44578829154 299.151889271705 298.967066830028 299.062608984017 298.507928170958 298.733585201107
299.955417740451 299.209488148849 299.278088998969 299.178949866918 299.954320131914 299.469786062357 299.322640942063 299.267974434825 298.842658503103 298.996774800867
300.443856024553 299.743375574212 299.793458510294 299.497618483803 300.362467445137 299.971573215347 299.815864976583 299.757003281091 299.4006227724 299.414425540489
300.913614876693 299.964025427199 300.135950307279 299.82343754269 300.59766162076 300.136689211751 300.166180365844 299.934511329322 299.694688696287 299.50688724621
300.680193164423 299.819971235278 300.011236889586 299.666484280766 300.496897674465 300.063361130103 299.839704354984 299.727829250339 299.551167930758 299.340059519116
300.309817512985 299.488754497145 299.705143293199 299.324094452127 300.019501937554 299.635584704009 299.431343079715 299.224595684716 299.196149179033 298.938953944031
300.008197732121 299.14745043199 299.352048885539 299.150326656522 299.650252655768 299.298598931784 299.197719328253 298.954396863343 298.939014497622 298.704835818871
299.957151626555 299.225755454219 299.34477877876 299.199574691883 299.522538444551 299.320399400476 299.264929990503 298.996273589033 299.113184827233 298.950410991649
300.134884644727 299.512810575848 299.605921034068 299.628731963194 299.694853267533 299.523388246004 299.65074184842 299.147991078971 299.466688375147 299.250579274772
300.216151542489 299.685750892359 299.612197831598 299.604983465688 299.737035787107 299.601622329119 299.735073353189 299.252823397556 299.607467376772 299.378653477658
299.885014853785 299.415939182845 299.364531391183 299.497786141181 299.503102948037 299.320122935923 299.49625435203 299.033403040892 299.453935654294 299.235097849138
299.585187649386 299.107252547402 298.981494948526 299.278625695304 299.028318332818 298.958146709736 299.005268299507 298.574225336837 299.065067861147 298.89417660512
299.473214460962 299.150416735687 298.89444038151 299.267041451008 298.873031511575 298.825542789552 298.843423695253 298.630221509068 299.026527089424 298.657735052972
299.751121997674 299.400268302448 299.076972570828 299.621633299833 299.280561907298 299.106300153954 299.144314061957 298.965796473878 299.288013917671 299.014565363812
300.073940755376 299.889782706537 299.546003439345 300.11360632158 299.676488094389 299.637673795891 299.640840234438 299.49425639103 299.866268053218 299.3897338657
300.363670462832 300.097629967654 299.838294257234 300.415285769567 299.933481985758 300.020686929364 299.770851388134 299.757641822465 300.1299391142 299.725856386436
300.145899085016 300.040767458809 299.688629121514 300.206306912349 299.84695327984 299.865758629186 299.618385385956 299.599198434341 300.022439088049 299.588841935312
299.702053534482 299.527935521824 299.310213281522 299.741782304257 299.388116159577 299.483975023947 299.114365312954 299.196645839722 299.485390526295 299.091412277826
299.297764563593 299.188200338136 299.052439699988 299.371624278605 298.937713943683 299.230715728565 298.926595724047 298.910781693337 299.201901014085 298.821360375469
299.200731845032 299.392595046319 299.174136246805 299.236875699555 298.986302713902 299.173357057138 299.067878307952 299.130273458759 299.138380295587 298.999821900973
299.501000464471 299.633163282926 299.568116520828 299.528173304719 299.181994664005 299.439900100656 299.421071430434 299.499619248791 299.331814151441 299.242058886786
299.571468745787 299.749706754968 299.702548508442 299.617275210228 299.311919310586 299.608486155059 299.62652144303 299.740471003817 299.322664008397 299.490660167221
299.29031182921 299.442052352937 299.627938850652 299.432466782091 299.197415198441 299.433027926671 299.42606595367 299.519115859087 299.113863350826 299.355419079281
298.975018965339 299.171780590952 299.282323797187 299.090725473242 298.878395162927 299.223983688501 299.041861945808 299.269428682755 298.830204448336 299.04007850702
298.849314740763 299.048943298913 299.181431065036 299.111890047389 298.630572692846 299.132538407187 298.871131686902 299.330230739927 298.635422872143 298.923255597801
299.191542248001 299.405981491191 299.487732577911 299.445503052984 298.726690271554 299.427368324487 299.184101961846 299.548925841916 298.968383869646 299.26435968023
299.610184420206 299.9120579557 299.99694713422 299.923597825826 299.380626450979 299.9358888608 299.672973025217 300.116252628172 299.50757490723 299.876963451702
299.948775333069 300.223770254714 300.260585372864 300.206271965675 299.560733781747 300.084115047565 300.047001627154 300.437863214012 299.756611823339 300.104688546251
299.757813968018 300.094888433761 300.109934846761 299.971593012181 299.386151100735 299.793958222604 299.841555367977 300.249338498602 299.66452699908 299.942890028934
299.523752168748 299.631619388605 299.653903963933 299.58192494739 298.923932821691 299.34601660434 299.372888604516 299.728486949354 299.299026895005 299.596509946891
299.260979653845 299.232451581783 299.348642376729 299.232957830672 298.748856820919 298.973294859659 299.18188913206 299.359067962967 299.089861100648 299.381615138968
299.376354175232 299.288972427577 299.294570850381 299.245190804697 298.950718053928 299.143627390642 299.363387023907 299.260101664172 299.299405432648 299.536470301875
299.635213855115 299.472959960988 299.517841116475 299.48179285956 299.076882055101 299.309648552942 299.52830998235 299.43670361078 299.561439100579 299.784518089106
299.74200370975 299.502746086733 299.623272126176 299.644893096684 299.199043244016 299.441965821701 299.652689534895 299.52328511964 299.764599830186 299.977169850078
299.623220254686 299.33883763991 299.322438392017 299.371871292819 299.016101949793 299.28760786733 299.515642786801 299.271241506507 299.651545466362 299.834746689533
299.281495348799 298.929869044527 299.067160340355 299.142869780676 298.589021763606 298.865924161522 299.151723732327 298.995603385493 299.264167267488 299.721441441994
299.201592612334 298.803198629722 298.945058781436 298.985495795889 298.460647467057 298.631874850083 299.018111310637 298.883153641691 299.365249705787 299.617092572199
299.495900069757 299.104418201158 299.120406382086 299.236076725749 298.777141565247 298.841564928082 299.249301147378 299.142076491125 299.660782644204 299.973944797656
299.904779731375 299.633446497313 299.577965378906 299.706669332468 299.2963058508 299.341234993251 299.659035117335 299.554016590818 300.116510555091 300.537279759374
300.306404742999 299.903291131316 299.847553973916 299.962822743004 299.440579203413 299.615807223078 299.912088724711 299.812557931919 300.370932353415 300.852184456488
300.194703430603 299.772142606925 299.687968509216 299.795185455597 299.365279794514 299.541397796361 299.781153517104 299.68596432695 300.258178438444 300.721224823643
299.741711834992 299.376931294458 299.199720991654 299.465653975133 299.006707376563 299.216875525862 299.383751824953 299.260793018211 299.753645311096 300.297850480738
299.422882552261 299.062508726275 298.995335818173 299.168734518789 298.796088949962 299.024990681457 299.068410411121 298.892581504692 299.382447526405 299.906405676529
299.549104397812 299.173929223972 299.129594021409 299.373599176226 299.089230537317 299.195296106826 299.184940724495 299.059117766766 299.366812545785 299.886978254798
299.664483728608 299.481322073493 299.49074406426 299.63449178562 299.404476847191 299.644103249417 299.427896323512 299.463125053212 299.480292017623 300.177474685094
299.837114425061 299.595128875007 299.654099928634 299.821075183772 299.474453827108 299.788523321144 299.578380333729 299.660062390591 299.536814328374 300.273161374793
299.491475364288 299.397389701236 299.44855857176 299.727292889167 299.457671298349 299.668877305696 299.383770043514 299.501962398983 299.485905581706 300.080159466784
299.161979247156 298.997829356109 299.125200147586 299.442475997764 299.112890878593 299.451975465318 299.052661167464 299.198342283687 299.023104590368 299.681697761429
299.00863266339 298.8461716566 299.106710706233 299.25908395007 298.926898224498 299.48068970442 299.073069138807 299.104589924172 298.963578038493 299.462430447817
299.330740813335 299.093366411049 299.362993874625 299.59683582182 299.286302868651 299.816113636008 299.455124650988 299.30356384595 299.218666353259 299.650851582846
299.74028421826 299.681169896229 299.66122815106 300.026460839995 299.808430507257 300.408954166283 299.913786821721 299.939578310724 299.760332613861 299.943032582063
300.009550658116 299.890622739442 299.987939561274 300.395523125238 300.148552360964 300.813353252401 300.246874309696 300.332424416663 300.044592796792 300.130144299303
299.818044428574 299.744543157467 299.694460289759 300.281747396475 299.997105726864 300.592568562057 300.035253704771 300.214155974687 299.896898799146 299.855337681137
299.465283938434 299.330931393068 299.256499528311 299.913803310079 299.652970169458 300.137464625949 299.6222315931 299.763400584178 299.418721626794 299.389581429566
299.350368371319 299.123012164093 298.863186449381 299.618481102011 299.322984843047 299.644832267839 299.367783389719 299.433697879752 299.082621857347 298.979505063645
299.509481178414 299.22909117792 298.993833453617 299.650525448101 299.411630999059 299.490414399931 299.525148397235 299.44266710117 299.238899794962 298.978474364558
299.679135720338 299.636056189557 299.185720972722 299.911733966733 299.749120974248 299.748389940577 299.835533885978 299.874062735088 299.469984729 299.234853811972
299.853597145213 299.822262845849 299.280739074754 300.010139336602 299.941872958722 299.752424100495 300.061498324255 299.892188937609 299.529031327993 299.410887645878
299.728208634518 299.638958869799 299.106687701744 299.708799349596 299.780746527969 299.584248802291 300.05279690943 299.751967678666 299.115263747934 299.18638335952
299.468788863532 299.319212667223 298.803201057413 299.349895438506 299.473347951434 299.224978624373 299.780762391378 299.554226577921 298.730192975976 298.693862769083
299.450427141173 299.279335494744 298.724853045792 299.244815714803 299.405007170841 299.13640280798 299.697728503951 299.435594013152 298.621059050682 298.631139423919
299.705647403629 299.488844125495 298.89171802516 299.582055046301 299.604184379132 299.425687218736 299.879293294728 299.845487173868 298.852304719622 299.005862209799
300.164670581296 299.826120700593 299.456613040633 300.135244184187 300.15291312521 299.981129186603 300.161103213576 300.105867290999 299.349855517341 299.50030730996
300.324673017522 300.107226060648 299.774555095803 300.406483108608 300.491312585682 300.360910716047 300.348808948592 300.292422901412 299.729024106513 299.783912703578
300.108312615818 299.885379515471 299.586057739634 300.124349351827 300.323910790217 300.236295518246 300.037893068134 300.053536792194 299.63917814191 299.660280624928
299.629955716399 299.34333992128 299.290606708171 299.698759859096 299.725953932416 299.899903713149 299.643209191963 299.461671285786 299.303605434259 299.286934660669
299.336190837692 298.955564958813 299.233905892816 299.346869804373 299.236616279668 299.580474781162 299.222299976138 299.017443035411 299.154128189314 299.039091962409
299.556883708527 299.140078183116 299.437292969599 299.34719477883 299.294700362552 299.599120061215 299.286810874294 299.033544040726 299.287655405598 299.107639931069
299.748096289828 299.383837316519 299.790835143099 299.526514829437 299.412232998451 299.727103553869 299.501727553684 299.240161631716 299.686416176365 299.495264869413
299.954017461746 299.44080281826 299.911527311443 299.533444873412 299.447702166116 299.784271119927 299.439379516193 299.315458005367 299.841742102307 299.674365076948
299.734415764155 299.13081158021 299.774527415105 299.284861502214 299.189988524597 299.672179837473 299.264973157833 299.056483273877 299.742683268827 299.433423836907
299.347847091324 298.86176594282 299.457083053161 298.922278656593 298.898045590401 299.311781202706 298.81808253944 298.619013542753 299.307611428886 299.178873658385
299.307255539153 298.755702165078 299.456854519242 298.761617201342 298.683527731169 299.245642479404 298.707866499312 298.536438498094 299.279461258907 299.108774237257
299.570196881883 298.932447726775 299.600247135581 299.017274590364 298.762907660332 299.533303036162 299.046221026474 298.743913980646 299.595165088963 299.429369791011
300.08109688352 299.472030087346 300.144855905877 299.424754986046 299.330661733664 299.932040521438 299.569198400357 299.290853642447 300.04457853752 299.949518969989
300.165090675595 299.82143769092 300.412395144502 299.668535795628 299.579905837075 300.177366053079 299.697597637334 299.570878301315 300.398432733916 300.20269373463
300.008487217796 299.673738085458 300.16327634792 299.397268283657 299.471386206743 299.965830683749 299.522195985227 299.46095365862 300.241718593422 300.062766359465
299.492834415644 299.357885249195 299.744854912361 298.980900993038 299.028031317166 299.679959160504 299.152554031016 299.18716970775 299.776775007545 299.731084126503
299.193039218072 299.061407387989 299.437568646036 298.789015740335 298.800383443437 299.384420526096 298.904802564255 299.017113140113 299.428706329391 299.427911863176
299.302766556644 299.268507278485 299.508265639527 298.875753508114 298.869007413343 299.342851025619 299.095614300052 299.256183892045 299.415771857781 299.503059209635
299.488842740646 299.7135213337 299.732044355366 299.156503920811 299.204655954926 299.533935479579 299.428998198155 299.611807638798 299.683576221185 299.772853393116
299.578471451695 299.948132623991 299.809255758645 299.325653569164 299.334975454593 299.640047250699 299.571642378557 299.853737749985 299.753171659296 299.888829306114
299.34888795546 299.910494303037 299.626495316867 299.193206042111 299.114246625919 299.352173819519 299.381127320164 299.634325758692 299.615027094169 299.668489446585
299.018144156938 299.700403068341 299.290620324933 298.738525742564 298.835769289793 298.951383856242 298.995148327213 299.339385129169 299.225431833707 299.284928379659
298.816464494856 299.694421818496 299.202478252094 298.663883003516 298.835263528313 298.858389179218 298.845935133793 299.350614492981 299.04502547927 299.11806633193
299.147635518637 299.993027362363 299.40079761202 298.917339417593 298.895073668583 299.00144035154 299.110575366482 299.776160961255 299.308867139665 299.501595839773
299.614179772625 300.634297993845 299.821392099139 299.451012276693 299.51178805733 299.431415892963 299.670640327726 300.26791270079 299.705501489668 300.0431793945
299.882574062455 300.974064254063 300.257891440518 299.685717722266 299.844243454729 299.747821248415 299.929370250929 300.515254143251 299.989439935948 300.316559286566
299.772182170618 300.765701511638 300.140406285924 299.586659505079 299.723602030103 299.560088103763 299.920224856037 300.27743128687 299.763931969974 300.091801656887
299.300761573429 300.250669804967 299.825748171301 299.277813778922 299.326777692652 299.181532373664 299.593483109783 299.769633463448 299.34800554445 299.776922152989
299.079595601847 300.048657770941 299.606247419555 299.05267781431 299.162308917498 298.920593033705 299.31435650326 299.436015446056 299.07522126341 299.506654649473
299.220393461334 300.029960207599 299.682071575305 299.200168650918 299.357140795235 298.968957048067 299.461528360441 299.435434686977 299.192081927708 299.525980951412
299.551034853102 300.386088494414 299.969005285503 299.611796904135 299.726440273014 299.268423236909 299.808770634487 299.679510052071 299.450113217574 299.799558000149
299.540791183761 300.426456338071 300.025376298501 299.631616800052 299.748514406038 299.406315287209 300.017421225631 299.862517830726 299.564621283491 299.991318350033
299.405409004134 300.287346115872 299.871152596699 299.378706202844 299.626564449102 299.285982176228 299.827921688262 299.678883167143 299.372597506677 299.827643547945
298.97306284627 300.113409074549 299.592066714084 299.099979384584 299.332214997758 298.998680121026 299.416474450653 299.324587813538 299.023464249703 299.47241615665
298.932020010757 300.065135534917 299.668673493976 299.06795429979 299.333881917155 298.812755833032 299.302463384226 299.285083764578 298.923230171762 299.479957329858
299.294272619354 300.24047606604 300.079060005356 299.440132305395 299.762120342839 299.210984407658 299.652135526816 299.607437059347 299.267215488625 299.670876467836
299.835363793373 300.754761031817 300.582072644959 299.762609450509 300.215439157714 299.658739436641 300.178809527387 300.000606995595 299.778514511103 300.0218540031
300.189056910842 300.982371251575 300.793238984236 300.154306903767 300.483866242503 299.911666498963 300.497339181766 300.186968816627 300.169221223775 300.222981961282
300.030200473627 300.764272548582 300.594312593282 300.025620085167 300.332555057927 299.813085392545 300.350840082143 300.003873028961 299.970370550642 300.217401703413
299.717976258592 300.34447885026 300.075460807805 299.702797255511 299.937336509384 299.416869327869 299.902366499537 299.403697420746 299.819783466469 299.784363301083
299.526000834471 299.817883854646 299.824908326082 299.608494873217 299.599708164199 299.203006302665 299.559088321678 298.987465313428 299.507528919299 299.350705654946
299.572371334199 299.682211487424 299.795763059141 299.755044724466 299.635116551497 299.356380756983 299.624643676213 299.037926138538 299.614523117422 299.488065810592
299.864132133496 299.843782634661 300.007019172048 300.105670277506 299.964178594175 299.810876047299 299.914844571505 299.273683155344 299.838511909275 299.715868649245
299.958110758599 299.84952557166 300.182902188437 300.292482273411 300.105923634154 299.877364011049 300.148324175788 299.366170008771 300.052722061293 299.78659043581
299.804522174218 299.601290155036 299.948648208056 300.165941820413 300.112538069723 299.750484003592 299.831649009574 299.129947736793 299.968384818579 299.529932471816
299.498197042505 299.355441396663 299.44781002642 299.894526176097 299.915426188319 299.566826050685 299.647437190209 298.751056685057 299.624500650532 299.146744691811
299.437693315135 299.088712547289 299.359700026791 299.851927338048 299.81691709582 299.532230697957 299.512486616926 298.624512913068 299.594639627383 299.023589043079
299.745254760792 299.343071482371 299.652632744309 300.217894442204 300.208401276895 299.690398464195 299.893090118493 298.836644069721 299.813491371244 299.290831929832
300.089240827559 299.863663317645 300.198120904772 300.66891007444 300.732216116331 300.269659106012 300.437405006978 299.398484651767 300.167747126163 299.73464392147
300.363967073472 299.99633837818 300.631658400028 300.945567671169 300.871955958939 300.528611045615 300.707914313651 299.642535697925 300.4024833053 299.966441579195
300.103981987332 299.905704999833 300.451069310932 300.67124480356 300.760836992689 300.357468778015 300.509633313973 299.410198575062 300.204748098699 299.775222849829
299.730062467052 299.550485968975 299.889480965907 300.221141284103 300.4852588881 299.87357793866 300.118739492702 299.043756326425 299.718155836993 299.439948687286
299.340959277414 299.333378568957 299.347728482329 299.723839077142 300.068591887798 299.560531936674 299.770092351483 298.78745557772 299.344590839683 299.359462639164
299.308609527608 299.519306301032 299.344705992349 299.739142168275 299.936061921924 299.615210940948 299.760308549792 298.970699589868 299.410042569214 299.535952929816
299.571110485978 299.877153767298 299.456033001594 299.900065479347 300.236730804947 299.896074391474 300.006787350771 299.348001782632 299.541907097982 299.789725032172
299.719431997893 299.941971542164 299.564272747565 299.952165925202 300.384354865366 299.92902541071 300.195392125027 299.593831697213 299.603391879442 299.965267879262
299.445077743405 299.756054716697 299.231499877277 299.716896046894 300.163259135141 299.790597573103 299.956833094539 299.439925802686 299.371117626152 299.810575383015
299.044825465742 299.521724230075 298.855621832251 299.244116986424 299.809469003662 299.359279357589 299.776331270245 299.163463297585 298.951599607156 299.611897059521
298.832753592514 299.524890543778 298.687360898803 299.050683375197 299.687326398266 299.166847254297 299.623366837446 299.054411511029 298.806140854778 299.457497104404
299.122468576054 299.710117157853 298.937252579539 299.305435750882 300.003406641085 299.40538328962 299.769514252233 299.380946422725 299.107121154806 299.734999507423
299.612138378448 300.189907041019 299.45430723688 299.841630729265 300.394621613571 299.939711881705 300.13117905465 299.817167138256 299.52258876035 300.094365576313
299.8511188149 300.510229018308 299.717844282019 300.086401195794 300.604317982548 300.251100585986 300.38611494176 300.154748925741 299.785696414023 300.412110637277
299.682907782215 300.37357070666 299.576265372283 299.940257603836 300.386384675085 300.163752720506 300.100958481307 300.013172001525 299.628312511256 300.191539648523
299.365716955621 300.031984016575 299.191466298946 299.508349894035 299.909571022521 299.8395847626 299.555008310437 299.606930647258 299.244915379792 299.864881545483
299.234681051047 299.825311308916 299.047927267095 299.235147897346 299.565957729166 299.646049622026 299.205089691466 299.372237405396 299.135071118197 299.684375740052
299.411390033284 299.934875397912 299.155698620692 299.383750933906 299.569357365978 299.890286883997 299.163786469115 299.54982554791 299.266240849481 299.732911209958
299.831528929682 300.195194904093 299.569375192984 299.811568078776 299.831446033319 300.128775567585 299.363630351446 299.936098481605 299.597601733159 299.929548503867
300.11989494392 300.173222147552 299.685402635973 300.050133894398 299.886150623465 300.289534200196 299.29253387044 300.156613153749 299.729128635976 300.056054457512
299.927567896534 300.030699318104 299.50692649819 299.833101929803 299.570301178934 300.18009187935 299.109749968263 299.949932702168 299.546832322258 299.800871246943
299.586556535271 299.636564434519 299.198250305517 299.576651358194 299.17343326655 299.741027398081 298.76618856634 299.683703286617 299.349518348348 299.498206862871
299.561857151582 299.563784345073 299.132003899844 299.476337273563 298.987648033605 299.62833061356 298.720390568381 299.682755330923 299.228610598746 299.385809008168
299.80507965219 299.825095908511 299.363307577135 299.776497987106 299.256993354526 299.935345234885 298.950440223183 299.929058972769 299.61459411594 299.582584762638
300.291891275904 300.223671328463 299.769689701324 300.005342983026 299.73751471524 300.236365717499 299.451276521337 300.360661900449 300.090179176208 300.176122482913
300.715595608754 300.601290006307 300.085755432255 300.27002706822 300.0911147572 300.566671880562 299.750619509867 300.687964383053 300.335404811384 300.331319377322
300.464436706963 300.455894078203 299.95618020818 300.029370005074 299.988724269397 300.363435286702 299.607133930234 300.577313498552 300.223556061287 300.203121511397
300.077425229645 300.165602695534 299.488272383663 299.651002726578 299.645303389668 299.890240914215 299.242138122682 300.09892520949 299.842293412573 299.878265439722
299.838858105951 299.898135329692 299.240493755572 299.367785451267 299.40967801026 299.476882741989 299.145448741253 299.68736742917 299.674380151716 299.624250166126
299.866315112869 299.951118918964 299.372055799797 299.450156827176 299.555857435166 299.525838815376 299.315136141272 299.72272115835 299.813317386282 299.680900134803
300.027422417 300.08527747887 299.749709140731 299.744179067931 299.98014577973 299.710279188608 299.687804660712 299.975941452463 300.307864469868 299.907013331307
300.132057430981 300.180002740044 299.891429794693 299.845980494552 300.142596262109 299.820613643149 299.88365547064 300.100789038799 300.424083359805 300.054483356487
300.021025755435 299.999750327597 299.729134523015 299.625145394549 299.980367519793 299.629210065324 299.801892291773 299.979857374863 300.441805268248 299.822623468474
299.744498820633 299.550787677088 299.506628714979 299.335928005556 299.586672463519 299.308100004607 299.44840167927 299.790486887193 300.182693379254 299.330090199909
299.655480866652 299.338367715352 299.372347534191 299.122797180903 299.393748728008 299.324059002782 299.405274104279 299.648636036328 300.198932798492 299.274406711367
299.877604815968 299.520058817428 299.737832091475 299.451847295862 299.626961690513 299.636019780995 299.613421078867 299.894450731565 300.421884597964 299.563316750001
300.350085652682 299.932465605579 300.262998606277 299.947942591186 300.11850123044 300.032188029246 299.982693938104 300.417197058382 300.866843012383 299.928970902075
300.531548338659 300.19879705303 300.593809007865 300.254449025409 300.336299850721 300.28841897391 300.243463320251 300.668297819268 301.164735329905 300.120926517995
300.281810002795 299.976611883995 300.318302449965 300.148549443758 300.094661996825 300.000296578139 300.150313616951 300.477833304638 300.992528816412 299.891817101038
299.757773652957 299.440824606711 299.871257224386 299.890713637575 299.654753979076 299.488650914075 299.753691399998 300.009251388689 300.414052844356 299.614606545682
299.353442598583 299.074856541798 299.565237686002 299.65958198693 299.377796245046 299.184637931375 299.607311972651 299.727485309365 299.977926267386 299.400535728232
299.472535704286 299.138478977802 299.648468312563 299.792486736971 299.41963408914 299.292311088177 299.772642669834 299.822369792348 299.994820426449 299.619549763991
299.648960236621 299.339008406257 299.86060639269 300.018186812519 299.760335032865 299.577692595575 300.011013217189 300.090354804716 300.108510077872 299.952825244053
299.658238026863 299.495310715926 299.819150040282 300.187229732509 299.769526773456 299.676311215766 300.193479566769 300.089452037712 300.14533851093 300.103738862434
299.466807665897 299.298396257472 299.625947149876 300.096179112847 299.568139396232 299.464781975255 300.097019858696 299.891588347404 299.866170807802 299.902543009973
299.138502673934 298.9997327822 299.387836339939 299.65585290773 299.174549228691 299.068072315449 299.801025378753 299.620019701532 299.464069945022 299.674691632241
298.958390145162 298.954084841212 299.305626899266 299.576978703542 299.078177159861 299.079034568864 299.660631821265 299.348236033498 299.347345152418 299.641659256241
299.184914053862 299.23649016351 299.597265745145 299.912296699209 299.238130956774 299.380591178279 299.867910045548 299.557050920345 299.584691325808 299.982817356618
299.688568506758 299.802501617171 299.93582790236 300.292681360987 299.681586833248 299.866375394976 300.221241199158 300.112253523635 299.93252255288 300.653841575039
300.071757632439 300.158664920543 300.257446284686 300.660341537653 299.998393716038 300.219759125221 300.394795894885 300.474110593789 300.229424502657 300.915445255624
299.970256282428 300.019776058989 300.142206968541 300.38817429297 299.9658788834 300.126059330385 300.234395434296 300.268076274411 300.027445754116 300.721840588991
299.610645846379 299.672970359811 299.618324159095 300.024074150182 299.6209048428 299.769245909687 299.675051298839 299.793554194246 299.579693451601 300.280421075869
299.444632737753 299.460909207734 299.290676107511 299.699929755467 299.480027085331 299.430788100001 299.262649054522 299.535742255914 299.293272684962 299.977319615361
299.666691990836 299.585275968551 299.365496756703 299.734339719307 299.64933137539 299.599737109825 299.282583716549 299.639694822517 299.351210369819 299.939498462017
299.945819668202 299.923307764252 299.565023963358 300.030539878135 300.035046233434 299.911725546055 299.568704305195 299.87869517392 299.69105598769 300.257520097268
300.04515830104 300.103871011586 299.693425922138 300.174119630002 300.242771170296 299.99722976686 299.619506346781 299.920723593986 299.778014084453 300.316501407809
299.71776672284 299.991422549808 299.628954975771 299.930040502166 300.084203783101 299.751845632583 299.390040944551 299.7867655411 299.610265469042 300.112988689678
299.581387618035 299.572151205145 299.232880416183 299.606384006243 299.830462878572 299.323773493143 298.911355096338 299.399582227873 299.199458229415 299.832590907918
299.6233056766 299.437580386687 299.108190658957 299.611907495529 299.788325969854 299.153961248658 298.80457921659 299.317510513675 299.099962787606 299.532337825819
299.922850558183 299.914214347563 299.462930846662 299.846551004509 300.234169700367 299.383184823767 299.153775043769 299.599743945077 299.380660660887 299.832838296301
300.355134886471 300.366820726487 299.930425666124 300.264270644482 300.687102563317 299.891758020435 299.676531296316 299.959661653073 299.821927518517 300.184120506052
300.746701243725 300.593239336666 300.263391367006 300.436884521729 300.965832229133 300.227662630434 299.927782314562 300.27706645761 300.091794046331 300.401686233747
300.58446907657 300.54025466221 300.098774106901 300.243774343189 300.75258000035 300.125871201552 299.728511751501 300.069327791937 299.927351435216 300.135553771567
300.185562823267 300.065015802611 299.734623145587 299.838749528209 300.300367932759 299.964379477585 299.281453507807 299.730442114566 299.624197664783 299.607976299199
299.838002870784 299.746709363953 299.473759053861 299.484248543571 299.853360698274 299.848030930666 299.097523395542 299.489801756737 299.418225729156 299.30057716829
299.969055761259 299.728535816006 299.548212999536 299.607755315187 299.955252647488 299.938296561457 299.300972307637 299.647812332327 299.45830010207 299.310264406859
300.299375056874 300.009010276856 299.814462678966 299.733246010782 300.293412780528 300.203465617801 299.682813362539 300.010720886136 299.755177426675 299.46414483118
300.437242848321 300.064051954345 299.959911098046 299.841126571848 300.350930605198 300.262796809937 299.900094115424 300.131167155688 300.000381248715 299.449529103592
300.311220768139 299.824221494731 299.692215821091 299.61353258118 300.15744871417 300.174515876867 299.65063899019 299.972756901984 299.95165264253 299.158183033927
299.915809292016 299.345880197086 299.39260260086 299.255552713306 299.659855022595 299.868578807361 299.267033337788 299.674280803785 299.584983837949 298.770266399712
299.969113184146 299.186315256572 299.347434454596 299.016996780752 299.623585706154 299.902423038209 299.139358737166 299.53618729388 299.537382279459 298.671950183484
300.257494039673 299.462283223285 299.7401900761 299.218854408222 299.888921640145 300.251117473392 299.528696925027 299.882883995763 299.937162882898 298.999696483561
300.668823562974 300.015894595795 300.157985056707 299.62885629494 300.358201278469 300.57715938929 300.056853229712 300.346128171416 300.426940689393 299.590618286394
300.93734865702 300.262017565054 300.380343619333 299.914930597061 300.577954745241 300.906461173539 300.403297864142 300.797818460793 300.749394609723 299.858261582962
300.676029495965 299.98503943662 300.270122720597 299.766395203838 300.425466239156 300.729284149977 300.239313949641 300.635634043083 300.586851832868 299.646911198841
300.11734318884 299.529812507539 299.888343131224 299.286676594047 300.094612252697 300.259759466935 299.94390416708 300.125358673053 300.032440944699 299.264315218877
299.714079074034 299.261402949106 299.578040471834 299.055851864611 299.914608269504 299.821153143806 299.78368519612 299.94136733233 299.719106111383 299.076632159012
299.773238378593 299.497236815919 299.609238540765 299.371454564848 300.006512783966 299.84292641678 299.873017335825 299.938382778898 299.654479028199 299.279847430296
299.926061248484 299.826432027742 299.873846928168 299.719593882534 300.341753723688 300.103462033258 300.112906753452 300.092747862362 299.861755681927 299.544610163569
300.081136079473 300.015698191453 300.011484218727 299.898695646191 300.480799388301 300.234871058625 300.233311852094 300.157806362806 299.931558804512 299.778642479269
299.813744822759 299.894067402181 299.803540810022 299.688666933386 300.380996113559 300.019849837266 300.051258339728 299.949467793555 299.660728131136 299.597426889969
299.443084326626 299.577224971026 299.421710476913 299.427036457553 300.062203033103 299.617024920023 299.724165220138 299.583603975207 299.336367505466 299.389883226896
299.333459075011 299.665314569293 299.317055594381 299.383641619711 300.064330212011 299.464099325924 299.520115137595 299.43214920309 299.185145745567 299.188503543603
299.593540400012 300.049134482125 299.718434180205 299.677608640475 300.24971699042 299.781305065895 299.676385593409 299.734568149314 299.350616656996 299.488484094484
300.102621879965 300.433241687825 300.096698260135 300.150628286674 300.682919213117 300.210298809762 300.059534296192 300.139515093293 299.769601461064 299.954723624669
300.409174830487 300.694011378101 300.461433355676 300.477074189794 300.885577354298 300.54834926861 300.439406014825 300.438550300189 300.136340999824 300.195138052335
300.37215621 300.638235001546 300.23358132814 300.406723336787 300.67091412158 300.448533933066 300.176447002834 300.257409225795 299.973656941682 300.095763556206
300.04533954702 300.248825764672 299.805280290235 300.030367989064 300.112446155941 299.969050506018 299.710712144843 299.839948735985 299.60366574465 299.725951093387
299.81834461479 300.053872298644 299.601448712131 299.766534902917 299.765867385162 299.756438943565 299.409612851907 299.576032197731 299.376240033463 299.463405638992
299.948687723501 299.967293374406 299.774436304833 299.924722027662 299.815763300779 299.822115199058 299.553850488517 299.691659031526 299.614550496503 299.566402404938
300.263039563575 300.328590864687 300.0837792384 300.224538336533 300.012007766099 299.961979564656 299.78611836192 299.973900355317 299.922836698224 299.912432920958
300.341910709767 300.4540643411 300.113959535673 300.316245068631 300.138878905807 300.082241646491 299.87538787306 300.086186993325 300.169509382398 300.061149716506
300.251081017899 300.175907074555 299.886023747142 300.115033556071 299.896129354716 299.913206864916 299.665996386494 299.999372728925 300.029381051717 299.906582562108
299.858810242896 299.982384000603 299.597478819923 299.797894147135 299.478248405491 299.492341274319 299.33982256763 299.52465790132 299.773475578213 299.549583272971
299.840393233736 299.983918979763 299.413740338592 299.782843924071 299.378680438496 299.360455629665 299.260271584037 299.31821870672 299.63911916359 299.349461222036
300.046050143894 300.136387409361 299.55211724445 299.977481411232 299.593450498421 299.693765651555 299.560255244988 299.663429570478 299.816727329997 299.678178073068
300.532910087241 300.673382540894 300.0062758529 300.466894021509 300.117415674422 300.114745263731 300.189247522958 300.258524501299 300.45578821501 300.148111368828
300.881356392303 300.934483004125 300.381514865891 300.708476623249 300.364186687056 300.348358417673 300.503558745228 300.567404605481 300.831982900557 300.44745166828
300.7299305529 300.665652597703 300.254286292473 300.532171434761 300.337389930441 300.217406586477 300.283163330682 300.395805989297 300.62886250711 300.38332380923
300.138740722114 300.260568813445 299.823479614623 300.128252198126 300.025184011375 299.809135489644 299.863159339088 300.039189566671 300.270141417896 299.993184127346
299.7879841647 299.964832784543 299.498271388176 299.731508177473 299.781731267913 299.614659647342 299.636206457244 299.754444429424 299.958888016462 299.766478381677
299.823408093668 299.905470099914 299.615780927432 299.660154743618 299.961824121858 299.809114313718 299.871899108623 299.945955117736 299.999159676745 300.016362048694
300.018575069873 300.083796585613 299.786679926357 299.958998898662 300.293950744533 300.230390605513 300.176559018963 300.235796784523 300.212582065866 300.268438965294
300.13487918293 300.15082202629 299.966077903894 300.049041927465 300.413607672549 300.485721220207 300.235768690689 300.30442339737 300.283966266726 300.42206626925
299.929505246728 299.925943560804 299.663887051089 299.789774816296 300.346908256596 300.214099261258 300.14761186082 300.080679167649 300.026901642916 300.353440877485
299.483803181405 299.594812055506 299.36907381508 299.432449149422 300.070531964019 299.95189102645 299.898074592193 299.82523653384 299.632544566898 300.066563114901
299.46427500419 299.309302652148 299.229026138806 299.276883158434 299.995269277362 299.96795947133 299.797202917113 299.740554357556 299.537344002896 300.171397447034
299.788110294966 299.594939593674 299.452881415904 299.700282817252 300.347687338497 300.102624338701 300.095039530419 300.019644592157 299.770725199458 300.502302874758
300.229400385424 300.023847982237 299.892669876334 300.142030863761 300.858570766044 300.544723849868 300.62254344627 300.363574406963 300.304635409512 300.930576778579
300.485893800767 300.29251039714 300.182816759605 300.238213546823 301.155592524809 300.83055007203 300.923671752535 300.66604578412 300.521966194161 301.086165649043
300.330157515213 300.124132897018 300.000433261623 300.22823169218 300.925122070766 300.597652859979 300.589888128907 300.515723601156 300.335384147741 301.0256584257
299.855902960474 299.832907985565 299.592996145152 299.795146559341 300.366693883276 300.129189252793 300.238777430223 300.038659068356 299.882485949705 300.508954076604
299.493344396251 299.680559171988 299.271626245218 299.575547773751 299.99424874511 299.803787749314 299.853684393883 299.683431681726 299.500429280339 300.130856163708
299.567596266823 299.748979013965 299.515610914711 299.759951898965 300.023961645078 299.920192502541 299.987924220895 299.652927405465 299.487525294749 300.035482832355
299.810655578917 300.052416448376 299.766216994802 299.949476788012 300.240768627397 300.209721218574 300.296101530073 299.858123918682 299.66871943668 300.223693921791
300.010433939887 300.244909225898 299.917977871721 300.020832699741 300.282992863885 300.316355557017 300.444242398787 299.985736735539 299.666716159993 300.23798880602
299.832876553268 300.172714057009 299.775281146488 299.728492494956 300.064457893396 300.103692067465 300.191936851926 299.929330772059 299.437824046962 299.994765834052
299.405187861927 299.828531859146 299.471766472897 299.416479068733 299.68685760928 299.770129194331 299.941539612908 299.658666803547 299.033842137237 299.616482955278
299.34078836457 299.731007590786 299.377109947642 299.270678585909 299.576766052668 299.599915158324 299.857968395393 299.476825248423 298.875495688384 299.365379294865
299.627431165028 299.974894889898 299.665652212448 299.520497938303 299.876124356295 299.74401002773 300.239535692521 299.843583275156 299.169539150564 299.627212681274
300.203283666563 300.430908623416 300.219695864364 300.127731021687 300.300125633718 300.158250493815 300.630455071718 300.24235120811 299.654784002455 300.040090122795
300.50669127215 300.679157175534 300.480334413305 300.380006833796 300.53272273788 300.310010729831 300.910892741353 300.504512274027 300.020462105341 300.26040181505
300.392337763072 300.588204081292 300.383086735045 300.249795785333 300.429450159887 300.048802662637 300.806223795973 300.304232856974 299.938696568674 300.074306650779
299.959994162308 300.161633491101 299.990463451087 299.854444177065 300.025735502521 299.643270990839 300.334146098648 300.009868634313 299.652180481858 299.635753282773
299.672333363071 299.827834337527 299.708048788496 299.583397854496 299.692258158028 299.205492180143 299.915096884944 299.747386005993 299.484538865373 299.419216380391
299.827156793552 299.918331318654 299.81673850246 299.708796098747 299.744717625541 299.175176997146 299.893792196511 299.869502507953 299.55747810452 299.503828420021
300.07092675145 300.156520759702 300.084089426846 299.956965146924 299.998606646549 299.423159956343 300.113839454909 300.105194036594 299.812722329946 299.842430729089
300.274865289 300.412118094792 300.066263283441 300.087156564918 299.968048062491 299.504504285535 300.165640480071 300.274372403654 299.992261678165 299.928453531459
300.084509532873 300.207356825003 299.931732613699 299.90550671861 299.912130391136 299.409481145823 299.991274622222 300.018067749222 299.69201997112 299.672841477573
299.750548631976 299.795190060967 299.367466512261 299.548728829404 299.421788999605 298.944527456588 299.725335626813 299.567741676001 299.326597701154 299.296206977016
