298.893705639898 298.868341953437 298.931971646218 298.871289227976 298.90260189744 298.915124624174 298.901007585774 298.882724376634 298.925553627929 298.919154024464
299.24948897832 299.14618747376 299.110325721137 299.170886394631 299.20738820368 299.152055032648 299.168708878915 299.143240289821 299.081577145125 299.124852098245
299.781126773231 299.680661823974 299.686392068386 299.696499820909 299.701619835568 299.731035024657 299.684946856237 299.71181749208 299.680422365357 299.731594151752
299.97595188911 299.872404739168 300.101426738278 300.05569032929 299.955904176842 300.088879176608 299.869999501319 299.946772221652 299.992359633304 300.064419902868
299.863351454669 299.664712141012 299.976421585239 299.995306942699 299.888229145191 299.953699730689 299.850028639564 299.820175883968 299.81521437544 299.975352750379
299.410439465708 299.28231460753 299.538398149442 299.447867289209 299.573877986484 299.558945659079 299.579975117695 299.467762545768 299.49144719244 299.443714427252
299.06989613343 299.013686270881 299.204388888352 299.136702506019 299.316981851946 299.165085736268 299.338966119755 299.186499321641 299.216983448436 299.178863152884
299.106321209398 298.997760127908 299.328480224581 299.30674001879 299.43995256265 299.1510472789 299.496869250762 299.453752294699 299.344673442898 299.25969324433
299.295027669156 299.24640479913 299.490805840413 299.581620531772 299.786886495657 299.452414145721 299.769292175484 299.70668900561 299.618892539977 299.517282713038
299.327462113447 299.317357376767 299.62674607395 299.708869581667 299.908885278421 299.600919026869 299.896936944834 299.850002438556 299.69015811182 299.59124651898
299.162225473967 299.169710592758 299.315239207136 299.645936609573 299.762920198167 299.278824506616 299.747958977417 299.662699657533 299.491138835055 299.239829458648
298.754021425804 298.748675633023 298.937351708418 299.287360322711 299.535715974286 298.81052622676 299.352754400299 299.308577843174 299.070447562164 298.835429433727
298.487477745521 298.500223711058 298.74300411401 299.123484646411 299.553118335018 298.715319983277 299.229480249807 299.273642363172 298.943310193797 298.616196912109
298.763470828604 298.779074794633 299.153689649237 299.359539909662 299.794963612496 298.992242452642 299.474505484074 299.468013437096 299.156995566927 299.041110493966
299.262997425145 299.284250746694 299.58674842067 299.886065594723 300.289621045262 299.437807967072 299.897387018444 299.814211289858 299.510205748566 299.399149052971
299.447659047868 299.564069462469 299.861429436226 300.112635282511 300.556718326047 299.663520646413 300.106422989437 300.153908970193 299.81497513731 299.690832008336
299.294497262758 299.322746173969 299.708443856562 299.924364167182 300.271894743876 299.506023414303 299.714527210776 299.906438898668 299.54691606408 299.459279400447
298.905714828053 298.957920810234 299.195675074866 299.472024061242 299.698767888987 299.097501201078 299.057322779482 299.364034354177 299.156721029962 299.005557886427
298.561645131564 298.825684791334 298.933472331806 299.121780467502 299.250717242107 298.860979942839 298.644676710396 299.026370071959 298.724686103486 298.681237532467
298.658667371021 298.995664283676 299.058954739688 299.046082274328 299.13168352246 298.897364822783 298.552362778225 298.940104000908 298.749719418303 298.728884640315
298.92375745713 299.312986277517 299.33566652589 299.214092140219 299.239118694474 299.238546305901 298.706995626805 299.196547540879 299.003943584152 299.006834078534
299.032221356357 299.384246014872 299.320389158247 299.30823570133 299.186595414927 299.304451688722 298.750455644652 299.334045094974 299.137253970247 299.131214566689
298.675653125467 299.170248946422 299.123161380922 298.954007549981 298.91938153806 298.970973003654 298.451188032035 299.038935096947 298.796644540766 298.717974716985
298.256957777616 298.664812075662 298.514266590128 298.354914284715 298.493341665273 298.707941763102 298.091323000583 298.724824234503 298.340051539755 298.181552338676
298.186748072104 298.528585668217 298.426779042357 298.242124020784 298.274588631809 298.513033746703 298.020031044732 298.512434366593 298.185915248507 298.023370575653
298.525085389453 298.671609429738 298.639152288899 298.529263378157 298.632226838939 298.608193906519 298.261937642396 298.805451764826 298.572019650876 298.379137220251
298.972222548894 299.216858150431 299.128889493069 299.00988213205 299.090943594383 299.135952360416 298.816897735089 299.23516261399 299.08424580111 298.821723414825
299.165495571245 299.445058221189 299.248320312383 299.324726407137 299.316341182543 299.391197484387 298.960423589844 299.437958791192 299.368808186798 299.040931406481
299.003063461186 299.257604123231 298.942352360982 299.098468370431 299.086342248226 299.105161686627 298.720461425874 299.205369325379 298.997484923235 298.720307815357
298.592408175543 298.778255046885 298.556736678946 298.610101855024 298.587991344401 298.64265613772 298.307127008788 298.767493181445 298.586448166508 298.35098559565
298.375440468277 298.55137920987 298.276640119701 298.423250432157 298.357350468897 298.451383246823 298.074855458563 298.503546764065 298.426562037915 298.127901757027
298.506371105444 298.628336998256 298.457260534264 298.440752060484 298.441773102934 298.554735915376 298.273572191862 298.689971967464 298.643477683374 298.226733694467
298.857340969588 298.882033610164 298.812095983645 298.666921962695 298.832885106164 298.906740580505 298.60938792249 298.999796208913 298.989736528101 298.677462965802
298.891229412403 299.053749383633 299.033986523631 298.870553582156 298.930413606952 298.997146328462 298.760437053283 299.095462660806 299.060848381767 298.829141608997
298.583893809745 298.863505991556 298.751140913054 298.6161137541 298.677134949576 298.742248989636 298.543274524558 298.806765201096 298.868482238644 298.583720666557
298.141594738858 298.457580777472 298.315671555967 298.260297383992 298.417075900941 298.249150324763 298.081616669153 298.376065692445 298.519871879342 298.168656248448
298.127066995251 298.284361475922 298.177263484727 298.187517020481 298.220166179674 298.137434115154 297.884919773795 298.209577731788 298.367930277286 298.071441061744
298.418107461896 298.620659090069 298.525091661398 298.321149141372 298.595378917886 298.493201889766 298.191266354676 298.545039487976 298.662642467066 298.385503232197
298.912896183374 299.070506509033 298.92719473053 298.874989859112 299.077455821686 299.009541766515 298.69939996885 299.037886848849 299.091624402457 298.863354890534
299.184292277616 299.275240048576 299.167005790097 299.102061112718 299.280933470417 299.281894289559 298.919860653149 299.253834123976 299.39640419802 299.158620311392
299.072571981363 299.118426426068 299.08138751608 298.949532582613 299.079454952907 299.035090944288 298.751050932445 299.004054798769 299.204668983736 299.057725846448
298.522103314355 298.690125755279 298.556436326359 298.426495505062 298.701333253416 298.664037241457 298.41456610539 298.72115007291 298.751136289845 298.72084639223
298.277125299615 298.460997034015 298.367224640356 298.229346548078 298.3971265544 298.420781070526 298.322783553358 298.474418191281 298.519955820291 298.503131731659
298.409225833506 298.553587089226 298.431636867024 298.367605371282 298.519844309656 298.589863311374 298.437016837449 298.72677117408 298.594486201358 298.643066926567
298.767101868607 298.937059074523 298.737956280344 298.65258289017 298.76823407723 298.91884624224 298.838889065484 298.973112694836 298.918158049584 299.058076425262
298.789317869427 298.91288795828 298.865518900329 298.697597759853 298.8977564566 299.03442590249 298.95839107497 299.033478461285 298.960013461622 299.143370611865
298.538448977536 298.720489080187 298.759396004988 298.447653548837 298.54714535729 298.841247816558 298.822336312904 298.883026049951 298.690120660862 298.899581681424
298.019489980479 298.360370614828 298.258331178467 298.100928915085 298.204848010299 298.249703452563 298.543610222462 298.688873608166 298.21177979929 298.602039824899
297.894294932443 298.179536953318 298.205448876559 298.043572502665 298.116528840794 298.101774259097 298.474908520501 298.591700833452 298.079515090995 298.418122073871
298.109828058713 298.548958585831 298.451012828898 298.368419643088 298.343093943529 298.396315489331 298.764595720204 298.843849375149 298.446796456401 298.697028958266
298.716766077514 299.087131946801 298.888722673256 298.685142689984 298.894133969663 298.958815795121 299.343096647507 299.476531247177 298.97569799112 299.180793584146
299.03448954969 299.321073096716 299.064548891145 298.861532762742 299.146905533587 299.223401837072 299.603871830137 299.670765290472 299.273418710234 299.549689180488
298.809126043168 299.17602346785 298.915779684452 298.673433950299 298.998763320776 298.994748250933 299.322745994397 299.522566112189 299.177749502934 299.42793186691
298.472233341749 298.821428388476 298.578177592667 298.237268917243 298.597257278657 298.596065224453 298.869499895149 299.154347980299 298.748978288115 299.110804829866
298.188738818324 298.568331186045 298.374299959062 298.058412248647 298.353886558155 298.411776660823 298.617391013201 298.819696653111 298.547565080197 298.835684673323
298.367153828574 298.711388911086 298.470036376019 298.199944058071 298.47810624699 298.636309267553 298.64321789761 298.873680274198 298.642824238034 298.9615838209
298.73442482665 298.93613154068 298.88270609172 298.531910419515 298.84286271606 298.964589070609 298.856196192322 299.113235943647 299.027944950919 299.240780895901
298.874578455987 299.041134634035 298.987388980981 298.725277427255 298.940801738617 299.148876825948 299.094106107457 299.20644969563 299.144311896853 299.337862428269
298.577751526912 298.683973795021 298.86119799013 298.444037746546 298.752392962711 298.804992294529 298.793511736345 298.932193891173 298.990715414477 299.211783088809
298.292607985752 298.355428168467 298.363320856625 298.043269662284 298.379649995363 298.489167401524 298.374074683112 298.620248158487 298.544635569505 298.99770122714
298.277590042611 298.242112836473 298.161918709205 297.854464083618 298.410889352857 298.392552262263 298.273134844341 298.346435141189 298.330056402455 298.973366442045
298.545431939927 298.57807528988 298.388995081989 298.158584901239 298.669550184701 298.663927142262 298.522143075598 298.564228803433 298.633401198517 299.161922354433
299.007165971997 298.985833888725 298.892482965309 298.553109101403 299.130898760116 299.091980195942 298.952235274936 299.09905451409 299.096545552111 299.675978918228
299.239963540559 299.155587013252 299.112633664168 298.771359489641 299.443766966691 299.325041030643 299.129260131691 299.366504420122 299.395201332618 299.885976914801
299.033639378242 299.194177708453 298.915664088029 298.630890830297 299.269726439329 299.208602501842 298.829617194849 299.223006382796 299.212696916774 299.747141521186
298.552578882173 298.775805980391 298.522453187887 298.298115324503 298.863682076397 298.942249024865 298.37667162115 298.768499645564 298.8066522218 299.202126224249
298.433192580437 298.540631045748 298.245880267932 298.107094973627 298.660432499892 298.765714992999 298.187652047537 298.547044257166 298.500693312276 298.82882847829
298.626936724608 298.711529775748 298.34012972073 298.196572411062 298.703279689783 298.918757793233 298.331752851734 298.596398320601 298.600688160136 298.803349973546
298.902744790794 298.923399114287 298.689393460234 298.595153342983 299.058114262972 299.260889940735 298.513193338307 298.930532688502 298.891504060892 299.00489226041
299.051315603053 299.065459062156 298.723427052169 298.720175950433 299.122880334784 299.456377298838 298.536952686824 299.185400072084 298.959053060914 299.086958314042
298.896487879265 298.806967988734 298.441995455925 298.396943120715 298.820551512752 299.359232320343 298.364079103378 298.994013457468 298.7323234008 298.787037204897
298.504204484841 298.494009008685 298.122535697592 297.970944073762 298.352871478089 299.10089974572 297.932586417552 298.642808551638 298.242612827185 298.27192116485
298.422533710347 298.498058074785 298.089362799404 297.899332522744 298.246560904587 299.17061358272 297.941359421519 298.563955716455 298.142971133625 298.074426049509
298.604623633252 298.930073092089 298.316390572468 298.159005194699 298.493955322467 299.529464477217 298.212936779906 298.799721023385 298.339143269388 298.380376215882
299.274845021545 299.37334445866 298.930889262767 298.743197980733 299.027077718738 299.844024635653 298.742077016395 299.462591538665 298.814155665205 298.854501081339
299.576644826461 299.544540062507 299.054447185131 299.044589339566 299.179000068029 300.157207175222 298.978267362033 299.805482413405 298.983889744727 299.036297596571
299.33217701642 299.476075221881 298.837883513935 298.998884380337 299.105676093267 300.044651501085 298.70279875907 299.700178389182 298.743827470954 298.754281108087
298.867472783489 299.025023120191 298.45925824819 298.628541400835 298.67609326863 299.521057338277 298.53216856736 299.338227401724 298.383919327637 298.408764872819
298.593079085647 298.809453548102 298.205559764419 298.381186393199 298.401307718142 299.206407046093 298.363296712134 299.029777653341 298.14276468155 298.154491656154
298.616631114472 298.962317053878 298.416301704024 298.544469585364 298.424565312831 299.083086038588 298.518252938739 299.143868989783 298.349476715863 298.313313939769
298.942850352959 299.247177301057 298.730459960028 298.946108618647 298.734565574115 299.217144882683 298.97110383163 299.375974114946 298.660854226049 298.685987530776
298.999952421389 299.551305004671 298.903085133957 299.048663614644 298.875313554271 299.215095583304 299.028260437073 299.531526268446 298.926111376571 298.840113196683
298.771306132578 299.45075280493 298.731421962078 298.765922006241 298.684612236298 298.96812431311 298.931764969943 299.26679657378 298.711018786715 298.589745585726
298.307349112824 299.136832329454 298.392801484193 298.433544156799 298.184211899946 298.519847705045 298.583237115492 298.894136685469 298.403692233155 298.202411581681
298.118120319292 299.227908513067 298.296938733534 298.348586375482 297.996632280724 298.465213780595 298.454805218714 298.841291438216 298.249556430314 298.100211263379
298.48352462518 299.502282547923 298.618625852135 298.647788481294 298.288661402448 298.718454262236 298.725202533415 298.990887038066 298.531792941278 298.441085010219
298.927427090179 299.923675245083 299.205791476891 299.117044032998 298.861760406527 299.168645115486 299.290461355189 299.440977049022 299.119135693968 298.904585592535
299.123175963689 300.223835657978 299.429882286753 299.320731538928 299.087116008951 299.501562550614 299.548249760036 299.681518302006 299.257953587032 299.262892233815
298.922819543312 299.911181163943 299.220747634854 299.186656855972 298.929197673113 299.40218954141 299.521346458141 299.24326889464 299.139531589457 299.116124070368
298.534311464973 299.359056113367 298.815785763909 298.826441004568 298.528669531183 299.056286385004 299.117821524833 298.687187189637 298.605315370184 298.859623040056
298.237361645675 298.885775752135 298.542188456138 298.512448547752 298.317628936796 298.804050475695 298.922651634754 298.2699028011 298.374602717945 298.550300790705
298.389662739403 298.809605847162 298.652513520399 298.6957935961 298.477646408141 298.915494304271 299.039161550982 298.241752296965 298.431508454693 298.723626064861
298.625245035021 298.987429432361 298.832605460169 299.024298820438 298.879504872357 299.165343178477 299.442712960401 298.515796254287 298.796744504089 299.033291689364
298.752335380227 298.927708058428 298.885989390826 299.057452950139 298.851083130308 299.267536310226 299.568016899971 298.593968122233 298.834310378887 299.141842164697
298.504452617526 298.6573232286 298.688143108237 298.859318260529 298.720032115764 299.063540671813 299.423754075973 298.357240968746 298.617326962083 298.959404225924
298.085246100438 298.271499470389 298.249642110517 298.471512829561 298.371811659596 298.656531791621 299.281886793574 297.936778712438 298.195828438221 298.565512044261
298.058985630168 297.999866241434 298.061446538645 298.397306032473 298.353346879269 298.679796134293 299.321060824876 297.819896316207 297.98112599945 298.458186767398
298.370453108483 298.378475453419 298.360271555751 298.857680070039 298.642150385741 298.864184425383 299.630532352118 298.114871373692 298.190198466584 298.723473844762
298.752799802903 298.855015212712 298.839086298513 299.415261119054 299.234841197633 299.330470125101 299.891970507073 298.603428479407 298.713585785547 299.204177811404
299.072016113902 299.126360601848 299.118576603114 299.694872172213 299.582208949163 299.605068685534 299.986724276479 298.860062300851 299.048945543408 299.443552375091
299.025423470872 298.874179768138 298.902990848612 299.554188108592 299.382859299104 299.378348927089 299.733996806028 298.702950186554 298.859669786468 299.357486274859
298.69725580475 298.595497639095 298.569390758208 299.007804615869 298.956780959986 298.928144895545 299.222944663706 298.265102325362 298.442192260298 298.885068926355
298.586060110214 298.27394020028 298.431245615719 298.677941168905 298.609894759828 298.599938196849 298.720648685845 297.965382647488 298.259100461343 298.689352505786
298.76380069249 298.436528129994 298.57744200123 298.845943224727 298.705597546482 298.608531331639 298.781662124254 298.139698176792 298.418367187689 298.881420213396
299.199076872928 298.767608598541 298.86373894681 299.018786513483 299.14159365298 298.81240656072 298.947918198304 298.547293251695 298.787876366957 299.222251674967
299.431013320469 298.96406976666 299.033493555667 299.128637853839 299.165191651386 298.989539849654 299.072021773231 298.726339325011 298.871430181977 299.298051025281
299.341421180487 298.804142225279 298.800502206326 299.084121712979 298.936602879561 298.616839183028 298.865836307758 298.674574620184 298.677502015712 299.171648369342
299.077474651644 298.461873399243 298.580554986953 298.727756685774 298.651698207843 298.215123629964 298.355733925544 298.296245911289 298.436107492535 298.668133901702
299.070503796587 298.323790292435 298.509668367779 298.618163045025 298.53764531 298.129944109378 298.096107925149 298.283689419262 298.332944670294 298.662782677745
299.329033136361 298.609988192584 298.844326551562 298.929732062593 298.858334635694 298.299168380851 298.263702259413 298.604627865855 298.590274754716 298.972374241289
299.746553318489 298.958284821488 299.214256962626 299.365804807186 299.458622669342 298.808292918777 298.640094685743 299.063584457643 299.169926993948 299.394966095265
300.102927461514 299.258557904347 299.565141711193 299.672804273022 299.706229514899 299.016089747448 298.941320749161 299.302611258129 299.402927955335 299.604974782969
299.910585649167 299.069859018186 299.538961628824 299.47645723842 299.625000717497 298.815119235542 298.787021725608 299.132614320879 299.316838263573 299.31947742843
299.419778292426 298.657447643472 299.147414155192 299.037974495865 299.313239973457 298.408806280169 298.292263101654 298.882076569157 298.872231584201 298.861725636317
298.95511537892 298.421608359216 298.85376606226 298.662469918244 299.058009564305 298.203144534541 298.070668070785 298.590638306585 298.6306454675 298.49634612318
299.026234153784 298.557218319443 299.02889376789 298.824645603767 299.050056712904 298.342431698148 298.149556476375 298.740059853856 298.747573254985 298.533217041926
299.217588903136 298.870016011613 299.213184243758 298.987209964186 299.332122832663 298.636954695527 298.624680658017 298.988240590841 298.977953474868 298.669573169081
299.259569716032 299.025081970242 299.436899828761 299.22512738593 299.559516682301 298.672543751082 298.791950542637 299.108490939776 299.16784355737 298.824471783761
298.945608535861 298.809588734673 299.253989774474 299.125678315714 299.255050070761 298.648355718699 298.590228752122 298.830936778044 298.937177747757 298.542865892257
298.583095546303 298.528976134961 299.071149400537 298.700098781649 298.823143668435 298.220980636629 298.23531835167 298.475421584221 298.600389889715 298.127419813168
298.479455083478 298.390531581252 298.997294218242 298.713032732909 298.659934037577 298.034209046373 298.146438528842 298.243635079348 298.543152688968 297.972737057627
298.633396291095 298.656647932185 299.288601402021 299.009887899135 298.709897315559 298.429731472795 298.585186659693 298.514274106104 298.696816560236 298.237036054172
299.132666393449 299.048451588271 299.768236717123 299.441473486744 299.219835834083 298.850093685785 299.074993373689 299.060198887139 299.123377541349 298.758466713379
299.367103626261 299.318227253259 300.041396016222 299.6163379306 299.423534892183 299.13416709454 299.413955084868 299.311591641887 299.320540599827 299.032941850188
299.046698139544 299.176393298559 299.777637287724 299.377764582738 299.032929103856 298.96132849471 299.339322823774 299.164741811669 299.037835499754 298.920249629577
298.603417258034 298.757081685598 299.131134282448 298.982334659883 298.493413979715 298.648309704299 298.939847920413 298.838423293372 298.706225574577 298.488117104905
298.325478195829 298.533779910355 298.687727123308 298.731206193759 298.300310764582 298.405537481362 298.651160490609 298.59115229376 298.555996782942 298.325096699394
298.364106004993 298.604990750232 298.632344261344 298.809184483145 298.370792825579 298.594308187814 298.750197823253 298.652665086575 298.562246079031 298.526354265248
298.601546316403 298.977429030035 298.841891763543 299.167870563419 298.624559578576 298.896726163693 298.992480803877 298.992464032501 298.874985158663 298.796118737198
298.800521832338 299.041239892578 298.744339998411 299.296807931317 298.745067738549 299.135610511511 299.09899724109 299.133912259047 298.969490172134 299.047306899482
298.588264712836 298.818880354683 298.503330746308 299.120140707568 298.581369949068 298.954357329592 298.948739007833 299.000687841149 298.775353963165 298.845833452678
298.197115399838 298.530902479048 298.057845487202 298.769170025068 298.211617287715 298.644450093628 298.565646388421 298.622802944225 298.426338841214 298.428055095724
298.069425153637 298.285943179968 297.8969901361 298.644994993562 298.139255285795 298.439988409071 298.386308483232 298.629668831906 298.28259134108 298.445360269975
298.432458715158 298.505440782427 298.153298141497 298.925272887377 298.55342610745 298.703387211238 298.708267038469 298.938069417409 298.54933331749 298.659494180273
298.943007862414 299.058528704046 298.634062641146 299.299254807642 299.008931757763 299.125447608988 299.256032156425 299.54682134608 299.125429667086 299.279868574609
299.173216184072 299.302139585291 298.899383456686 299.555359529133 299.272079761988 299.409782882415 299.496098549277 299.828822312786 299.349477005727 299.518103548612
299.03631652946 299.172207966161 298.715724737738 299.362413838637 299.22685365539 299.244822994989 299.37171289344 299.678638665261 299.313164585315 299.460624248665
298.751385972088 298.798083367034 298.341246590176 299.021043914449 298.922840911975 298.908849015222 298.937466203807 299.333296982058 298.898038428576 299.198192561283
298.571185536061 298.685821377892 298.109234860359 298.782036625576 298.631717934631 298.70340790867 298.658474926824 299.08656121492 298.641974374925 299.018921825976
298.75037374875 298.891097921664 298.260403137029 298.9669132945 298.811632678924 298.797730176453 298.811290363984 299.133288884307 298.789580928403 299.103791589927
299.058950117547 299.207629670831 298.596265453094 299.212917464541 299.125408839942 299.175682042983 299.103455820291 299.277377469344 299.202696901414 299.481161641626
299.243489073842 299.398718775001 298.918972452524 299.194440380679 299.145809542984 299.326485408686 299.148710320557 299.404613033707 299.317737113358 299.602470377871
299.245482578673 299.261991333828 298.781700493013 298.985701853364 298.998163720123 299.26921618374 299.038585093147 299.170908177451 299.068025410971 299.444425231675
299.049079436063 298.92519951019 298.551230528556 298.687904720473 298.695783559553 298.924341568982 298.676019980208 298.806815941324 298.908900091535 299.167645724293
299.007866706921 299.082490489555 298.577864329174 298.642785776644 298.518406005392 298.78066451906 298.604032067074 298.617743812171 298.837093725388 299.247612408392
299.24667628432 299.258635491316 298.997719112275 298.763762932557 298.777530019761 299.004585065249 298.85694252586 298.845943061855 299.074940378683 299.528291284245
299.664302673314 299.710435434668 299.40422342868 299.222767320966 299.314078232222 299.504105261226 299.323680047343 299.376352859659 299.534678050324 300.017747018125
299.930667588157 300.114107385116 299.732008771566 299.459500817408 299.58799890763 299.764925126737 299.543260429769 299.647073366364 299.818150172852 300.288115014086
299.814814208057 299.964337268786 299.678698693587 299.241848978918 299.385489647916 299.571766679216 299.472061643959 299.446750467721 299.690625066345 300.073034868291
299.334079676651 299.566581693671 299.260384015844 298.876455018274 299.086562719796 299.16717740446 299.123889862259 299.097700670575 299.284211226416 299.680519530127
298.980519009451 299.220606126857 299.022670386724 298.631065125369 298.955874027921 298.868272547203 298.779502461362 298.884588625749 299.032676742891 299.370060298235
298.936206631771 299.279736146345 299.133119044927 298.751610072694 299.076124477745 298.971963206116 298.92318968296 299.057563556364 299.165115605226 299.399032164511
299.240811695162 299.435961452676 299.463673218276 299.149172874029 299.472802337316 299.306424504694 299.213116294452 299.331522214342 299.418283867545 299.626696809134
299.383787722962 299.533593740395 299.606958898392 299.371411633033 299.580014669363 299.423239192045 299.31434917467 299.492543553052 299.567559053089 299.750271653912
299.151828707593 299.328440669401 299.584627622911 299.315161857732 299.579395052206 299.14962266259 299.21220956522 299.461707159139 299.42870213913 299.51998976355
298.854444875146 298.945543134222 299.29326844615 299.017312901338 299.297330322967 298.685931518989 298.990911255139 299.250697041191 299.117360733594 299.287657302376
298.620253393261 298.996926642399 299.14787831811 298.952622086394 299.264463574324 298.577604045285 298.890443369591 299.319463959798 298.981218100281 299.303354256176
298.951672280127 299.206473417261 299.422569888805 299.379230769047 299.618951411457 298.958448921279 299.177312233861 299.581781289089 299.241028897811 299.605004720768
299.459464482022 299.853421968831 299.974881866315 299.751501706636 299.98649741988 299.617475476353 299.645345614817 300.130341061985 299.681648389599 300.095843844574
299.80986587676 300.187704204112 300.321764585636 300.167937044721 300.087909807754 299.888714540369 299.825938255444 300.416232686447 299.943020478677 300.354463901429
299.64456337957 299.988346999394 300.035412095013 300.039855451415 299.873758249309 299.718568047933 299.53507429366 300.203698112817 299.916825176584 300.090700013381
299.296205834487 299.584781791632 299.545651749434 299.601645703096 299.294520416447 299.303960809439 299.05320771993 299.734616141238 299.558202366634 299.664232073458
298.987078647312 299.456790144721 299.226231123875 299.274188304742 298.763634730616 299.175091296086 298.672644041132 299.295459111701 299.275087052469 299.23517071601
299.09833629167 299.508094822227 299.240145506578 299.187387272065 298.769279320748 299.318770641698 298.713209331105 299.358558872838 299.211340152756 299.286366559081
299.396621357835 299.785994727542 299.45652496412 299.454275454079 299.009404369521 299.622369060155 299.024353916751 299.451023709628 299.405776301439 299.445542705347
299.419684252798 299.896686555557 299.574280689581 299.423670243472 299.097951839237 299.758800166013 299.211638907322 299.617180880342 299.502256836125 299.429501539367
299.336213343989 299.708577158058 299.445649485038 299.181207887856 298.812473962607 299.564798868023 298.942611283058 299.338560353926 299.129414654712 299.256223845765
298.965140428323 299.501022872224 299.248548720329 298.741118864676 298.489894019849 299.177246450827 298.547996125755 298.98411306607 298.718898380516 298.930149941329
298.777604145572 299.467871867637 299.11465013686 298.662743203505 298.306903212297 299.004800329398 298.464862872753 298.719935972206 298.592028647383 298.779148825237
299.152697816395 299.737929081823 299.550914293869 298.966534295861 298.626165562005 299.27743180584 298.789421774699 299.154439502533 298.871212612503 299.147801482152
299.660465358833 300.199585449585 299.953326758066 299.436696177284 299.067734321007 299.758411079948 299.311454569531 299.428917700841 299.485524990677 299.479359888922
299.958833550975 300.528941475321 300.201822818744 299.622281504405 299.375878074807 300.125482418419 299.592263247423 299.636321098044 299.669963671566 299.707006182095
299.738920681657 300.229483115163 300.006109711679 299.416969687659 299.234878084184 299.92881099241 299.407574557096 299.445482405317 299.524373608793 299.524957582658
299.268624954296 299.692890556818 299.576146724469 299.027243170208 298.944500072571 299.410690327318 299.13666112343 299.04074442161 299.049898378159 298.979968688411
298.867308955322 299.35229587696 299.11002636861 298.786499314021 298.697416209004 299.134862162188 298.979356179711 298.755638853055 298.700979312649 298.652113933436
298.930644206168 299.299819217802 299.011084348814 298.891642052161 298.893876036937 299.096356426642 299.287638915502 298.856053064934 298.78612190343 298.726888533367
299.166448657987 299.644208412801 299.15945857969 299.159049931268 299.215747734333 299.397550017521 299.580974745121 299.228830676992 299.0524771917 298.970865189173
299.210454385021 299.665367183188 299.290895726922 299.256979181178 299.451264051492 299.427423591356 299.820934260212 299.414848496067 299.094480840138 299.065802457106
299.056561069976 299.467665073897 298.972650207824 298.983555689098 299.260942892508 299.204747507003 299.906881490002 299.115530463061 298.802765987333 298.820078596586
298.646028627258 299.214066533112 298.580699019126 298.640329862304 299.004030298544 298.872451102305 299.615008226625 298.726275239135 298.537044387678 298.313882379517
298.588171120042 299.231691789617 298.527924437181 298.534525244155 298.89294077594 298.637600076813 299.599447456061 298.575764472211 298.255040528013 298.181725651461
298.744820704649 299.419349414093 298.787721602605 298.841858137129 299.074058111962 298.953047739444 299.944927690851 298.704706648314 298.650089253872 298.552532781077
299.281943692781 299.920528720681 299.270165877223 299.482290425847 299.600485548629 299.384338681567 300.296783628044 299.201506756076 299.138692896497 299.107448584345
299.459265866041 300.206755123323 299.536005518133 299.740001808667 299.806412249512 299.595435512057 300.453331612243 299.50433805546 299.402741341266 299.30168885997
299.257249219723 300.093099819965 299.363371828836 299.68195024077 299.622107625913 299.432004872855 300.265132809978 299.341922433877 299.222251776761 299.173344430546
298.894029218066 299.538520956057 299.054978616597 299.295871515563 299.163506185392 299.019751287746 299.580440523813 298.869205183687 298.824347560109 298.776732853458
298.67784037359 299.158674505142 298.822800638649 299.080167324256 298.863041249481 298.668494685895 299.177890906673 298.69273445694 298.61756574355 298.548679210872
298.734434052689 299.190467283204 298.871679823548 299.231933419023 298.852499891598 298.786751553605 299.133227976006 298.91846626205 298.80100521548 298.704431824572
299.081114590358 299.437917895576 299.198562358251 299.464055933992 299.174816549139 299.15404900554 299.291600714648 299.27321063764 299.128916423379 299.004664189214
299.11997993423 299.45735579814 299.297641326968 299.626653739789 299.390144518401 299.237917535734 299.315972702182 299.358076422759 299.195510162725 299.150470681401
298.899239559623 299.285062226401 299.046093337454 299.375068374948 299.22797730746 299.122369285414 299.071451382908 299.206666224862 298.957441445249 298.888966483878
298.607495367126 298.984299286134 298.632781980024 299.078027239369 298.830044814111 298.696908355226 298.650627429786 298.912855425328 298.654129014881 298.57521823076
298.46523075264 298.813552641405 298.362960688783 298.979079498158 298.771188742715 298.624048281365 298.47856020381 298.934573835696 298.551746951796 298.464183022834
298.672711442574 299.15717860401 298.729978795254 299.244606210584 299.130028626811 299.069966673878 298.79810641149 299.31526819295 298.82269462439 298.723199757961
299.217743274199 299.669291761704 299.34525620843 299.816997712284 299.616375121663 299.531686178226 299.204892178985 299.68115243286 299.341022858432 299.189637620481
299.402988166379 299.966830218081 299.498483441723 300.177606065253 299.889066140663 299.877861767928 299.537922570699 300.094230197362 299.682741472739 299.425285370225
299.257352071707 299.848993396246 299.478809593843 299.885724146853 299.758977558157 299.689231896013 299.420331114838 299.876797134372 299.618930537791 299.258448350821
298.939519932596 299.464120972861 299.122303369398 299.458401822981 299.349688894789 299.40084074674 299.06911723143 299.516146625091 299.275430255459 298.875696155178
298.682633563972 299.378031548897 298.854084256946 299.021398078964 299.040509578018 299.119539885558 298.841473506196 299.297761050289 299.088421723158 298.605459385698
298.913670816518 299.427248049932 298.945101485971 299.028295750551 299.027331022162 299.225955441599 299.008003001954 299.496297306102 299.196747181943 298.818776378013
299.311754243091 299.736749385866 299.181167042126 299.203692054304 299.219697088834 299.447125867322 299.349377684459 299.751310752701 299.476001028229 299.128577850479
299.572965703573 299.917747928335 299.169640689961 299.311247150963 299.368373866361 299.512989629977 299.564072940846 299.94878917218 299.580992715265 299.272403075938
299.408266464995 299.774562357095 298.86024501813 299.116963528972 299.204753691712 299.269882057744 299.504238544386 299.899502509198 299.46010020257 299.120171584973
299.060513412747 299.48076323738 298.469223159122 298.660846978448 298.816207879231 298.939599235133 299.084783735163 299.560565905242 299.090799950677 298.815391712977
299.121317099346 299.389917605846 298.357768858607 298.54237625029 298.757820069283 298.814846801873 299.048710368309 299.53490605295 299.056506345543 298.753478301989
299.30307491502 299.639030849727 298.726957522883 298.769381487534 299.164091060956 298.990161767583 299.379441562851 299.87156097205 299.290654030651 299.002373015636
299.786963810592 300.292133148562 299.352202924253 299.234004933836 299.568556513757 299.373115118967 299.787273324517 300.19397250679 299.793413562328 299.534843917155
300.124570871246 300.431639109319 299.714488860131 299.562110015158 299.867073026368 299.691317852385 300.063284305854 300.451778914375 300.050342816644 299.924386126324
299.973405937565 300.060391526107 299.566061829442 299.383471411044 299.714653346883 299.547725328989 299.887574713885 300.26132545852 299.926769403079 299.820125273157
299.362400747343 299.514566809658 299.238593772113 299.016766678133 299.331693701238 299.067165935801 299.526114810574 299.712638204785 299.409614250678 299.415039149405
299.058914164696 299.079218875573 299.189324156825 298.835625158857 299.043264681268 298.756551637619 299.076485638846 299.175272304922 299.155487138007 299.012995163228
299.099574781545 299.046018978771 299.298608117748 298.896511331447 299.048813925138 298.842748321081 299.279020097589 299.091530368179 299.322322136295 299.098227038332
299.41002112233 299.261826590745 299.560364907216 299.272927028249 299.264475417862 299.10011786685 299.543127551749 299.186278101776 299.652633872669 299.33282142858
299.508067870466 299.415622852742 299.722225913024 299.389548937364 299.380826537991 299.214651184425 299.649178917037 299.25811746873 299.698314890176 299.450439421679
299.458817697732 299.221989452419 299.615046428809 299.215194524098 299.095373125026 298.922549380448 299.430080114099 299.048805013584 299.489445459273 299.34921208785
299.133999606786 298.799225598575 299.392861910983 298.769847683252 298.758869016189 298.561931439132 299.196599521252 298.753810076314 299.168025807857 299.006377949365
299.004374921903 298.752485470721 299.408791288259 298.60104980201 298.610827563531 298.49794303547 299.049395508633 298.439802826215 299.152541915557 298.906353000478
299.339942714959 298.904612321833 299.645458837044 298.900039013456 298.787749632163 298.842887438408 299.304201795958 298.779201893127 299.45274399181 299.285485519946
299.819360616991 299.253808689259 300.150145945977 299.485475093583 299.227983460971 299.255777394815 299.758396523741 299.204887729199 299.906863673558 299.749122948343
300.015148374885 299.589122768564 300.426545724064 299.762315831569 299.549808020363 299.623654842748 299.951849353714 299.467518725351 300.19480676438 299.993503098426
299.790928733986 299.373317456981 300.266623390064 299.697165939889 299.349464886193 299.575592632616 299.717665201278 299.454048612927 299.923496235541 299.844273205512
299.327893349504 299.014605122143 299.755076446476 299.332487573155 298.864699542802 299.228277799315 299.228969831892 299.131738104034 299.53240546108 299.335293164431
298.886147398474 298.762593271378 299.345861434179 299.141703275405 298.740387967651 298.936639904899 298.90728903938 298.887483893435 299.207527514865 298.911437192199
298.960935777937 298.970016025154 299.291568055909 299.34683020989 298.944154605068 299.114925814701 298.884721272381 299.058577623645 299.259459309451 299.109970351471
299.200731172159 299.216411043509 299.507715459157 299.736366470569 299.276777300863 299.450446969835 299.113189881168 299.359183685156 299.440243138504 299.349163445411
299.307635981643 299.442627725458 299.501103710168 299.963171271464 299.575891887484 299.703005887888 299.250292738727 299.527927139151 299.549269555696 299.377499583578
299.132894607723 299.231942118762 299.294769828744 299.910743623377 299.332881796859 299.586068102653 299.068076064608 299.443336510746 299.266142710842 299.208981601274
298.774889323328 299.01672441074 298.923501698256 299.548492512914 299.052400559917 299.316477347944 298.807552414585 299.054724330343 298.956656327239 298.874775513596
298.671305272341 298.876911367569 298.89128224095 299.59738753379 298.900794057763 299.234092112592 298.757637042598 298.951323870888 298.800887531893 298.901510536429
299.127365571372 299.053193296892 299.213315151605 299.853778987307 299.164685682408 299.520585161965 298.96634514772 299.209156162313 299.058362503833 299.052103287335
299.674408072623 299.497548275897 299.651902669486 300.413553044078 299.730740394808 300.054339723864 299.353908818852 299.592842017519 299.604517874489 299.701439129674
299.984121228469 299.932354976665 299.870246039513 300.570887486721 299.907375053142 300.345870507401 299.533172862751 299.820598568273 299.865650875033 299.992064697886
299.778983222761 299.749801944994 299.719232012723 300.388717819348 299.74837517553 300.138414843276 299.334852801873 299.576680375707 299.701507105068 299.86329833266
299.354694083142 299.315647205782 299.299460056362 299.981409308434 299.291704915381 299.702454983779 298.916378854491 299.162966706799 299.429409868308 299.405399019574
299.093989460986 298.925573529515 298.993692606164 299.616842886904 298.926128459022 299.249971303613 298.674151503016 298.813514789633 299.172955697505 299.095806217192
299.248204370786 299.107425030672 299.066161639453 299.523246999767 298.935253777655 299.255663321365 298.816751659108 298.906502585921 299.279875311102 299.264350285174
299.523815957055 299.37375310565 299.342974381865 299.78650450187 299.201186522004 299.373646051969 299.112833274898 299.308919605235 299.532546739226 299.508393630559
299.625970461422 299.421263528889 299.529479433125 299.819831451594 299.316681418302 299.405847846324 299.211800480129 299.285543249251 299.763494879327 299.692704961502
299.519678389281 299.244940604609 299.279961779989 299.496000793842 299.16940775946 299.223918782632 298.89373090305 298.972387640294 299.61754626736 299.547125723844
299.211083734384 298.800361868443 298.920732463595 299.222626525759 298.739700239531 298.807710468232 298.62164475479 298.572514109486 299.243201631268 299.207692955392
299.061514125381 298.755095699238 298.739000285393 299.052220483609 298.600802643045 298.592134587707 298.531002610275 298.452042245428 299.281438275933 299.247376798078
299.570358074656 299.060034090371 299.066548712881 299.300774941687 298.859730954182 298.828670579109 298.838018841504 298.566208236187 299.561962368368 299.450720797452
300.227383758767 299.532187316885 299.660636685701 299.72348471147 299.259257894285 299.262181637066 299.368822411219 299.088817703237 299.97018128769 299.901007377587
300.311217249046 299.835836419654 299.952900388378 300.042933267943 299.609420067984 299.491931154339 299.695712196985 299.318663053777 300.30045570169 300.235366024161
300.230251307205 299.773872088447 299.824745488052 299.766979056047 299.40828120273 299.284006737813 299.560929480062 299.198036823173 300.140028309796 300.145211987146
299.809251616807 299.351947875875 299.443406364172 299.332168040303 299.011437613273 298.847947204978 299.31792066768 298.81229880136 299.604525301245 299.639962024505
299.50081827584 299.034252718814 299.14949176624 299.00016777966 298.811751312573 298.635058020332 299.12300916406 298.592107413403 299.269132549233 299.352909834817
299.541041684853 299.234152037257 299.298087124738 299.110317811752 299.053003210671 298.736241283618 299.190894452183 298.754567092913 299.353304791009 299.553022634949
299.79084110767 299.607502446705 299.514523402589 299.390971562458 299.326080445767 299.024111468899 299.515563979516 299.207204024803 299.608657744987 299.686536617698
299.950593541419 299.783639216995 299.711518985737 299.511979148947 299.464257774559 299.260127216903 299.722248111291 299.422614675558 299.724904568556 299.832418722036
299.770939623284 299.654759547573 299.616064739246 299.306217559664 299.393884861558 299.092628920668 299.720953188121 299.428536985404 299.539585004864 299.591541690912
299.516096646533 299.377376382296 299.38196153215 298.923269416329 299.166300733579 298.758426379545 299.365508470714 299.19421026497 299.186124941209 299.131254117808
299.306752030408 299.309176577218 299.371609330788 298.71147843838 299.128400203995 298.685542141184 299.300654976976 299.12058694508 299.076663778346 298.910857442472
299.58634872888 299.690495167058 299.739942557196 298.937781624358 299.465228366115 298.910933227381 299.731861184317 299.351454242637 299.420469580383 299.152634128372
300.120937250059 300.261371346054 300.010166435739 299.280385916521 299.967750110629 299.309078314646 300.291771100652 300.005440307818 299.862480897518 299.531332423806
300.250195546015 300.545418128221 300.202233420143 299.449100686503 300.109989064847 299.506599396693 300.597779837223 300.270732565164 300.095817165729 299.699484742983
300.118204409031 300.273257431864 299.996082971555 299.246941517876 299.893212234917 299.36854859898 300.425477953609 300.087787069992 300.009844434737 299.385991016059
299.667237372593 299.703091866592 299.484044614092 298.824661029985 299.383799025316 298.945591078538 299.951193614975 299.656256954794 299.669599085155 298.874205803976
299.314977672879 299.224381295616 299.013975473425 298.632713370228 299.019724828818 298.716183737017 299.609480993081 299.375130217383 299.454706702176 298.628773359454
299.275356909015 299.149211721544 299.073506438516 298.767781082193 299.100487106983 298.854978337711 299.616795109356 299.412213488957 299.51481392711 298.683324251834
299.459689068246 299.365682099402 299.213154477906 299.125794469719 299.344177493593 299.177819975428 299.760648699852 299.640708741504 299.800829412569 298.995922690386
299.538651233097 299.334627600641 299.225673056312 299.288037145173 299.430978616966 299.319031193638 299.86079357983 299.768624350585 299.95996295363 299.051030886155
299.431329709394 299.063259325202 299.078587422846 298.979056817236 299.210101683478 299.265334570073 299.7155402703 299.546840583675 299.816184581613 298.844381695722
298.867720931538 298.679381377179 298.667332528708 298.72014916488 298.813452021919 298.918087657261 299.495648275509 299.237246932918 299.537796744098 298.412135284397
298.714916891362 298.476364544437 298.625458431574 298.658436083942 298.691252970279 298.795684998415 299.32984616051 299.252565323359 299.545079100736 298.348202200851
298.879431029095 298.726717078682 298.859083052063 298.889530307617 299.018289374882 299.059449521623 299.563324534019 299.468821134886 299.833908646346 298.658888087808
299.293489392118 299.329473660179 299.349748238346 299.333363795938 299.558072431516 299.624883550824 299.917878122546 299.838527243534 300.268507569526 299.101848367099
299.598015554697 299.563416074775 299.507838162093 299.605792288634 299.884191402008 299.869872568328 300.028809863793 300.072085507563 300.658099437802 299.404405823833
299.405040484043 299.337606294957 299.318988908589 299.542363705198 299.695479773578 299.838190354866 299.719332548919 299.715807254241 300.529956105625 299.325984914431
299.016123686233 298.886138001646 298.842896897991 299.232462567402 299.319619990856 299.518043524309 299.234759561273 299.242881895406 300.063270365983 299.025621266995
298.728813744958 298.655463613679 298.735928182728 299.057583331245 299.03158737571 299.196462382699 298.876227356543 298.871403637396 299.62317347792 298.835551996605
298.847600052678 298.798078406718 298.901637314452 299.177183212063 299.117941196605 299.367182478627 298.908052737544 298.896465393997 299.54446097875 298.965760618126
299.121169789006 299.162858153404 299.133228343938 299.659993170878 299.421879354141 299.613889651313 299.033761191282 299.073828426058 299.715564439654 299.253188504441
299.233076301273 299.334778088063 299.318985118167 299.841525391946 299.529828107162 299.648225243462 299.073637689993 299.252952680918 299.858903827002 299.547693115583
298.99676026385 299.112727053629 299.090056403618 299.739870916352 299.388130744126 299.613912644603 298.856864403182 299.045468340853 299.493312880619 299.381311728745
298.656955008137 298.838852794999 298.851636568014 299.459676164241 298.92474999031 299.456906895614 298.46403524559 298.697969853013 299.266168520303 299.135069141977
298.533757688841 298.756102231382 298.777193162505 299.518871121762 298.869105050537 299.211858446645 298.365966616209 298.582258309283 299.00569345682 298.946959376523
298.922012441789 299.006124275779 299.194144224238 299.709348395188 299.105038862421 299.439559954588 298.642663712247 298.943389243732 299.419191108991 299.352288004289
299.466927609858 299.556750596095 299.684225614039 300.071074219148 299.509758788549 299.991319266469 299.19516000964 299.355304230573 299.791899776795 299.876104105731
299.812560561489 299.705972268043 299.921656961934 300.410320784581 299.772329792835 300.366255746231 299.371050030032 299.735023706073 300.061440990055 300.086454330231
299.794357305145 299.558581740439 299.895217437633 300.344137728439 299.495124868355 300.143756362085 299.229353880042 299.638594283782 299.966298049994 299.85212683443
299.482667790065 299.16025053201 299.494345382486 299.89422252645 299.153554831198 299.716388513525 298.831793914381 299.281189879685 299.500560239672 299.253964944307
299.312731857097 298.886356456335 299.225213089168 299.58380491713 298.799321720837 299.479152444377 298.581872994715 299.050563496343 299.312350708825 298.844626529637
299.304589629343 298.959999218279 299.269943993636 299.532353788907 298.879175859797 299.438435369437 298.7632552026 299.214833596728 299.473393057704 298.851043137509
299.522369221753 299.262745232146 299.524802683354 299.689041729182 299.007478843097 299.675674489544 299.052994128631 299.502139328925 299.707524299453 299.039222867201
299.57156625304 299.39818785661 299.558761943553 299.814609166423 299.157999842219 299.834814660904 299.134576379662 299.65763967172 299.707538918428 299.051546887917
299.387097975276 299.227847110782 299.36754979455 299.609007264694 299.005938627511 299.713662131692 299.019872974565 299.458747057202 299.478015153598 298.837869657507
299.093503269504 298.755078698726 299.029706455158 299.262085498723 298.669510642496 299.330922745973 298.581874056852 299.222223729153 299.015872263132 298.482459659507
298.93822943305 298.57353063755 298.901946867454 299.139757618781 298.647604746351 299.139827457636 298.475657546064 299.168797828532 298.89195449556 298.312359169165
299.326415078964 298.899188903908 299.085758664008 299.363377523951 298.878394838235 299.449305085033 298.836734032066 299.418402826314 299.171498490362 298.584220787725
299.734694994597 299.320891803016 299.576770763853 299.761808596624 299.437369585369 299.772457946498 299.289219830414 299.93076218543 299.469819193024 298.894813209161
299.913475857586 299.534588513498 299.864968559512 300.0569902079 299.684896485626 299.992082875247 299.463605822325 300.161049689452 299.689429433632 299.166151581011
299.838902500148 299.454211519396 299.710650375064 299.848908466129 299.629186032152 299.686576705163 299.272699688929 299.983179363948 299.513123230633 298.904065126902
299.358373336607 299.117182782744 299.343152034735 299.394121866337 299.228370428277 299.227956465983 299.010547758858 299.459111603311 299.0236569229 298.514775661269
299.041073287232 298.790252401209 299.086655458667 299.098993070744 299.005432957664 298.848184568325 298.797374693548 299.076190735102 298.765257911392 298.269391743461
299.102697260005 298.88769948268 299.123199327438 299.161086148198 299.127146775405 298.847451300001 298.883003282585 299.092646053346 298.814625367912 298.356000618909
299.333509118231 299.205992585696 299.41661973422 299.374839150643 299.614197802625 299.07801828473 299.211691079846 299.31979505475 299.089844019438 298.712135192239
299.367341087305 299.402206213147 299.601990294472 299.694128892224 299.668865839448 299.138803315984 299.287506005995 299.534495627951 299.122742238538 298.958261116474
299.169267774776 299.171254727084 299.35848650474 299.457399946094 299.636425853422 298.873441861472 299.101402883617 299.012046210404 298.875618829864 298.748883717094
298.732938489638 298.80020200586 299.039079305507 299.123504628026 299.354909182812 298.44080709184 298.844282950935 298.733633861938 298.492352135569 298.38124690534
298.553031308658 298.698885011994 298.980638508554 299.148877042962 299.21822102176 298.330656228095 298.862006298064 298.631879730517 298.216619146988 298.201283020604
298.831577633655 298.96397059815 299.265036601571 299.289052059939 299.559163698507 298.625569665828 299.156442889137 299.045652661261 298.496554970402 298.437308997155
299.308940479411 299.375229962248 299.673413252567 299.797133908713 299.986936439747 299.173310148905 299.713211842443 299.447055471705 298.951075311744 298.792148941869
299.520652378344 299.641896117985 299.913190518214 299.86503887125 300.245506063757 299.398897317132 300.054276929488 299.74942943056 299.330664486691 299.126891355919
299.341420491373 299.491413114557 299.779028776036 299.710861722958 300.089207338183 299.281542709527 299.94010765959 299.763306505128 299.144574786775 298.953783557657
298.999867111593 299.068073210339 299.290894015817 299.317889510701 299.526808651114 298.886716536176 299.51172550286 299.362649433912 298.679505260137 298.708498108835
298.762310241192 298.808823182178 299.056930271904 299.105473680293 298.988422941407 298.669129621293 299.237866387467 299.042722068186 298.520623897282 298.53432508737
298.905165331385 298.964395636035 299.051807597757 299.255262256418 299.015403645308 298.893721941106 299.301209650074 299.150055694931 298.755661035222 298.829953900246
299.137985813856 299.317966543465 299.287689751093 299.52566748053 299.237890718843 299.306838711046 299.563849053074 299.606939313158 299.126569227913 299.230152178565
299.29342468374 299.429970053511 299.326102969532 299.627096468307 299.218738697024 299.444905248699 299.66942380458 299.787090458078 299.265008499801 299.441457071889
299.171688166807 299.195580232881 299.026753405015 299.390796360794 299.045340714631 299.19825509279 299.456688317968 299.726191343117 299.094588262098 299.30740705836
298.823951879998 298.792245892967 298.615999620797 299.019768042511 298.645706603332 298.855915034636 298.998654504128 299.423628000812 298.878308407393 298.879392181014
298.831613368479 298.734294640132 298.519884727409 299.011005121304 298.458251861577 298.856726183924 298.916265594885 299.46161013456 298.990689124914 298.694594116339
298.992804706025 299.004737355089 298.866352343647 299.339188231474 298.721215440358 299.095749213208 299.227915563297 299.752690816412 299.333495687742 298.939153749553
299.340148832781 299.44011844551 299.291680032569 299.907233467155 299.212515159271 299.620834548244 299.690560947593 300.193341242461 299.889433078237 299.393353666017
299.625806447859 299.653094874801 299.565735262502 300.219373601973 299.471719532527 299.924023119489 299.957024909085 300.543456054384 300.203208567334 299.762832345423
299.543224662611 299.562779510217 299.393499331701 299.965284625841 299.38486107627 299.79601673322 299.894549038838 300.355949816199 300.016418134598 299.585922732324
299.056289459623 299.086669496856 299.001012796642 299.594077595438 298.999904008478 299.396587177613 299.570484502168 299.838725412805 299.819391271016 299.066389233299
298.813707577923 298.859515398752 298.702733350461 299.361562358779 298.740747513361 299.200969200461 299.446017244237 299.400881668791 299.520249824626 298.886612795001
298.921103742638 298.987184864885 298.908322262048 299.466754244366 298.887065622849 299.366260333243 299.568105767636 299.552360825691 299.604668025416 299.076217209245
299.283760321533 299.32720971059 299.232798626848 299.734555531925 299.267550644806 299.7277914863 299.937471347327 299.813557778932 299.849291712454 299.430513674862
299.455975151088 299.535380473915 299.374161553869 299.839895065161 299.508178237844 299.839456254783 300.141403547177 300.010561879482 299.849179792317 299.588705990811
299.255143150733 299.342702185924 299.171842690482 299.617021152171 299.433525420105 299.678751366034 300.073970167541 299.905702497806 299.654854147928 299.425419305393
298.861831619539 298.991130993384 298.914257206684 299.290404296851 299.148414145 299.428883993775 299.806242867452 299.588222186908 299.288640974355 299.055848620606
298.743653645727 298.788162112129 298.778991257393 299.232095721755 299.162873228217 299.403560803232 299.876932777143 299.44903537506 299.142373603377 298.908002226715
299.003795131845 299.262097474388 299.003013915985 299.49892918225 299.547278463622 299.613294129116 300.301529304731 299.766179660752 299.478714778729 299.225566442806
299.481125263229 299.781696576596 299.550491886368 300.047489059685 300.018970919419 300.117098467072 300.846250999781 300.077202051137 300.032501065862 299.673259006982
299.763744625326 299.952007649107 299.858071013073 300.259004726673 300.422440788769 300.396581782311 301.062596608204 300.338932877906 300.351652661784 300.017264473899
299.588538995362 299.83569221815 299.708921517459 300.15863611252 300.22513609987 300.202328316552 300.749958775143 300.215814786977 300.173388017275 299.776262743174
299.230309406132 299.311318528299 299.41681210113 299.685900150279 299.82894241116 299.679570244732 300.19372241113 299.768317493638 299.941746937311 299.355883334425
299.146819447993 299.034793830302 299.208750554422 299.343688808169 299.555262255024 299.280886849205 299.711123593145 299.406840468713 299.736227307186 298.996200877835
299.331057084441 299.043742611094 299.393120974086 299.392293858979 299.619800252758 299.280831832297 299.625733042302 299.389139904688 299.854849372906 299.238165181871
299.763484131395 299.182118754053 299.600101294779 299.735181920036 299.949845046678 299.636625872541 299.767454411869 299.579355483017 300.163370452931 299.560575095774
299.941523195791 299.315268114759 299.749609866611 299.928739476436 300.007880045952 299.789747525882 299.749378199416 299.597519913224 300.293154229354 299.732563746065
299.647694057088 299.106419542217 299.565027863361 299.635074154619 299.878220936841 299.574214213563 299.560596798838 299.236018122625 300.174652880958 299.587053403757
299.496384481042 298.722868832801 299.177076381011 299.191445783308 299.494967760723 299.297605459979 299.186698604682 298.934435526722 299.988197604317 299.230050821057
299.626389273739 298.52128644858 299.104485588902 299.108251252188 299.264501432035 299.141409254152 298.99806296359 298.638770296131 299.925573284637 299.105154420307
299.910654849392 298.831192379932 299.363248838176 299.329059375988 299.656483077967 299.376017839763 299.397958428561 298.974689025812 300.18255939808 299.52521260215
300.395583889521 299.365718702219 299.738689421893 299.755639415099 300.062902356062 299.969976756162 299.872310026867 299.535114843699 300.51184917119 299.839403065577
300.683884712445 299.608063657971 299.991291505454 299.99433785836 300.404790248696 300.260237220773 300.148370192865 299.798429427968 300.824442656066 300.173180968813
300.487387749352 299.525582859242 299.874063948669 299.946786973871 300.239764753003 300.209323810839 300.00045606856 299.707288201579 300.514360874676 300.009476222242
299.983478826792 299.148842768564 299.477734314422 299.626630152128 299.851200874332 299.85452404277 299.573756869905 299.302574311093 299.846360607775 299.541677032685
299.610125123759 298.880245861722 299.161042051085 299.407198525732 299.55174869537 299.592924610644 299.290690288463 299.118844642375 299.378331680176 299.236405949589
299.647666716702 299.019799575386 299.316377798157 299.523953283746 299.637790046719 299.808301491107 299.376027779472 299.241469513701 299.259371761046 299.272097141677
299.8899308555 299.413741198304 299.60162889797 299.894189384537 299.82196791205 300.130833547512 299.6816567519 299.532544112396 299.424165356127 299.528976399277
299.86949558509 299.473015640896 299.74090419816 300.103115210037 299.945582867821 300.237268930499 299.85625959678 299.628152544316 299.471920636182 299.610423344138
299.672499026852 299.392180172218 299.645917937242 300.041802551755 299.83140120435 300.183816254831 299.740327922693 299.466826458006 299.281114316802 299.383562462944
299.265127002476 299.064999362386 299.300030344228 299.665066270492 299.575702869106 299.989153833707 299.453672327171 299.079649455718 298.840666830292 298.95101510774
299.195529353994 299.171930797743 299.166814955168 299.601716626086 299.512722667303 299.806419975169 299.473525206644 299.039875454169 298.740393388632 298.968694483892
299.499390966026 299.560454726126 299.320887775783 300.036945058812 299.8586087383 300.192691550939 299.835783779613 299.291154618264 298.930502215693 299.257589434025
300.005326914733 300.073406758228 299.97730588725 300.381146002929 300.207749401113 300.671543717751 300.2376652543 299.738571948686 299.554047469324 299.838203527025
300.420533577313 300.386962978794 300.30454960501 300.552637520159 300.668970704752 300.854793147188 300.498186695365 300.044486025107 299.826440195371 300.105295211687
300.181596696658 300.144026814892 300.170095279429 300.332273260534 300.537858452497 300.636805419389 300.27024570229 299.873529421818 299.642084611105 299.94222837032
299.799271491319 299.744138654193 299.868505125798 299.86927119075 300.184641637091 300.162922940305 299.750895429274 299.483088643553 299.272892575043 299.511874336907
299.572661935785 299.422431620378 299.660883747249 299.488989085732 299.874703857707 299.774083623679 299.197874919555 299.154379599835 298.979126800954 299.369607026811
299.667572265305 299.554423523098 299.83197473406 299.519737423386 299.872060759846 299.790852652504 299.127835271632 299.202013296105 299.182148197687 299.515759727629
299.933921086706 299.922453770981 300.206896147041 299.770808329234 300.200825512218 299.957726504074 299.316685047933 299.47503218831 299.501402702214 299.935713941929
300.018809178441 300.115302808222 300.471387865779 299.819226077595 300.305049136907 300.012699998312 299.382904704889 299.645020746387 299.711409286719 300.152581928104
299.845740631686 300.007775145907 300.34187250702 299.664835933081 300.124099888282 299.884458013155 299.099135855381 299.522816495393 299.52049174335 299.985545138772
299.517793230677 299.760517268542 300.187938005593 299.270901190445 299.796474418636 299.452201011453 298.711218291062 299.151104159993 299.10461488593 299.634438710138
