298.400728077254 298.084043821021 299.391298061996 298.811656576048 298.857274969131 298.827036483713 298.65370331177 299.445621355875 299.226657831201 298.841567188558
298.765803353954 298.399025633278 299.710717742686 298.932681536973 299.190234192183 299.106651208429 298.877692056559 299.683405160144 299.548264838788 299.134943482405
299.347143586667 298.974473665918 300.026176585254 299.406713071868 299.562646147646 299.72284581816 299.351530418026 300.130636551984 300.061603818531 299.605413770159
299.68027501401 299.130694811632 300.282145561962 299.669607741416 299.839230150986 299.966514477356 299.630861914962 300.27775480697 300.296559644296 299.80876270854
299.446004100656 298.867187654111 300.107358849356 299.397803063214 299.643700836985 299.864637204756 299.501389165956 300.041475921584 300.141613275759 299.510647942796
299.032463684309 298.463980958957 299.643588825978 298.998044851673 299.165677696048 299.533871364132 299.095718013936 299.462581813702 299.565125733836 299.021646452822
298.793532647514 298.296467215897 299.214873700686 298.780532637833 298.934443126413 299.30849722725 298.95959510195 298.970751902947 299.230481369993 298.706996368949
298.920216235645 298.434918114216 299.115025037178 298.797485469121 299.057883558383 299.299156401117 299.155761720534 298.916563154939 299.387331426851 298.594843737915
299.180770815021 298.70140100665 299.309470311472 299.028932701187 299.408299391162 299.443409948871 299.557170824561 299.168082515536 299.5875735455 298.780792204374
299.396386683787 298.958279755753 299.296322910918 299.089379941054 299.507234352319 299.479146311644 299.648718159582 299.184570534864 299.704131643413 298.701698245077
299.251861111134 298.766607395533 299.021282212009 298.920638805531 299.421814055988 299.262775440025 299.627640947783 298.906324613476 299.619060154953 298.470626769564
298.884084934611 298.347302931866 298.717590962646 298.581671087873 299.212632519014 299.008459081309 299.319314252709 298.472777041991 299.288092144176 298.088902541683
299.011570557732 298.205207136357 298.485097169209 298.498488121778 299.222223311394 298.90799993684 299.213439529984 298.415137329716 299.249155772995 297.928690744631
299.407268018756 298.462445571432 298.703149436811 298.678162417475 299.423919609868 299.162118559246 299.510013652583 298.569592648597 299.517933315416 298.33881211096
299.826725668714 298.790507624099 299.173295283873 299.22962665162 299.80894876646 299.618840028217 299.882603248894 299.101929538028 299.933191292528 298.82031964797
300.053402383626 299.089196853188 299.412392981577 299.464939461417 299.946581887373 299.832488314371 300.072983907134 299.327390733648 300.261914950903 299.074579126495
299.890789660426 298.920711495647 299.324792563222 299.323979545973 299.665261616689 299.618649682282 299.80524185827 299.17017717858 299.934316551222 298.912276685907
299.453133477401 298.553120556186 299.013225800058 298.991105839423 299.143979875983 299.302631945268 299.338628160408 298.849908365277 299.308312956456 298.496440243697
299.109998640903 298.477887665895 298.737077176217 298.689979323574 298.752292606075 298.935646927213 299.041378431349 298.730939065632 298.813063397198 298.172445909786
299.078403554109 298.667826847115 298.812592957271 298.87599636302 298.733764801508 298.958615155272 299.017458812507 298.812674497839 298.723899147175 298.33331941489
299.303944460655 299.05612757843 299.189313492962 299.257780431604 298.90359924943 299.237683330736 299.304557527074 299.101362474464 298.944926233605 298.703780272932
299.420679408154 299.271108888299 299.3328912793 299.459638119895 299.131417930874 299.286282277966 299.381937073876 299.290058849426 299.007688679782 298.954392281361
299.212817039555 299.160979729471 299.058073631802 299.367248876959 298.777073490995 299.00131860217 299.173400130466 299.007619073018 298.580673953489 298.82824689332
298.831917232102 298.720154799301 298.862602176826 299.066558733389 298.478739860556 298.720280831346 298.877873588786 298.895438447138 298.168738928082 298.384975629654
298.720472383539 298.763565747852 298.809831113834 299.137785421667 298.366718826214 298.669832881216 298.910329600289 298.769996953093 298.075815291182 298.270392511125
298.935726209246 299.190628121831 299.132687143747 299.414147889779 298.654284224063 298.887711123986 299.270233125955 299.190898372442 298.352382198123 298.479566902168
299.42162728759 299.655112533777 299.570616488414 299.915994522597 299.186096777761 299.376031958459 299.760151379219 299.689455263363 298.750762517408 298.992292243267
299.620502769199 299.961050486426 299.808413934838 300.145235803962 299.44459443329 299.489486392356 300.078069899716 299.890249102941 298.925906359176 299.303807696579
299.416204896493 299.894120446643 299.593433489214 299.90102904627 299.369231307709 299.27767952164 299.824931540458 299.672262775 298.61938256154 299.075159979309
298.997370894892 299.452944038518 299.119543287479 299.377050731566 299.05387315221 298.798626157933 299.3832069107 299.166786477923 298.28266843763 298.658689930167
298.715172083857 299.065727085085 298.886969613834 298.989701498978 298.854523564551 298.381830548334 299.103366412055 298.764213397021 298.057627536092 298.529831280588
298.743384969773 299.077035287097 298.997128727432 298.965453718506 298.934803058416 298.489343453378 299.08799150336 298.837635828907 298.1972080234 298.635746909574
298.932310508246 299.229251615073 299.249166210319 299.070684510633 299.202592051984 298.72667419764 299.342572351066 298.945309728602 298.589263846664 299.030842317149
299.056778885147 299.336371202147 299.354655941473 299.092405390081 299.349997550165 298.775936214833 299.388342520349 298.936873293068 298.782716227882 299.22717186027
298.811849043807 299.05808234593 299.059294248954 298.728964036723 299.262734255621 298.437636643826 299.266086875916 298.645948242361 298.635526570457 299.014110558821
298.495636224982 298.735513764558 298.84654440902 298.233499858971 298.891152633964 298.129777783553 299.000242530914 298.320018325691 298.397578776054 298.632080389477
298.401745904546 298.529832459009 298.678152309703 298.151510119272 298.853306362153 298.063331666559 298.969161205496 298.220265654036 298.450076666418 298.639163687072
298.62057678893 298.811126479658 298.86484113106 298.470539977966 299.087360613711 298.27636979483 299.136485837342 298.445827498535 298.873399536401 298.961798210128
299.074936486467 299.256384660411 299.481528735334 298.869302165559 299.513725132403 298.771670048279 299.663821794946 299.015300430718 299.348184292102 299.492840664158
299.437246104343 299.548525685435 299.731058849613 299.118156328945 299.787747125467 299.027346283728 300.034669506846 299.23629741091 299.57861967893 299.838691034035
299.319780170939 299.316115758571 299.596238553163 298.886408035534 299.508057837338 298.781225473271 299.717620477841 299.138879531198 299.428421167063 299.664936683877
298.980833308004 298.910847175353 299.070451180835 298.422134646076 299.119049154431 298.320554523453 299.285439599522 298.834144721899 298.967482636911 299.222708418156
298.557431222556 298.605983122911 298.746261139419 298.16410843145 298.723027390404 298.061900632059 298.81447597368 298.62986370501 298.605177556632 298.84283695695
298.566152833923 298.64817081686 298.827736097176 298.244935840498 298.692750110922 298.28861565212 298.85969804131 298.783616079771 298.674662151873 298.850132296902
298.818183458908 298.936594335785 299.093969105426 298.55376779087 298.91187885326 298.593581666124 298.955033163228 299.008334597784 298.927170893179 299.103569087498
298.886103746489 299.047422166711 299.214920590168 298.624053898023 298.979114493406 298.863973342098 299.034644462631 299.189130509836 298.909654756719 299.322011370471
298.7553774001 298.762697436106 298.981092828418 298.439146826719 298.746707501718 298.748252079583 298.825180806977 299.029976601949 298.65631266629 299.041448488641
298.49023016624 298.440349011879 298.633543163803 298.253955821478 298.393794018663 298.460231723251 298.338636376524 298.858660642957 298.36901136799 298.712496830931
298.481874283586 298.275830299478 298.485678943276 298.253347554129 298.216395627741 298.518800000227 298.257315685227 298.911026632217 298.238296307597 298.716656563106
298.766172437522 298.453031452755 298.943126183818 298.311635709531 298.624967493929 298.915944604993 298.481300991278 299.417885768358 298.560911507094 299.193287001845
299.218519959991 298.932115655818 299.387456463162 298.815375782271 299.064444839473 299.530126945201 298.888161625728 299.776087295653 299.08394379495 299.725070170183
299.560378282045 299.207269653426 299.658181275229 299.119440523461 299.296614219859 299.860675034365 299.155866989074 300.002127319986 299.284794250976 300.000836522501
299.506869419155 299.06460697633 299.413981148041 299.002074923026 299.144308254447 299.674897338151 298.938805175869 299.913950580513 299.144615479104 299.87607722681
299.178769314047 298.551607965269 298.921713361725 298.562312182479 298.742253521968 299.227151139348 298.507067463073 299.511143169575 298.753851096749 299.308880811611
298.822136263944 298.343969107725 298.506721558229 298.327408743923 298.48122591462 298.95857087996 298.315104819445 299.097077759261 298.534859914138 298.949743587564
298.881869679358 298.535549112203 298.534129759991 298.490610419964 298.542250363341 298.996471817102 298.455528916839 299.158348068563 298.631009532772 298.899916020626
299.159872374283 298.840736267375 298.634787614459 298.805019389574 298.861912969261 299.297690378407 298.755744372313 299.327548448913 298.87481554431 299.167023910916
299.323083824487 299.013643584895 298.79512729199 298.973981572236 299.030644260049 299.332535459372 298.910354902395 299.44983701212 299.052555631122 299.15451220658
299.182899137588 298.91712229618 298.469467385757 298.768715438989 299.029272840267 299.24160670108 298.74801913071 299.133806700518 298.932864886637 298.921317591642
298.869110471794 298.633385939915 298.092979196 298.342548269575 298.637993885107 298.819595588075 298.276521502042 298.830032219697 298.719979141952 298.555337313068
298.881502645385 298.598069467596 298.0421676991 298.128218853361 298.555304743916 298.837368910281 298.14364379371 298.608572792441 298.623904704043 298.527429720902
299.096471223612 299.036103091521 298.276749517635 298.516289690138 298.86543344335 299.137649739355 298.383120357034 298.861052286514 298.772080365911 298.856964430441
299.525659380039 299.424384162285 298.820509559169 298.999043764392 299.223799063736 299.592019386621 298.897775494448 299.30911553373 299.293336660846 299.305229917827
299.942265588179 299.66664861282 299.028166044499 299.348219344561 299.441835091455 299.924747936732 299.139346128779 299.4755815378 299.554146141299 299.417978235783
299.656746808058 299.579756469066 298.850024647247 299.260956906416 299.090109282753 299.783306420172 298.970753921467 299.244338494227 299.43564001993 299.163042212357
299.349371625681 299.094180965191 298.564956788337 298.851654221537 298.558603555525 299.383197920021 298.666484911855 298.771430804554 299.102697937336 298.735920170197
298.889316609811 298.808940871365 298.470911217667 298.659398440309 298.308381778861 298.966825255049 298.407721632146 298.447241344977 298.774576108241 298.498983362528
298.988793916767 298.685797007224 298.674559145193 298.906572918345 298.382704310268 298.955918053458 298.571658070661 298.481600862408 298.869544347288 298.563386533289
299.1599102946 298.942371710058 298.993670615019 299.264923155405 298.571131288236 299.012350762123 298.844913234558 298.850175995948 299.136514118007 298.95752819645
299.423065277747 299.094763289661 299.160338584679 299.594400038131 298.683362826193 299.128094346575 298.847308842181 298.971625840442 299.296081470579 299.097581104877
299.279895305284 298.818820839835 298.970384830041 299.532928508896 298.363108414415 298.861295308814 298.641929174301 298.873497638035 299.126169276192 299.063003524587
298.943978434201 298.400267384755 298.709104771526 299.202842597105 298.047437056826 298.480522361287 298.290672472324 298.543582243468 298.759589876661 298.673232738386
298.943706318049 298.268488924746 298.671764444097 299.232609241358 297.900007807033 298.411365132924 298.202114937453 298.442302268595 298.649168773016 298.580217215379
299.135167231985 298.445911480514 298.948488694093 299.566732307085 298.379584248708 298.805672846209 298.403444275333 298.727456299189 298.949096524872 298.860387138822
299.67581808699 298.855634330089 299.482391676752 300.081993272378 298.857175957622 299.109675090611 299.073474699477 299.267970263718 299.295370852644 299.386172501265
299.78188284942 299.117659690908 299.684509554756 300.264084201134 299.106123991393 299.330417759336 299.429546145446 299.611245596728 299.61570782762 299.713858436438
299.619411143632 298.951212970941 299.498159023619 300.135493914349 299.066726925502 299.136356279142 299.349956254906 299.554545647261 299.484082155422 299.639906039074
299.163556451352 298.539145847743 298.974180833838 299.778742300384 298.666136180886 298.732116676222 298.929396464212 299.043689877102 299.053654545831 299.223295092879
298.726059807466 298.209740720322 298.690201582495 299.360327972951 298.445224201843 298.461670628461 298.553140613478 298.773912463535 298.750382214827 298.96189979363
298.76528403504 298.348278580787 298.734256792923 299.368309318748 298.664978510424 298.583097197751 298.665238401901 298.891397340789 298.759397966559 298.972606836438
299.016617656475 298.702915990517 298.964649401136 299.711386603635 299.083162953602 298.916501104729 298.881456139555 299.271383384268 299.013524747147 299.208182142578
299.044197399232 298.872508822156 299.007560216075 299.891909522219 299.294783937251 299.115750057675 299.065573339033 299.293509643258 299.059904298394 299.352533136436
298.800820642837 298.734827273159 298.74735302887 299.613264519106 299.083539326442 298.897718628757 298.827944754334 299.038706974553 298.950124932378 299.182734318898
298.376969478753 298.3841702714 298.437841759396 299.194645727775 298.911088382443 298.728416612557 298.489279303606 298.630735038523 298.566398539957 298.834557023492
298.169397403662 298.180303503129 298.27124160424 299.126926537404 298.834173325969 298.64182387324 298.352490570517 298.527366922531 298.53259782927 298.690630369332
298.461911206872 298.385201958482 298.608835431191 299.284055922762 299.210470194507 299.005344918627 298.587158368525 298.777147050453 298.798212114188 298.934091898996
298.877203288749 298.95740732855 299.022453876417 299.749320436594 299.711423596171 299.524770694657 299.10500886387 299.289735712585 299.336106799394 299.355040241995
299.241911447029 299.260421696345 299.351957698154 299.950431029843 300.115260085837 299.853753614158 299.399991162569 299.5956578931 299.592337859943 299.536803762808
299.141043013802 299.238465741675 299.193485828759 299.840499915704 299.904117597442 299.620997463901 299.285437302785 299.46820082839 299.575770374051 299.176998958812
298.814739777234 298.74681565587 298.831674254915 299.32188668484 299.423078519919 299.266980261898 298.986221407823 299.077790084638 299.230751718787 298.766120923287
298.580535662821 298.406429975041 298.667281170355 298.91665280445 299.146119996273 298.902201835253 298.706939097656 298.869690210057 298.967090085873 298.422542929896
298.705397858902 298.594492028497 298.760077719558 299.093756889868 299.171020650572 298.918025802523 298.862291576946 299.006139535781 299.0234229223 298.453477802611
299.078842416746 298.755299605592 299.196964858378 299.376568508219 299.384121235289 299.040287115229 299.251109991526 299.379102058919 299.256399336738 298.720941185729
299.196198196235 298.860903391399 299.307213970579 299.509617456932 299.47173151228 299.069070794751 299.378646901866 299.531405158968 299.320197618763 298.958313902581
299.140722247036 298.689809257825 299.181657777065 299.370162065285 299.269549405244 298.904787734965 299.082393067421 299.40420693821 299.165384409479 298.61643170496
298.858891581293 298.372466049611 298.899440008467 299.102116454554 298.83599453757 298.530659737277 298.784346193976 299.169742163959 298.851059558507 298.295440931418
298.792976121566 298.235000166561 298.967018049494 299.082189231905 298.618029815863 298.424911115883 298.798516339989 299.044162115149 298.735402314496 298.275305115371
299.021466063979 298.436136978917 299.210436502585 299.362210983472 298.897472702563 298.712865362162 299.0284977383 299.228712467617 298.986319926275 298.482542749561
299.442492901134 298.97951369012 299.560892158186 299.798848717051 299.494311422413 299.160214462698 299.427830187268 299.678205544031 299.439306243122 298.921113316367
299.690775206551 299.259006340564 299.953236417721 300.039320205938 299.822802182151 299.50486459062 299.740028456128 299.979240637352 299.719530741166 299.145452449754
299.531400998866 299.209499294491 299.783511981076 299.828067787685 299.671550269196 299.34713239294 299.591507234868 299.799842768792 299.606250547105 298.990810691584
298.967758432355 298.842074390331 299.268050492651 299.267126204075 299.367447576175 298.826054401795 299.10684711087 299.193033889988 299.250662649691 298.634638526256
298.671821009649 298.569758967612 298.870661180492 298.898804436047 299.104555919801 298.59670098185 298.785867653202 298.76349068041 298.95230565781 298.273542041122
298.773502314093 298.712119846228 298.887790416162 299.001837689488 299.189808503936 298.734985275833 298.787878013975 298.803541496989 299.044126355665 298.403566382869
298.9879480615 298.945791472134 299.11321101223 299.29106188319 299.579939086029 299.026070293322 299.05083288147 299.075321700628 299.245967635622 298.705994784393
299.178583029061 299.079756528745 299.352221837528 299.359976629078 299.740056994998 299.157528055801 299.122974019265 299.162870557366 299.313439717245 298.860626183244
298.96090285583 298.934026571334 299.097542090657 299.204206135723 299.606909261659 298.979870211417 299.008960274685 298.860274091474 299.118452939039 298.568052249996
298.611528770628 298.64553907558 298.694485468264 298.881593588488 299.307255501536 298.735827638329 298.579749827315 298.574819697727 298.641476083421 298.190977128488
298.579963782596 298.444935223784 298.614151682094 298.669879369261 299.32976397878 298.680906305468 298.400081587067 298.4514502663 298.501579216917 298.190710305923
298.701807065514 298.79307877715 298.931007606892 298.930147141536 299.720365427094 299.068709384306 298.755871448987 298.704770974814 298.919032734754 298.507553147336
299.202175226399 299.245948673512 299.411771520376 299.456065617076 300.073230195656 299.619491434961 299.273667223977 299.079872515926 299.420890428713 299.024811114062
299.471785005189 299.468719869608 299.721358290993 299.817433862608 300.313556334932 299.830930701361 299.582605257896 299.269300939384 299.734619605184 299.252048118155
299.382977896517 299.345830177635 299.505715507443 299.643817089851 300.259815135486 299.778146551126 299.483618791451 299.072896750587 299.489686597876 299.293861490287
299.08362797558 298.956820964871 299.103213139654 299.235829524491 299.752905597958 299.33317756527 299.070553169495 298.697672942988 299.199003892995 298.965368590182
298.790312101257 298.610314780042 298.895679346103 298.961263256133 299.281737323132 298.971113265641 298.81377604774 298.44048124204 298.983537147949 298.736774206512
298.960682336349 298.731192349458 299.038305331327 299.081668345756 299.152133847122 299.249260915077 298.874099343454 298.617483510955 299.056510843815 298.936692921223
299.278442251563 299.010999902174 299.339360266392 299.316765195952 299.429365927629 299.503179247703 299.088131607182 298.913757169775 299.373176927392 299.326195451058
299.378461093437 299.124498634607 299.640518180553 299.345580970007 299.522318918484 299.681050291075 299.107413398878 299.136864536187 299.545867230728 299.446593742039
299.484853267353 298.940184998638 299.472642452962 299.367041664953 299.311719561192 299.529066609139 298.930876002355 298.832991883106 299.376949108962 299.353170428061
299.186965267997 298.655303137044 299.209367999832 298.963081009642 298.963549054193 299.306136553614 298.599569798046 298.5074617679 298.954374314117 298.999297928216
299.208373392615 298.4813096209 299.224669970619 298.829863689027 298.760117748828 299.212430736277 298.403738993961 298.512601944055 298.887323160729 298.885164140613
299.533965784639 298.605755502266 299.613565853323 298.95964312647 299.016069756441 299.427148076141 298.76184594499 298.785360981676 299.179369049189 299.046864707485
300.024653523418 299.123216542587 299.920937330865 299.488155399212 299.453769668857 300.038363042685 299.235286680721 299.304266165152 299.526260410329 299.621838451957
300.343569542446 299.514637862326 300.225379005267 299.816723378521 299.682796450706 300.353960043107 299.489931100202 299.651141691605 299.808820296523 299.936647781884
300.116207999371 299.312530611982 300.057612021959 299.52458524252 299.480900170587 300.130181343412 299.343795985498 299.466429351225 299.641482354318 299.729640369005
299.62024159563 298.905856281529 299.58155627198 299.125189818804 298.913325290274 299.478331332846 298.89271150692 299.207054544654 299.265769392854 299.310837173345
299.142448923166 298.670179079365 299.091379064138 298.764505469654 298.611333901837 298.94868080051 298.63588237506 298.972115968481 298.986594397994 299.001731727826
299.034123467065 298.837924640628 299.030558715735 298.703919484203 298.716457112759 298.961123131256 298.813483997623 299.082235080655 299.014497247088 299.182935010368
299.187194163568 299.106945544589 299.100751958882 298.98494318186 299.04372539925 299.03402519791 299.167846146991 299.432515300796 299.385059782812 299.34967925382
299.215917398624 299.343245763297 299.178230303774 299.063571458729 299.18638700287 299.092972549406 299.137847388058 299.615279548288 299.475799508868 299.446864120571
298.974988053739 299.207140403113 298.966438985294 298.740697144559 298.925877145094 298.799403448169 299.018145249465 299.312160736295 299.308958789639 299.256294353675
298.574404272645 298.899703206524 298.484107384703 298.343975666816 298.620041997291 298.250780922245 298.715998948516 299.066166534729 298.923007055003 298.891227491279
298.401321990057 298.89478849855 298.323845030537 298.173206056751 298.487311740654 298.112861899257 298.657842754502 299.104718783912 298.948356783544 298.639450813565
298.763512706264 299.104653871694 298.521327244483 298.524067308089 298.733542079655 298.352873810492 298.837739543615 299.351277990661 299.330628360043 298.964288890224
299.277288445215 299.583609037424 298.976638084153 299.116787240109 299.208102167205 298.881247591744 299.318964420206 299.852304271646 299.644499265497 299.535024005448
299.667713331265 299.766565807973 299.194014291467 299.340679548854 299.535372760123 299.158421120911 299.561359712906 300.140765316854 299.93117016354 299.817282092991
299.503514513888 299.55255504512 299.027957297503 299.253003651842 299.330685270557 298.895289798676 299.473808100595 299.900213168846 299.542407168774 299.573843511025
299.149678314067 299.019563118715 298.685042756753 298.765053595756 298.973854421525 298.454491812809 299.041086023577 299.49962003767 298.997853122671 299.257475788202
298.846112589072 298.566565421147 298.375300383657 298.570652089089 298.844122165543 298.279525392168 298.821791899939 299.149099419371 298.593868527572 298.966805294345
298.930133295713 298.575347970435 298.53249624194 298.599479204521 298.874480515955 298.357025124161 298.95649997382 299.166217836597 298.511737852529 299.053509372172
299.175214599676 298.789047725959 298.80071288902 298.981788959852 299.268289713772 298.762209359508 299.191654879108 299.416635389956 298.821122931224 299.383066060286
299.316185354748 298.89298319686 299.019500912399 299.048207724206 299.326695653134 299.012743588949 299.276655771649 299.535455004747 298.941446136915 299.477735220326
299.108165957369 298.617156063123 298.836160479689 298.973561795133 299.136817204876 298.866755273441 299.09397427975 299.25424959656 298.583227894975 299.393605079226
298.794225408865 298.127219777717 298.559058297402 298.690092352679 298.900760444272 298.486573086597 298.843129494595 298.982661626553 298.234088526846 299.080831629295
298.595031869567 298.024646574575 298.357851079068 298.707862782189 298.792415845878 298.428452108027 298.697843591619 298.932762396944 298.126143976955 298.877685997669
298.932613177862 298.190679008287 298.608829656025 299.065430570555 299.069643633753 298.826722723936 299.005353730656 299.25149485017 298.412001606389 299.053965472415
299.319284453828 298.741986731719 299.13174136325 299.513160645225 299.547279372622 299.381096559481 299.527347435305 299.791599304103 298.874215931901 299.482078093264
299.607087082806 298.943167872364 299.410563042768 299.803520649338 299.929762557365 299.643455344856 299.63642493501 299.951280325775 299.201171470512 299.784144567967
299.480937829261 298.785258485621 299.111560719786 299.598147750344 299.655423989408 299.602982818908 299.491914340074 299.725901635497 299.080811904531 299.557948117038
299.13607186276 298.33781145461 298.728527157981 299.155809884569 299.242909296911 299.062119546035 299.058855951516 299.181140326497 298.63616568942 299.032080207867
298.893039164399 298.167381332274 298.494605002236 298.801776582617 298.99262476926 298.637360803627 298.7628640397 298.874893588116 298.521205218843 298.682428947445
298.952046809027 298.319673712306 298.683652239179 298.907796333712 299.003614864604 298.800139565768 298.887281845942 298.968810954992 298.627752532858 298.726544758535
299.221658977391 298.680240829205 299.072810630728 299.217892005132 299.168175290352 298.982925729529 299.244882124858 299.166042737574 299.03958396316 299.043660057407
299.347855103984 298.910603668779 299.105613996104 299.258582297362 299.307949988102 299.001174629881 299.351795180271 299.231809080247 299.290763178442 299.085560700138
299.174215031601 298.845667038601 299.047431690565 298.94715589535 299.025569684407 298.80064894801 299.175766460583 299.108358044789 299.182050094479 298.945018870523
298.890651394478 298.560352338975 298.661953609636 298.666921771959 298.66531214832 298.488259628845 298.8861218615 298.660889326974 298.794829625373 298.592760066622
298.675636118517 298.333256540721 298.579308506961 298.277632066532 298.555138373958 298.366104141962 298.870010463465 298.547134240482 298.719563380529 298.318192245868
298.866837430858 298.600265285464 298.870195406317 298.574696085169 298.825916824102 298.553687805931 299.237953527759 298.729106030823 299.077749590648 298.712406834812
299.313487582917 299.028054090277 299.210573440052 299.139560684016 299.376731435509 298.94295728463 299.644767598961 299.263281833128 299.495508096645 299.129960991714
299.539382183057 299.29135478887 299.43779509423 299.314913303103 299.646133955979 299.247048851699 299.928315128599 299.521472516465 299.794215042954 299.412131470902
299.313609758728 299.071522109498 299.291769838577 299.096324737194 299.585385232107 299.107248224841 299.739572372305 299.373103819013 299.592219670934 299.295168560269
298.908753910477 298.568590639719 298.858429011522 298.797196295371 299.216990534196 298.647241342099 299.315427759271 298.995684335723 299.137515299911 298.926259852147
298.51980998845 298.310351367242 298.57730437944 298.52605896231 298.959363877791 298.368886056102 299.06430714769 298.625158240724 298.754245967164 298.667007610767
298.522569816773 298.382816565557 298.712502294562 298.672580391916 299.05790134361 298.54797198485 299.189209776625 298.733937996641 298.759752553951 298.892042599287
298.778220239219 298.744347086001 299.068555536844 298.954058726096 299.415031352952 298.862810724401 299.489962081138 299.120078870583 299.013791314145 299.19689101497
298.873430838292 298.89651477611 299.100889476587 299.004849923076 299.474450326843 299.029884321439 299.482806666501 299.238851216669 299.055871518258 299.345293751695
298.666009567127 298.658871521483 298.926000630943 298.831154965704 299.348778502808 298.883452837782 299.381067790885 299.050353739238 298.823989263466 299.215893985784
298.255424704334 298.163027046787 298.596088442803 298.497728213979 299.075107701527 298.416609034527 299.009423128459 298.616079536498 298.376081936453 298.880953228986
297.953286406034 298.06648226166 298.418643344211 298.278960554519 299.133646430487 298.410635564602 298.865356610615 298.660415731497 298.30305515193 298.84892382223
298.293880695226 298.271998885564 298.698898907749 298.627128678789 299.269457117575 298.772592368458 299.215553910443 298.905066421585 298.594417556469 299.100021023575
298.690802075653 298.763097862721 299.185316430138 299.083790582066 299.620586251341 299.310069393713 299.687478608081 299.376850752612 299.018521177017 299.634552919343
298.978784168487 299.058235221973 299.476844168298 299.267745385428 300.030449174635 299.492782952401 299.879456035943 299.607137300762 299.373960234021 299.989845715758
298.843515031803 298.811119826251 299.306001668612 299.112629861176 299.952345822726 299.422580389571 299.709734006504 299.553326396068 299.20508579137 299.79362316326
298.510743294167 298.542975169016 298.935321529359 298.678919635427 299.491790957708 298.994310053029 299.325627441516 299.210330504098 298.856476058633 299.345509188548
298.165992291846 298.356590207292 298.708082118746 298.434147499849 299.223084668563 298.624747734096 299.02483498192 298.824157451648 298.696802174041 298.932794220778
298.269824807129 298.474331950134 298.852072029655 298.72453196811 299.19130620987 298.789130706774 299.190203128955 298.956883707927 298.869668583116 298.937214232042
298.679061088368 298.954657159047 299.240102399426 299.14022978121 299.464446133705 299.015346344434 299.518041661401 299.157942484589 299.247888320548 299.120999792062
298.871350599349 299.1080625178 299.437134985264 299.418774994575 299.637806309951 299.077257569769 299.639842073322 299.270246592737 299.466439612947 299.16007197147
298.739159300003 299.125046831871 299.214682303581 299.232267776923 299.551975611895 298.952375613266 299.378589298607 299.132244206701 299.372684804243 298.976088131302
298.420125380247 298.943740427677 298.933579072631 298.905895753147 299.234932620027 298.520220120348 299.209373531381 298.703983688164 299.164144307035 298.575344404318
298.329109149637 299.083410973726 298.846434980437 298.900643340123 299.189329764106 298.40087394858 299.256194303368 298.577337003937 299.025792672765 298.365040056465
298.589332972119 299.361223446843 299.22887283903 299.332645781636 299.344518421601 298.583301000598 299.577390932019 298.660772374558 299.373689324495 298.637030383518
299.156856332724 299.950627399059 299.707287076114 299.766120625313 299.623061782947 299.153175534495 299.940931371963 299.128047798223 299.869489760044 299.082820940343
299.411126395491 300.205257796231 299.980840083279 300.0092229908 299.837927486292 299.396964954051 300.222062367695 299.282290977099 300.122461463364 299.416890087056
299.381910416584 300.000294978159 299.808788553238 299.802994684126 299.571708294554 299.173965064804 299.998672893655 299.02362875822 299.846768991376 299.327901006232
299.057378741701 299.625784384419 299.312284605655 299.375996651451 298.877719707007 298.69364504061 299.4963396054 298.652833258006 299.324127780548 298.953246506762
298.876809305737 299.247116300919 298.984136551083 299.111017358671 298.477260804102 298.489479050354 299.024582568729 298.46561435945 298.926815773546 298.705165108418
298.946853646367 299.256810934638 299.008347281515 299.130784608058 298.587468960067 298.630347026373 299.066813594186 298.50326437231 298.904036223591 298.779658822795
299.335742520129 299.532696990795 299.230720871304 299.363937660683 298.920299887882 298.986459819674 299.294140476781 298.868422298292 299.107102783454 299.033530157929
299.461218545472 299.625237977996 299.399260827918 299.559436363309 299.013446880957 299.081105003412 299.426708779989 298.932752423846 299.26559213872 299.322065282943
299.52846852289 299.524152197387 299.164959495725 299.340943889895 298.645753455059 298.937330408619 299.156124480582 298.732298247642 299.070731590204 299.050184243297
299.306117521872 299.117434568659 298.799185400826 298.928502895221 298.218506112107 298.562018530323 298.745629584171 298.265038154909 298.678008869522 298.844765331878
299.26765427624 299.071845160834 298.602484056292 298.905247151105 298.070080480301 298.302271178489 298.639733960708 298.2225572354 298.614648485592 298.849315042467
299.663884180933 299.337013219228 298.852855510939 299.164827065207 298.416328943263 298.619126862878 298.826594978315 298.684012520908 298.977130166571 299.197128799895
300.126130519568 299.833861942792 299.310819081551 299.640431878771 298.832466329911 299.078911936531 299.232652482234 299.101658788509 299.489987501012 299.654695110965
300.30859112944 300.103621812128 299.518865915189 299.961648362449 299.109801080768 299.25220205367 299.489628105174 299.327815157596 299.705694996964 299.975384690117
300.168807446213 299.851537868117 299.372912416444 299.778201887223 298.921546087411 299.117062700679 299.340088978239 299.225464619988 299.681298772973 299.76423614427
299.646845827864 299.475902289984 298.956352237392 299.420088612812 298.679659985703 298.680228092114 298.917782759015 298.824274483956 299.495122277377 299.310556598299
299.169859827631 299.150236612747 298.645588087835 299.100267786717 298.434650161722 298.43108969927 298.727923802415 298.665961967624 299.29211408588 298.978420591029
299.199712970818 299.166385237776 298.693893212057 299.245255257274 298.716003050059 298.57807080671 298.844790905093 298.867250201831 299.4207152686 299.021861430543
299.394758777674 299.466349244697 298.970290633321 299.501594457103 299.146675064353 298.915291678459 299.08727659386 299.209631128135 299.821949595135 299.272983440384
299.535338588735 299.649186138038 299.206373281945 299.777788470692 299.353378990017 299.108014055304 299.156799049364 299.378614219558 299.985386129967 299.212739197581
299.421128640119 299.393691655214 298.998814561035 299.538650221413 299.281495517928 298.891688581443 299.07955541379 299.238587514073 299.835395404972 299.070353826432
299.142465929351 298.975893644507 298.75935470885 299.256564386007 298.978244794496 298.505475396017 298.681486669622 298.945953934587 299.629534468199 298.707773975668
298.847768037244 298.902637376522 298.550908574513 299.121141519977 299.033519999894 298.258072496187 298.601930400117 298.850297689925 299.543378840056 298.499793060682
299.06644524389 299.196712684694 298.939770443781 299.403965082998 299.335046093538 298.589154635067 298.846907587191 299.118449053116 299.776464999438 298.620775090224
299.423961734488 299.611355993128 299.441386675298 299.849324356216 299.81912367354 299.044008699145 299.40329272724 299.68575758873 300.205837774464 299.256123842518
299.711640391495 299.763844022964 299.771889324259 300.098306880206 300.019460512072 299.454414510979 299.761582506159 299.866493637626 300.546683865481 299.545601297306
299.652076212385 299.642552868261 299.669647910235 300.070505135912 299.933606626074 299.321563883774 299.591127321687 299.749029001938 300.365151205823 299.452932485483
299.286855264175 299.257161528056 299.311928490342 299.584331860809 299.593675132154 298.927791274776 299.055946141702 299.199110977249 299.92622341958 299.123450203771
299.031302390424 299.001250605745 299.146229998293 299.312106766567 299.266603312481 298.736063847146 298.845340618335 298.866866520369 299.466737739814 298.908461960208
299.071534489041 299.021700313028 299.156289333488 299.382252756242 299.362573565096 298.975406406995 299.030242687124 299.052485791193 299.489638443316 299.048816833687
299.426716950924 299.334651351997 299.44609103198 299.597904048758 299.698453023152 299.258255063675 299.433774015109 299.319613081789 299.759881760104 299.45128082755
299.560505106514 299.643587163807 299.536077488074 299.716578942401 299.953037836088 299.441497764791 299.502657432349 299.455031671535 299.883680782414 299.679797360837
299.477050937795 299.462226895237 299.459919399653 299.53396247618 299.75514958892 299.301332015265 299.353237702758 299.344104066663 299.690665966649 299.613294762527
299.057480834271 299.097860308786 299.116849465648 299.138098636524 299.410110834181 298.992223690171 298.997708147632 299.080680940237 299.391691357757 299.434540917698
299.061262596109 298.990951222899 298.950900457899 299.020185845137 299.435627170056 298.825144993353 299.032849677237 299.053175581765 299.383164781517 299.377937177169
299.35115820732 299.156761414406 299.429832083119 299.295529157935 299.687169830749 299.026202086944 299.289423188936 299.354045746674 299.661496626405 299.776395667888
299.847535524554 299.751134540989 299.963516757072 299.707171258446 300.251497488431 299.46442977867 299.778266493044 299.846953648368 300.060022661349 300.25328496207
300.095342278034 299.942098527656 300.232934597774 299.993923968803 300.455059986914 299.831707035915 300.140731619996 300.099158826039 300.334486965343 300.480360437075
299.9200548835 299.834055260312 300.080196707935 299.668909245057 300.51016289333 299.831011178441 299.836550603121 300.045449693652 299.986823353964 300.44621579571
299.383188219049 299.342310025537 299.610853050711 299.215562830047 299.991792984557 299.470224105967 299.494273916227 299.581639179027 299.60074827908 300.02397945068
298.947400601729 299.08465625305 299.317713197513 298.949462504928 299.611021123095 299.296061127682 299.080144206693 299.261426237297 299.307891251516 299.638755689273
298.970938232789 299.190285227813 299.288090437537 298.881268955238 299.621905053377 299.368459503383 299.233144191843 299.209672224686 299.303180828616 299.591106317661
299.087147244747 299.443560207561 299.565002248815 299.237797372704 299.730853565913 299.665732767173 299.531778622559 299.433847437144 299.584463462563 299.788692484479
299.201317578487 299.723157211016 299.540815792356 299.356028110604 299.804489809151 299.970470775875 299.719364537906 299.47648853646 299.651355737131 299.942243318889
298.946852439158 299.595828385046 299.362350234353 299.120540684543 299.744109267974 299.896970490224 299.464332648143 299.409143854727 299.519427520877 299.818712484892
298.478811483548 299.23981930171 299.067723995658 298.743623650566 299.329284251233 299.557585416076 299.189587528137 299.069762154158 299.150580890596 299.451973433119
298.326164151694 299.200383478474 298.929817357305 298.553163018248 299.133889216891 299.613781166679 299.209876354741 298.986874176548 299.053046965092 299.325997859802
298.6831804047 299.466164710597 299.158147483248 298.78197190819 299.36181150749 299.952335495237 299.565917373168 299.195320830396 299.220553477185 299.642911186788
299.122802669695 299.939046375336 299.748295705449 299.202475403543 299.754268237787 300.506943241328 299.987407911135 299.543575693692 299.751864912066 300.140704694398
299.389695933435 300.215137250659 300.055801510465 299.476251475294 300.110167003083 300.790031041797 300.293852224112 299.760584062746 300.0236853943 300.480085856726
299.336959130974 300.04922137873 299.90277188297 299.228846779363 299.841880673745 300.722964080402 300.11212382963 299.625290736069 299.824593217762 300.261758827661
298.99157690271 299.48796824235 299.558311486976 298.875744293954 299.535146564163 300.139006030987 299.501187046867 299.097906569038 299.333965606191 299.814029926996
298.756178902721 299.094577306592 299.281122757688 298.592228600082 299.204513239538 299.756867120249 299.10487414511 298.786305234346 299.06933784162 299.492988972216
298.903514709434 299.160885794932 299.463243062493 298.841122184666 299.242129155706 299.695747998799 299.052551792029 298.842793673074 299.108407709769 299.637707335292
299.310105460374 299.259322910462 299.72610380854 299.155769036566 299.663499782502 299.822964615184 299.273913297512 299.107136400702 299.393472530535 299.877068749663
299.599405872102 299.42228354972 299.853757811725 299.3139287976 299.769469160759 299.919422946918 299.363318728974 299.238943085099 299.467947017359 300.032032552251
299.433737704494 299.193582145348 299.658566301919 299.242393549543 299.59620085489 299.69475275182 299.111572500618 299.007997115411 299.293879967971 299.970130436727
299.29968511509 298.629504004963 299.288478755038 298.75343861491 299.509256952136 299.266893470204 298.722324800553 298.707314812683 298.994196296189 299.690855477841
299.287203853546 298.58472414387 299.156905756825 298.713843193772 299.550142761376 299.056789035773 298.481012033681 298.642812872051 298.785956194233 299.555625969013
299.475043467614 298.828992510688 299.471010720961 298.934307084224 299.815573918053 299.557157891389 298.829377111227 298.830586849303 299.116924853858 299.728884237486
299.893901929448 299.257908691008 299.861837404265 299.458307825857 300.343679863174 299.959483717243 299.322154426684 299.464064031836 299.635978871261 300.094087177107
300.128544678747 299.545099678536 300.098355663976 299.817313058455 300.561032159446 300.222851844115 299.511596592596 299.704006433945 299.913987973609 300.372112150702
299.964823187177 299.330909925125 299.878954004718 299.692959116335 300.329115995307 300.075735293544 299.424605160774 299.616134377311 299.718982053105 300.092159563862
299.407890049733 299.011373520881 299.439282449813 299.426561652912 299.766706970929 299.694003144284 299.001320466847 299.297586019893 299.415439983281 299.551345320971
299.053454115699 298.714652311914 299.074175246004 299.248319736535 299.457209065381 299.293867677647 298.851416885065 299.073607825233 299.324329105078 299.089503625594
299.065372479612 298.891392203943 299.195094207921 299.344284891651 299.347006113356 299.371766702759 299.065227414477 299.105754516055 299.511049520878 299.025677174512
299.322915354694 299.237992785165 299.458869121267 299.637882394239 299.465164017785 299.546944966969 299.410813417432 299.407049318958 299.796190617453 299.220188449738
299.364894325826 299.40799017563 299.624047981983 299.890012246543 299.541885898689 299.638187484023 299.650783368485 299.624708106794 300.048873708398 299.263550344034
299.061705436879 299.273601011879 299.48369365324 299.880428783688 299.286660660872 299.472546099225 299.631819533201 299.569090371041 299.982401905776 299.063357857006
298.789866102807 299.06687869128 299.142230591101 299.541220581185 298.87305725705 299.130685815058 299.292641071016 299.270657384085 299.719786063852 298.72000999531
298.656290740726 298.969477200841 299.075158442902 299.286105976547 298.639903765838 299.080387741812 299.170281636689 299.190256270019 299.811081511944 298.605218898029
298.861989085535 299.159135231521 299.32972536031 299.601560824952 298.975546524088 299.256831733074 299.498608852721 299.412277505573 300.064404074251 298.899336996041
299.378673462055 299.706578433761 299.881768935086 300.095272632089 299.513666313757 299.657442002049 299.890172485564 299.918077947893 300.330431150951 299.432606051164
299.604288063868 299.976715515337 300.271038483777 300.337965324427 299.802072253332 299.817883451261 300.116065873706 300.035820443863 300.554107149147 299.631872054107
299.556289822312 299.786568030163 300.045080118208 300.269820097836 299.65656067447 299.598907642873 299.990398639045 299.765997442974 300.313806582388 299.428777871298
299.36591343726 299.289263825282 299.71202619552 299.891171846768 299.199926324625 299.249469941047 299.413815307797 299.28829203958 299.658458482307 299.026917023147
299.067442333125 299.022476156618 299.413671967735 299.417935414923 299.010376014804 298.972462156087 299.024777831105 298.875257616657 299.062119916171 298.81613129901
299.286898100649 299.071932243076 299.398177135604 299.412382072224 299.129496163175 298.963591597729 298.845815040633 298.887880451168 299.005976389313 298.962787791615
299.708100119454 299.250578649486 299.665715521844 299.667217906996 299.470774774276 299.199258983894 299.049049531635 299.106637375942 299.110140452478 299.285738684886
299.832427160968 299.38372477249 299.71412133406 299.775641661987 299.60724200788 299.271719620979 299.080399005228 299.240548496292 299.20916138601 299.503352101046
299.718715919604 299.165783501652 299.470564653121 299.568042022829 299.405667437811 299.028820691177 298.771000758516 299.001546609486 298.941391995961 299.333616968451
299.592888870202 298.917664882586 299.184292371 299.324017308399 299.078321424695 298.761575338203 298.383949872519 298.570303116643 298.469455893685 299.067656647903
299.493038370977 298.88175032258 299.046914438314 299.076990148825 298.940017508968 298.615470723747 298.19892470849 298.514342929038 298.332516178885 299.172701100735
299.83293243598 299.092742756463 299.354439420017 299.379142465861 299.190598569246 298.829366338809 298.38416338628 298.77500934086 298.70814173834 299.623119704738
300.190508761879 299.551341547834 299.694470359602 299.714425437147 299.623012485244 299.302475188239 298.933489928067 299.280355954588 299.254072207573 300.103632760932
300.498315416232 299.821683280984 300.00710830445 299.932513540435 299.879526802775 299.506064763005 299.26347966146 299.510523311343 299.51776777444 300.47678303636
300.326944849079 299.562631143743 299.821968915272 299.733481804167 299.739811479101 299.195008488906 299.069225780239 299.312143481514 299.408834535037 300.18300981635
299.73391722552 299.185867747264 299.256109732134 299.2585040281 299.36005960099 298.736211705027 298.727752102097 298.897834281833 299.099080378515 299.854049756023
299.305366762755 298.874650318775 298.944958181244 298.850496105822 299.06527293848 298.459241110472 298.517958997698 298.672643782144 298.879796477366 299.498514305619
299.260555849343 298.98744414751 298.937430110029 298.889029856084 299.105495933411 298.524981171398 298.697169203157 298.936001989656 298.919241470103 299.478330305144
299.394394779536 299.312073142747 299.059506596345 299.058554440144 299.365357369181 298.694753222475 298.94589677135 299.285370490324 299.157784482708 299.836301927284
299.51525476373 299.519097835503 299.10604928586 299.232047383907 299.354054521138 298.838327269434 299.13438339925 299.425826405859 299.232863117299 299.928345721984
299.315816643484 299.435435126567 298.968471182993 299.010550325518 299.249919729132 298.69197664205 299.037463072923 299.286460137589 299.197279807695 299.702990682633
298.931795450937 299.183135999106 298.523822853097 298.640932373803 298.79915864992 298.206677025745 298.760295850086 299.043930288506 298.921213478358 299.386976925418
298.668708377752 299.168083578884 298.478865365436 298.560280429291 298.645772783599 298.046713027776 298.672400930999 298.97201371715 298.788844138152 299.267326359281
299.030626805104 299.475231566311 298.866550943988 298.797877168441 298.915823647757 298.305727549301 299.024344367568 299.37751487867 299.192738082028 299.5651072913
299.500434141476 299.870599012751 299.48057469667 299.315414367389 299.353607669661 298.752338721446 299.597330617673 299.862321707148 299.72209693896 299.958237330274
299.743667342774 300.109462733891 299.665300523675 299.547436040044 299.661326887671 299.024899499963 299.90518709816 300.202527723511 300.097529430758 300.193742527841
299.562944965523 299.869558277246 299.56826554683 299.473679173136 299.508306804207 298.885945172685 299.739879248103 299.956221221447 299.9343124092 300.065240306394
299.112670454589 299.403726121078 299.142754810141 299.150873601162 299.122872509924 298.558749996295 299.378561276797 299.543440196135 299.487287664356 299.638346619789
298.798584010058 299.073762307398 299.027290890155 298.969524800503 298.872464681655 298.488059309677 299.106141876284 299.164599367151 299.159537957594 299.407405044221
298.922860015598 299.069294994897 299.040060147734 299.13497963312 299.078125255623 298.674990500539 299.146852779787 299.169691554991 299.133332774931 299.420183334043
299.23914698811 299.306426089936 299.285048807911 299.462080798579 299.331730609202 299.106404818132 299.539480023445 299.492459619838 299.334810110716 299.865451603573
299.355052237574 299.328058406693 299.330113062396 299.721098120576 299.312214448061 299.318665255574 299.692542981349 299.75646830372 299.345826453788 299.976324939278
299.199266024368 299.119861926479 299.212345055704 299.603740205973 299.239905015718 299.222125351823 299.748145518411 299.543890032331 299.184787656694 299.715719458578
298.780859222664 298.860101721423 298.940707574552 299.242679938532 299.002817922658 299.007136074914 299.418929200859 299.280889583321 298.861731592324 299.327800962597
298.729908675351 298.745307010588 298.65708953062 299.1006384535 298.881277137918 298.984108725468 299.471174101399 299.142604966632 298.70517240166 299.367463752645
299.054781195406 299.042876924826 298.827488039045 299.285599176324 299.128213765731 299.30068983918 299.727159772574 299.448660740273 298.983060718723 299.707000697543
299.431134252488 299.569412389341 299.403909935312 299.758798501545 299.521699093372 299.706985551155 300.164387237003 299.940132404606 299.663480729738 300.089672005185
299.607938960382 299.770587024641 299.70484081327 299.886704457606 299.785744050134 300.095754316813 300.419241171624 300.123480644825 299.932369400885 300.462611543073
299.442253997527 299.646705330648 299.622706516609 299.716449894845 299.59717399662 299.935753768441 300.129607141889 299.922739630694 299.825699737588 300.294245740884
299.004719098304 299.221829915614 299.282677770145 299.238018573781 299.222307757348 299.533555524349 299.575287564178 299.436866599031 299.400225666168 299.837143685287
298.758498299708 299.005163221916 298.975745507202 298.881833177157 298.866070677906 299.231422258142 299.09351119893 299.035060904596 299.213440112414 299.461740034604
298.839675170112 299.16245739247 299.174096553731 298.872711671429 299.038708367844 299.266274530648 299.038404027954 299.144230423947 299.285491388099 299.328861119149
299.164872922276 299.458567412956 299.463086243263 299.083677830986 299.408680244438 299.521855394764 299.274208802889 299.357657402345 299.62139295818 299.524454843449
299.316645317137 299.568147395838 299.69295034116 299.115611691534 299.455773867021 299.698983544726 299.47932421448 299.419845384713 299.764128844941 299.600032720381
299.086079376283 299.451450763005 299.474034904783 298.891638779662 299.323440135843 299.557287510185 299.249534084611 299.112816159654 299.674050107834 299.354492019011
298.717388357533 299.161571266701 299.347041788597 298.330113569625 298.922622087339 299.315557722925 298.931747298788 298.753233470706 299.523002681493 298.975059871075
298.561462333386 299.134942536692 299.283282509026 298.369972357274 298.743565361906 299.360142248857 298.757460352322 298.580889221764 299.420674649293 298.858368925734
298.789673910478 299.440001873748 299.558774858604 298.664847977657 299.096088894637 299.628559722178 299.089928703506 298.831890218103 299.746603335528 299.075593635836
299.27935458619 299.735806104934 300.093377238484 299.067246298201 299.586810559559 300.06251719944 299.589624883335 299.249212646225 300.292103891502 299.370974451302
299.56059297137 299.956165101039 300.379474248041 299.304864016333 299.808533017421 300.402215046762 299.815230134855 299.566456924277 300.565983304852 299.634417374673
299.360875228304 299.628002669571 300.261515967417 299.055813616679 299.626399988171 300.255836398573 299.638226840432 299.426606986792 300.358048923595 299.468621665358
298.942211504296 299.187661172417 299.859630865265 298.657194995211 299.274713129975 299.783617984146 299.339665788549 299.144405375535 299.884458094419 299.021370035942
298.611342186444 298.987138893013 299.481992811408 298.512819817181 298.88557537636 299.497248585094 299.044944510114 298.923184384423 299.423776806996 298.717506746701
298.864784885127 299.010951192571 299.53248568584 298.683245297861 299.089860183774 299.594092800876 299.159762857821 299.116801591787 299.45005459946 298.786919389521
299.203630796896 299.323444510933 299.69014146187 299.071341370374 299.398061165372 299.725282681981 299.373916239324 299.48799936289 299.560907408615 299.107067313386
299.484502218666 299.573293240067 299.8209726068 299.211403112766 299.524319675574 299.862530143085 299.541448076346 299.592573106037 299.717187833866 299.298302939872
299.346478004901 299.401568736975 299.683072877142 299.071266376748 299.282902205874 299.602874294861 299.321159324655 299.499032114143 299.497810616907 299.180602098793
299.029250307135 299.02571783373 299.35536064084 298.772042744697 298.845348612122 299.238165074774 298.915096036072 299.179005967484 299.201416342174 298.88466220801
299.018057734471 299.03318920785 299.229925409922 298.681025986302 298.814321040885 299.02585798814 298.816674440848 299.258014376631 299.140634168247 298.883536609078
299.364972000494 299.453445979502 299.351869039935 299.085958103015 299.110828997091 299.173247847358 299.19697375384 299.617111131196 299.318588408335 299.138774911118
299.89443283359 299.87116586404 299.913414788555 299.601125560813 299.670823879708 299.698481287048 299.657232095968 300.068373913513 299.770152412567 299.583956887089
300.132584573958 300.194898001586 300.181714514055 299.837396043129 299.929745448934 299.862543701217 299.981281097529 300.318000139144 300.099929910652 299.800679646037
299.845370969781 300.098126176115 299.950115632311 299.681514082208 299.691345834847 299.713611097852 299.867775083565 300.258912312425 299.997100217175 299.785129005163
299.409435399458 299.676889022072 299.601647792277 299.422547395875 299.362120330268 299.218362244022 299.540492829882 299.80409094411 299.593403902784 299.435477849655
299.141384192573 299.261555758941 299.228727665245 299.127808398025 299.03110967143 298.99255570936 299.294634077894 299.532840186139 299.445929272356 299.283532617997
299.337074590854 299.382144031482 299.195488428954 299.219550274871 299.066331493431 299.120520215958 299.402603619237 299.728110997339 299.525261665465 299.429970750077
299.692790346066 299.588004785614 299.377351582966 299.434373417849 299.411269998705 299.43831980774 299.602275940118 299.990670605757 299.822378531841 299.707081255116
299.899185337962 299.67001803845 299.514623546081 299.565788131618 299.451999613069 299.610541596523 299.663578685065 300.065373574366 299.979884650644 299.817847721933
299.757536938214 299.610428972636 299.301638784894 299.303492590547 299.265689415203 299.440882497508 299.496287868026 299.956330388557 299.722246672151 299.752789423776
299.638986247437 299.36095719572 298.877213674779 299.036612592985 298.796606313376 299.139837088313 299.039125197428 299.748993893581 299.471850429135 299.446920303676
299.571629394277 299.120449447454 298.709955625924 299.076629202272 298.722258570931 299.012673731989 298.808470998115 299.730499753475 299.362290762958 299.668050392187
299.781399712746 299.46779261662 299.033065583888 299.202221322464 299.157025862545 299.400287496497 299.157611417849 299.971365043552 299.686910008641 300.077237230668
300.336282572043 299.937235821061 299.550200157456 299.729454111747 299.605903960406 299.741478785095 299.6267543312 300.427774163113 300.142238030731 300.515747762881
300.657174693774 300.360451221622 299.77368756673 299.908678435033 299.900642747652 300.069049644091 299.899063924137 300.767192839611 300.41684413311 300.72015228779
300.429602979975 300.17123590075 299.529368292795 299.752490843523 299.863435070692 299.930682511199 299.851711232899 300.535097749675 300.3565000485 300.596624430409
299.894899839681 299.780058738195 299.291439093944 299.268930879839 299.350314433702 299.436059057612 299.435488399897 300.019971819275 299.87517845874 300.006757071122
299.40117163164 299.482923536774 299.005875023041 299.022154703395 299.124337381129 299.093528046189 299.184451249085 299.665550671182 299.465243315075 299.569930071375
299.321478174195 299.525208192556 299.079681600036 299.154552300532 299.207765386003 299.131318675671 299.42844361004 299.612239932439 299.469477154971 299.45549929425
299.44778630251 299.80525269169 299.428206496563 299.463478244549 299.481932473799 299.330622375201 299.724157283488 299.701904151684 299.65477735297 299.676475138142
299.469870923966 299.991956126888 299.517211279677 299.534360610915 299.555508348187 299.49266534577 299.825243696822 299.907437194695 299.72705172272 299.750151562085
299.273982384119 299.723635505568 299.332261506133 299.306188455503 299.331559595913 299.298312402655 299.699220472594 299.546174992573 299.468353355801 299.513622138206
298.836665031498 299.391946962503 299.1789413048 298.952433110076 298.991889142893 298.999731348091 299.453868212779 299.175002296636 299.086716832008 299.094806964722
298.661631967797 299.426551167986 299.083437817192 298.922822274219 298.843164267092 298.769167375595 299.344149561985 299.13970659338 298.955503011751 298.972559554757
298.871536026858 299.692269495865 299.27257097594 299.096378272395 299.236381747047 299.020543599244 299.526923404262 299.260256695728 299.090586348135 299.157557703478
299.361336281949 299.967152102804 299.747230720769 299.609911729067 299.779664090809 299.558041046993 299.946333881498 299.566337046249 299.632645375274 299.711896709061
299.607084585701 300.124141932657 300.008951327735 299.923982972746 300.00755705537 299.750940663777 300.149951116114 299.772233595989 299.828919888252 299.945425813275
299.374005425292 299.880962565157 300.011446497699 299.83776979074 299.865957807716 299.735612190575 300.018810978213 299.606458528984 299.725344043252 299.850452671121
299.019259916816 299.367270843511 299.614814399213 299.432010694711 299.496152779151 299.370358588707 299.643270858489 299.185250303298 299.393251459555 299.483334963374
298.805928864676 299.054075596245 299.358888994618 299.169633731334 299.24200383543 299.182781457429 299.310869522249 298.856760194695 299.140647145101 299.242366341246
298.913960776628 299.146545687431 299.480000989024 299.303943915562 299.413556007767 299.313811455057 299.349891752151 298.953997919865 299.22722635425 299.381715665183
299.159292301276 299.392920499203 299.695167086599 299.533464318784 299.732600280529 299.652249134446 299.531865130797 299.189461265432 299.569346048082 299.697018284572
299.356240432291 299.50150407367 299.797768729023 299.651260076988 299.823938667203 299.895557245876 299.584712394131 299.375081231952 299.709569336971 299.778280853599
299.296485507992 299.336842647509 299.724456620101 299.449850051107 299.818753235546 299.780349495066 299.261655052778 299.25104224277 299.494231975922 299.584876735214
299.128862869742 299.013730386191 299.348867793009 299.010489429775 299.539976676662 299.47911457353 298.933667852732 298.838950571732 299.205303864012 299.269464735013
298.965831053364 298.804640771529 299.297375556878 298.872141716913 299.565286414313 299.3147532959 298.851691903258 298.819092531585 299.106612631456 299.2103708473
299.156134473535 299.134933839222 299.489037153875 299.170206830672 299.835015438549 299.537558963169 299.030502861248 299.085133607571 299.17075292747 299.412256365994
299.572172685729 299.621534164408 300.062475319027 299.625407002483 300.198574619433 299.843311633658 299.502414458957 299.540875909527 299.746143263423 299.854588184569
299.872082309847 299.798006865005 300.184735340847 299.896217376701 300.527425404745 300.107012200381 299.821371922841 299.776657239622 299.936012646991 300.013832376456
299.747544509075 299.661943292413 300.033202564416 299.703485249195 300.466986393721 299.761160676312 299.654935265897 299.721423553343 299.711053043879 299.754394453856
299.351862746061 299.330420579627 299.604520923093 299.272962094239 300.013205754932 299.313492915273 299.326348162756 299.31244563475 299.280754532453 299.333713443243
299.085242543363 299.090397392798 299.244967316515 299.026175312944 299.757882477167 298.904069345621 299.145345010711 299.024139893951 299.028697865268 299.071927712149
299.222183182268 299.301290049024 299.244852510742 299.049358997657 299.751177061559 298.883616175174 299.307564048936 299.137867728997 298.988470690152 299.076133527435
299.547271132952 299.69819662321 299.414021764378 299.517236014047 299.84160669906 299.099026488343 299.649133963871 299.499878065586 299.262295022475 299.361484110434
299.720723939284 299.976644325822 299.497271424341 299.610512747781 299.870558241145 299.136802542196 299.837236539812 299.663180136453 299.408335878665 299.455331038975
299.555013318488 299.775594498183 299.321320800635 299.522731988423 299.683493144757 298.902424459204 299.737071609614 299.442137856277 299.309668327054 299.131604052758
299.240269959956 299.652414961059 298.928392156714 299.12930523334 299.344119827666 298.447595136258 299.480742935802 299.052827370239 298.908192086447 298.773049847448
