299.62920042871 299.410666257488 299.530766452069 299.892951403263 299.264641754355 299.269988929804 298.918420338894 299.395373109093 298.770427669678 299.616626184399
299.775377313708 299.556066872952 299.624430591067 300.041342961794 299.531468826584 299.576759713659 299.255226806537 299.650030947483 299.059234949201 299.895979505036
300.1885291621 299.965029064038 300.061316838289 300.343184400499 300.073486567168 300.083944586665 299.653404004319 300.050535473323 299.603142599594 300.370680711279
300.23411176449 300.206723202406 300.308995568553 300.507375030931 300.352837334891 300.318603725623 299.877373888736 300.159786471646 299.898662019612 300.707273472845
299.926609461007 299.964385823359 300.091308256225 300.257259435227 300.033788755252 300.189596806829 299.756259068037 300.010205334664 299.726451748608 300.471059424892
299.372711808441 299.577280343948 299.708649795482 299.756529173832 299.64584313562 299.791042874721 299.398272106698 299.568330742071 299.331093989162 299.971852758678
298.936004870932 299.215850941 299.406690929999 299.323485624056 299.295973961127 299.495775073243 299.184119463037 299.389427923213 299.193734734293 299.50334863333
298.921832575075 299.285066920792 299.428403142508 299.326292417373 299.345091720735 299.674767239653 299.290997600605 299.475090679619 299.407132924032 299.602901425393
299.103958648759 299.510383283495 299.651285550624 299.524575951915 299.614943298031 299.995475063498 299.524526429021 299.761090021215 299.762274500956 299.820365723865
299.293279593181 299.752351928341 299.761403330437 299.531021717668 299.724553741611 300.087549342396 299.611983682397 299.838233293043 299.928187731677 299.803537902718
299.056725854812 299.595066762502 299.55257779909 299.264550641943 299.410792484485 300.005548917833 299.385790461987 299.784780631633 299.872454878055 299.588351005037
298.648378445347 299.065577119653 299.126511421653 298.851804276633 298.953358356695 299.755095259636 299.091769145086 299.351457872073 299.654386599225 299.124516270089
298.464560907999 298.98907751259 298.950859059376 298.669575843478 298.851984157862 299.56337602671 298.854720833574 299.317105178716 299.591441907361 299.040966694599
298.804516005319 299.50038621563 299.14493650334 299.049054244998 299.263690127386 299.849662030654 299.219055940375 299.742015520969 300.017207426358 299.325607115633
299.210159299977 299.963890617732 299.671569324023 299.513125121513 299.745095284518 300.217375321299 299.679652025138 300.318658506706 300.495040646724 299.859408308578
299.615046198632 300.174240174369 299.938366971747 299.765523250813 299.924976213449 300.646674091639 299.977930914923 300.670999453598 300.886276708506 300.20313073875
299.432390045912 299.970416386329 299.806115513724 299.666143566202 299.681795893132 300.543051313993 299.84756250088 300.533110600945 300.74914888873 300.086336560859
299.119558106517 299.590106701908 299.385935276661 299.210949996569 299.289473838521 300.205845000813 299.404207599611 300.070517715507 300.426526994591 299.774840598103
298.772348346769 299.213282317468 299.214660146226 299.077375111659 299.148533525037 299.965817726029 299.237277919381 299.700323002475 300.095906204139 299.524529836946
298.902577360241 299.374173732873 299.332313981241 299.127824568043 299.308341526531 300.15006177561 299.255344836739 299.732211981854 300.211198865173 299.707665778692
299.224008131069 299.68839579893 299.594299242742 299.467318639394 299.648026802604 300.428096563797 299.507711204485 299.94280653483 300.392344965524 300.000426219751
299.491231086334 299.813306842873 299.826026305965 299.635102941357 299.793361467531 300.54381488813 299.675974469473 300.087811858826 300.48377940715 300.160896083564
299.295639746873 299.634041389211 299.720853384864 299.418774579941 299.674143309513 300.484063849512 299.520994299721 299.822521918121 300.297675074788 300.018086498834
298.983999757375 299.155844642395 299.370416418044 298.96840712262 299.345331596578 300.248954130303 299.196004220971 299.411509142562 300.025575878314 299.705726437761
298.848975914641 299.052056962707 299.35804865874 298.806444352792 299.301039183956 300.19144537818 298.997589304728 299.326761691783 300.049876455085 299.679035495317
299.14295559652 299.462320700849 299.732619442949 299.11066206612 299.586836824853 300.532871926019 299.155887165828 299.554728986821 300.275517028298 299.726212602918
299.648402420998 299.955114489502 300.209273857515 299.524882271783 300.115791015387 300.79808721129 299.599332445402 300.085861755053 300.60326117427 300.250300713101
299.911715054174 300.273754597693 300.520252907571 299.847255449948 300.339827325093 300.948767924328 299.843334032562 300.4952999325 300.786126123791 300.463530926054
299.874439275946 300.129868290445 300.327805006097 299.810687483386 300.18417017406 300.751900214052 299.731891473552 300.299365497613 300.471482247838 300.306936919515
299.386679834359 299.719044571189 299.957496335109 299.49270834514 299.702267741789 300.137331020473 299.399451333445 299.909829612634 299.810487951429 299.816777124072
299.210524662078 299.528650444425 299.72711326771 299.265216078918 299.399802546053 299.866089757615 299.212844763908 299.665628706844 299.206960885951 299.500372219502
299.335207427981 299.665651818007 299.849244561301 299.361056396968 299.509658589746 299.787246728304 299.32786039284 299.831979951626 299.218170301901 299.60969766399
299.655084024327 300.011171946117 300.107279862511 299.721010087215 299.70092265083 299.965748271448 299.814606755802 300.072621546651 299.373981946816 299.786041588429
299.794417850364 300.254290560276 300.239537960764 299.901801827236 299.844474511464 300.067885875702 299.939997633644 300.141206552801 299.524217219416 299.789525165034
299.682618247111 300.10628901097 300.102929948441 299.740341864657 299.732557223626 299.806167289345 299.805269296741 299.987361050817 299.308568733719 299.672337736675
299.309419953107 299.690197661543 299.779394117072 299.523184737085 299.423891663848 299.322005581967 299.630033332084 299.663089888431 298.827751926754 299.307224892823
299.128325265239 299.675772851691 299.651515020329 299.403815663999 299.453965521185 299.142417504383 299.5706338039 299.589058781046 298.704145351698 299.142029593675
299.351808231257 300.070575278135 300.061288779607 299.671396193195 299.738365643982 299.411779079719 299.911769346998 299.804610140837 299.032512200678 299.479366234258
299.84081015816 300.351388310063 300.604559539148 300.148924419981 300.170543556319 299.900504784292 300.436285557539 300.422315147861 299.483642522475 299.947560649458
300.132886498661 300.668136676124 300.80914865989 300.47489565134 300.45282356269 300.205106371445 300.640494910257 300.65941117901 299.749542913376 300.284991455951
300.030616174572 300.394832256593 300.661258503017 300.383342032706 300.288060700931 300.010975731173 300.52632158679 300.501659679931 299.609284978446 300.123559883606
299.727739310036 299.88946852958 300.245074288345 299.996860139386 299.800493570031 299.611047425195 300.175532192542 300.023132841293 299.238210440455 299.754347702645
299.427142419948 299.609878598197 299.819825895626 299.761222703927 299.423319570197 299.327292779584 299.862952262865 299.782531737087 299.090291418657 299.540964853851
299.600735663462 299.682969774282 299.852118678262 299.945707777054 299.597752140156 299.484105893838 300.015526535873 299.784414205203 299.267206045802 299.666556855048
299.919668400545 299.940176851759 300.200033009142 300.349029850085 299.747528599376 299.748756968566 300.323407466504 299.968348226938 299.55726800555 300.107780540216
299.995608747251 300.014718737081 300.395107087036 300.550770667468 299.851273697037 299.815406585995 300.485425296949 300.041450373553 299.76341778642 300.303706403578
299.733369909316 299.923208420831 300.095055695628 300.358795641344 299.611741919411 299.688290758438 300.367351244971 299.806604625147 299.716879872651 300.255362188553
299.411633911096 299.660513270908 299.818218845929 300.074879106194 299.24862130079 299.304572509538 300.314820920547 299.333581228687 299.410621384014 300.063572499946
299.265620900143 299.427400013132 299.722809636298 300.129083359171 299.145048250313 299.285450812659 300.170123733929 299.324911415653 299.238048372833 299.939434410877
299.401277012723 299.596639464772 299.826849327466 300.441782278678 299.407929812175 299.672269534014 300.617242883267 299.597160281457 299.558909659767 300.274309497144
300.00086833576 300.230979975925 300.249168343094 300.951044529783 299.948112238277 300.091077166334 301.12823025125 300.000584836823 300.110586713391 300.545130932425
300.198117563355 300.454674794597 300.51070640646 301.102399122254 300.248632406183 300.441766642541 301.440378407246 300.274447283914 300.383788885924 300.753089536584
300.113929937076 300.3965749118 300.404935435788 300.881665652418 300.105381546428 300.395923965992 301.141108159095 300.108238104194 300.245952836765 300.538750248705
299.790401941554 300.06462996967 299.928340728308 300.327774131354 299.730766969263 300.042714318801 300.691720337775 299.813199112406 299.971359947969 299.982240002161
299.547025615549 299.823871818372 299.585173817526 299.980187843047 299.458370690919 299.773684593018 300.240427733552 299.61161799052 299.781322309956 299.578993515134
299.748023683139 300.045400237192 299.542918102398 299.928192803398 299.576977667638 299.896728524029 300.025427180314 299.83358751813 299.788013946948 299.631505181956
300.071481773967 300.242497360552 299.844574715336 300.119477474917 299.936302039208 300.276698811308 300.113858368091 300.143761135467 300.183986168981 299.88070343956
300.3300976793 300.529099431608 299.889487395032 300.168762637692 300.051308074035 300.470770085673 300.147868320785 300.405409260237 300.317925190824 300.021228783536
300.142022067253 300.564364428375 299.721661360395 300.008392567744 299.896435800132 300.352365415358 299.970888324412 300.336891088667 300.213817789715 299.806831979753
299.973033669508 300.283760418318 299.299900154814 299.522127112928 299.552624234043 300.06823493744 299.510798387289 300.102178262454 299.894430587452 299.358836940165
299.851652768532 300.181409714089 299.048337727517 299.380556346031 299.505601934148 299.975362730625 299.343997217856 300.058798896468 299.92610603568 299.241320740781
300.287739236727 300.513095567841 299.28700505146 299.680123694908 299.827238348595 300.381884260171 299.559843740397 300.386135653723 300.263625125117 299.476856137642
300.796550473392 301.167980598806 299.821085285926 300.192642285428 300.253359737634 300.711426817526 299.929654757664 300.835512294928 300.828046219485 300.079257033074
301.148924073163 301.37460851282 300.138103363205 300.569656585768 300.584901294376 300.906019993485 300.199577738229 300.905780573271 301.154249122228 300.273575755268
300.93840063271 301.257184901209 299.860639681324 300.506782003178 300.34978663522 300.891947260166 300.119205473056 300.67901721377 300.967860212544 300.238380170605
300.432939509917 300.793532603606 299.428473342663 300.22995816834 299.897328358098 300.389460035837 299.968194831317 300.209447862128 300.615111034749 300.007198713187
300.13177726321 300.349488492632 299.223175984263 299.957816157641 299.54833146381 300.00337469587 299.723639048549 299.821485526577 300.407919159975 299.853394160311
300.123584377116 300.251093872185 299.422483018401 299.944793531998 299.733368366187 299.903426637739 299.789038354881 299.787234762106 300.43422418502 300.136191039586
300.200129426927 300.526191957336 299.82346016586 300.16523492705 299.964350938364 300.128169705206 300.139377837492 300.084845783444 300.478355593064 300.514762681532
300.227146976557 300.505964435178 299.972514150309 300.205595084871 300.160364285605 300.228478615485 300.388328412538 300.128590760484 300.740436062225 300.678229977463
300.015501000178 300.155759558793 299.718095172412 299.965494961556 299.879761335466 300.018892990344 300.227719656425 299.858896170468 300.531232911493 300.52098560442
299.705462284089 299.744584020086 299.376924836111 299.569602314098 299.657876622242 299.725178157184 300.017704728377 299.570067974419 300.336992873612 300.24182672337
299.577169981246 299.436590253446 299.356465977316 299.42264584268 299.525556370194 299.679033184101 300.019450666969 299.35081315264 300.283519971886 300.100221389505
299.877620696074 299.574049241266 299.651253426767 299.791288387563 299.768798390604 299.934993277243 300.188966463439 299.652139195974 300.555856239216 300.325001640565
300.345940941859 300.188433006586 300.17614266875 300.38625596112 300.360978950411 300.362479456751 300.748671836196 300.006505245505 301.153200780519 300.741426363301
300.643636193906 300.350796103112 300.532172623905 300.682327785181 300.74252369407 300.417918936941 300.950531558383 300.218211644148 301.370955130199 301.065422780701
300.462926433035 300.139103655875 300.409284853845 300.455708708887 300.601038383129 300.206777358611 300.767464016616 300.133931467574 301.074979735654 300.913739228104
300.052335755493 299.809859153675 300.117892350168 300.20122579718 300.239962329935 299.623655384751 300.289375022683 299.58661169095 300.501963375753 300.470146247619
299.809073930552 299.686771989938 299.863356277638 299.923845952268 299.948950804108 299.189678677041 299.925734883887 299.353012462029 299.843448450828 300.104802836084
299.832460294227 299.69669778079 299.957212550897 300.074509482417 300.106774259791 299.321838006072 299.95146616836 299.446759620672 299.808142944078 300.11646112322
300.083161390566 299.911574899351 300.28520842738 300.425088250295 300.4325435401 299.435033044065 300.021796619782 299.846939431019 299.892009555128 300.404196579013
300.263595118977 299.976284731141 300.430103101472 300.470431639681 300.621720720778 299.654837159112 300.069568955291 300.044844643327 299.783042504177 300.482689676467
299.980298551198 299.733671888716 300.303738849509 300.293463917896 300.430087064002 299.462597917794 299.805352085864 299.859417317817 299.562633803807 300.232234663985
299.779919117397 299.431178669161 300.193256575685 300.00292230068 300.0747220513 298.794448238655 299.43217609826 299.569501887615 299.199978106482 299.88171697817
299.592844569241 299.175958917504 300.096936277227 299.801836224158 299.908279741756 298.688691237521 299.338732965787 299.35804927165 298.867369519454 299.74598169426
299.877912666803 299.444215749877 300.336357448248 300.030090252475 300.11514730351 298.954272504172 299.628372410148 299.542611647537 299.169861743349 299.994423717722
300.216983666004 299.802984351624 300.843433248029 300.452214242987 300.416586527181 299.46661998919 300.132154367697 299.929664612131 299.548824371446 300.358029075086
300.431557798113 300.000457556168 301.132005535411 300.618005105277 300.576169171966 299.68891432279 300.286103510918 300.277135852299 299.822736687223 300.700114068504
300.244226535806 299.898568867727 301.019067964993 300.285586599815 300.288329126315 299.587849558447 300.217293415346 300.046559502865 299.618536575818 300.518940097035
299.799030144467 299.364231002936 300.515792811205 299.841207964939 299.694596796495 299.19691353206 299.882400194946 299.724658851401 299.346178028343 300.139923216514
299.487235448076 299.170512321439 300.100456283542 299.36681370417 299.296941657688 299.074994064702 299.629853630437 299.505324519352 299.083979889844 299.783646645765
299.559676037058 299.20346243655 300.048146885262 299.386994612453 299.31307894489 299.19188713505 299.806232101078 299.674697616085 299.177382200618 299.82370371758
299.69662914558 299.592699918549 300.399422337062 299.592782323447 299.568884276152 299.569054155806 300.159356406199 300.024405142389 299.510021346945 300.139644311765
299.846390463675 299.826645591262 300.489972856272 299.72099693268 299.723805091016 299.778380188857 300.403996403876 300.156939576217 299.674730369 300.234366379669
299.513649911194 299.581192311291 300.235986369748 299.484485073748 299.554440006211 299.714011758329 300.198885474243 300.096824464407 299.525306797391 300.06601406855
299.122323626134 299.266956186611 299.82006434744 299.136912236112 299.135941309387 299.370883169377 299.986390930418 299.733181299902 299.197031457221 299.848762838721
298.923672447244 299.26089325761 299.647429382475 298.892793428416 298.953638263182 299.323160401149 299.911010318988 299.652515413466 299.138175468331 299.887774918745
299.196771278437 299.72970125058 299.827386930497 299.123253972529 299.271157811638 299.586813562002 300.304463454578 299.89086068371 299.490392277684 300.160649635502
299.747254043016 300.177974303558 300.294892675079 299.719371051563 299.681980842893 300.095069183521 300.894647341972 300.395252469083 300.037682566917 300.642367131607
299.994763708627 300.471299706692 300.591105208924 299.93348305862 299.997840423134 300.263345861097 301.140888609205 300.892627058561 300.330974301418 300.908954904642
299.791538033225 300.409602874916 300.414400499371 299.741029144564 299.831276488839 300.225565913686 300.944740375593 300.799477696443 300.235769879224 300.837454604848
299.376924662121 300.1719607259 299.921624415097 299.429334476003 299.462974361016 299.940076688026 300.642524754478 300.30405903236 299.83902056596 300.458365772749
299.164764983737 300.049806376288 299.684844161933 299.297718538329 299.238362936171 299.728717927799 300.232581000346 300.161489866071 299.554974608749 300.162361946683
299.305302197407 300.246645758972 299.784421056496 299.45999271328 299.484850820837 299.900881478281 300.14880587491 300.13832832552 299.676265389546 300.233602052827
299.608111395635 300.759941319091 299.988749697752 299.739820271326 299.797435439944 300.263129845351 300.402498272335 300.480058681504 300.161601258181 300.608678128876
299.862696568863 300.901502304534 300.195857103646 299.996785605213 299.994203411695 300.458744892556 300.594944667665 300.679701603204 300.319173765821 300.66023278448
299.687251931734 300.870380705258 299.862045996757 299.886010594535 299.796113211896 300.343202247879 300.368831449797 300.666282860564 300.258399153842 300.541141147805
299.083541619596 300.606722208105 299.432514317876 299.575890684288 299.471748787207 299.85307576354 300.016026765608 300.270936050411 300.100926749295 300.362244121451
299.009153761624 300.621096506975 299.290820242213 299.549992196088 299.431514010881 299.962768833798 299.879670997913 300.177508701937 300.143809151232 300.486394985069
299.306114787053 301.025974791569 299.502887178714 299.978185017138 299.735868558327 300.397529170605 300.071736733483 300.349776377029 300.414353009256 300.705201507907
299.805507837109 301.367229467392 299.99586365987 300.370248529573 300.083390239195 300.786651718903 300.558373497307 300.767125805045 300.854372435715 301.059055715499
300.013666738859 301.626952347556 300.287767660476 300.764380927068 300.374480434065 301.190008949736 300.817415053574 301.106510935546 301.091347082521 301.309696063666
299.872713687778 301.516878033061 300.092904601666 300.579334071413 300.214602684179 301.094421522561 300.582492842726 300.816391082022 300.925345840846 301.05073035869
299.56194280884 300.991123684628 299.704705485761 300.179978748103 299.701701176065 300.714161711765 300.186651623085 300.235036471736 300.352367754182 300.478872654341
299.405274258137 300.631929801579 299.442042805229 299.919383529854 299.505810540682 300.348211852803 299.86113627846 299.743501780352 300.01922697307 299.925325276992
299.70612210875 300.486905305051 299.55347526513 299.930992227992 299.780156809657 300.250563200182 299.753229034232 299.56921756855 299.95916730664 299.79495661097
300.095184163636 300.624510087925 299.927883243894 300.044389280185 300.158302616043 300.312135730489 300.05984239027 299.712803257054 300.121257418598 299.999558580991
300.374513283404 300.610599448965 300.132003697745 300.184546956838 300.363046040766 300.221236296823 300.112832115111 299.730081787106 300.323033360173 300.085699980806
300.272586127948 300.347747105379 299.990036096495 299.871756734236 300.167664897522 300.066990550359 299.834779973432 299.509378132787 300.031082508004 299.8617774281
299.933935278481 299.937107720253 299.658774516229 299.628853307143 299.887756672209 299.791679826044 299.382349843083 299.041971279834 299.804899564691 299.38576998105
299.911788820754 299.804362119696 299.67260064377 299.624453382793 299.738940752218 299.542375657034 299.206358581781 298.840740363783 299.604170784913 299.343661830087
300.34540529239 300.061537588766 300.133395176312 299.774978224784 300.100473038077 299.757492761088 299.461581222836 299.171152138031 299.916594224242 299.64471644811
300.825763118231 300.559557758346 300.527815860824 300.305969780873 300.651033306582 300.160128706691 299.940190137357 299.707280781838 300.359558221491 300.152940564003
301.181240311062 300.814832436613 300.904409728534 300.513412406416 300.979026527371 300.374549832205 300.185503478998 299.881729388896 300.634525749545 300.483572821853
301.060860831721 300.591805787514 300.783151103532 300.317499071048 300.772954430299 300.197364986308 300.038049099552 299.654669672996 300.454439894562 300.386052409582
300.638593804615 300.170816175873 300.338821246074 299.967970176369 300.339557323741 299.8622956002 299.669628428019 299.344688702075 300.016058159826 300.151530076537
300.39211191529 299.770717370271 300.154958929181 299.767920559214 299.996742745262 299.576851172734 299.386930235836 299.151209404103 299.744182381839 299.948937326047
300.328756498592 299.808680132165 300.188491791036 299.805050481257 300.139801363747 299.723738073886 299.521841482088 299.362953401881 299.85280985923 300.071156902372
300.498279561681 299.958966417797 300.485946261615 300.228970033395 300.437311239004 299.952838642803 299.830238454296 299.719766181924 300.224644578095 300.324895752282
300.58023450284 299.977181137988 300.596007955847 300.388583562157 300.539394393217 300.197503318288 299.967425959833 300.001273594065 300.371951276176 300.395426261839
300.317438146639 299.755512012402 300.400873694468 300.304768976025 300.432928417182 299.952954184511 299.736290830256 299.875321845914 300.234704553464 300.043481123565
300.005974134506 299.262425570025 300.3791844282 300.004208234994 300.071542326179 299.665777910378 299.387698629146 299.603782068915 299.87974882438 299.722997730317
299.901667278993 299.134379892669 300.338069486978 299.957365338194 300.06627415437 299.562936398948 299.003022874599 299.661956108588 299.711200010507 299.545638095551
300.167588296805 299.510503289407 300.705361514177 300.132522978952 300.490610547759 299.893116963856 299.40134110801 300.062747764054 299.966843941656 299.747074159623
300.442288157938 299.977758931508 301.171146678085 300.56141327807 300.858389097377 300.34425913932 299.864697416377 300.430069978909 300.268180377206 300.21985135556
300.712070647628 300.215607062773 301.504510234203 300.870141656792 301.230933395245 300.615142997244 300.156138689433 300.692446762766 300.471946979658 300.447827968169
300.447692170563 300.033576066927 301.245774661757 300.624717326392 301.065483744164 300.364544144602 300.120278476266 300.503099107857 300.279564841814 300.211774635761
300.026098913344 299.859010752689 300.799207287214 300.167949516959 300.647508951848 300.030823239232 299.837566077585 300.077198624902 299.749778681448 299.748357340941
299.664538242607 299.565984294331 300.388844628052 299.790178492468 300.130738450278 299.84980017353 299.698266190383 299.816496299743 299.395995819109 299.419490080301
299.672190250652 299.770225425954 300.200419458808 299.765520342032 300.128721688494 300.002874472398 299.92662491878 299.827496545582 299.425307787272 299.473809956945
300.011979554791 300.128659227039 300.31375814134 300.003137025814 300.304930546375 300.390541017277 300.216210830174 300.066359233317 299.706855991516 299.743667833128
300.188395259455 300.198883421075 300.348332727742 300.169826237598 300.386519077064 300.622026137786 300.357539565175 300.225215411484 299.87962562369 299.810478141559
299.839309216519 300.071697606041 300.175510396651 299.933131959644 300.305321194718 300.425410471984 300.071831990079 300.050289782348 299.713651339879 299.476966972246
299.478856810135 299.679657224027 299.857511135729 299.382222419376 299.926111598541 300.180483226885 299.793712282415 299.64580068959 299.297537677166 299.045485354798
299.344377562272 299.687852138599 299.643587954598 299.339392892495 299.739904147875 300.127714699661 299.748499462844 299.515409282381 299.117306892476 298.903478495851
299.655742742911 300.078401909347 299.833827016975 299.584602412042 300.048675476678 300.497335129114 300.109472270838 299.729574847405 299.588341686132 299.258743295858
300.217578432484 300.531771845852 300.190867680993 300.021194717509 300.403533115424 300.966280908158 300.770979552967 300.258809407154 300.08071503423 299.691038848142
300.418815237048 300.785762697554 300.441952141135 300.322321210173 300.606648285023 301.187980929358 300.988489149125 300.575878816343 300.296884261659 300.002311893697
300.16533322138 300.785684411141 300.287391874762 300.172724977036 300.312167057623 301.093397118206 300.78194707472 300.476055475184 300.163737790534 299.840090730677
299.749291155793 300.388090446656 299.933553191164 299.736531748959 299.767487181457 300.553756756069 300.404025381715 300.059952021635 299.727051072085 299.577751899305
299.498523449979 300.149970097755 299.757755935768 299.552644334315 299.313335882535 300.288280784112 300.086928891472 299.811966127802 299.528991516431 299.331159548382
299.520550027477 300.090780351112 299.829000491163 299.687284533542 299.288870650837 300.21296758504 300.113935019448 299.988388376813 299.56958320397 299.438751823801
299.876739930695 300.275019279915 300.080505471823 299.970465349281 299.59897899842 300.405653059383 300.270606383474 300.434404326875 299.972331906403 299.878462890604
300.075549682032 300.328276279481 300.257644576082 300.122328632802 299.733723150803 300.37332703537 300.370488452548 300.494529963591 300.171441197435 300.067825251798
299.91018227356 300.131746862633 300.249157634119 299.879137404045 299.581766021227 300.203165592729 300.165444931786 300.396975471721 299.877506690618 300.021981557932
299.439996577564 299.755258918597 299.9128203222 299.444145494366 299.185822229752 299.910032610758 299.908749520053 300.15979100286 299.503720061867 299.578511666169
299.387119617378 299.723816860293 299.722833703392 299.387113928682 299.050834687797 299.708588672165 299.797422357756 300.204651443299 299.296126488094 299.584927387483
299.807466552814 299.8771264589 300.014240719486 299.723219422682 299.353769270379 299.890208623125 300.085329932695 300.34774658062 299.603016160306 299.87442458361
300.27654374427 300.351638224135 300.562924811974 300.263417327917 299.870567213819 300.268216537596 300.577745902916 300.725492125304 300.115004480291 300.338468739147
300.558191082645 300.525024820122 300.81726629743 300.631032779105 300.191196284552 300.630471769957 300.808299231256 301.040594846231 300.389532208341 300.593695202463
300.468593305386 300.367684316159 300.753566054306 300.553471318235 300.136934904629 300.401588558052 300.638245053882 300.852464831344 300.213393900683 300.420653977192
299.981659776607 299.998746155031 300.388319125852 300.273012025522 299.770282835272 299.995839688013 300.258880903394 300.393747540085 299.955697299411 300.068020898406
299.666226775408 299.677975829398 300.153133748273 300.014748360362 299.540953025022 299.628520447774 299.986572733049 300.051931207932 299.679285031491 299.83314001621
299.850383958227 299.8197684083 300.318890167803 300.155349929309 299.644332575785 299.587892268609 299.932119253313 299.962355652687 299.74550209215 299.979819358255
300.080983804494 299.983671736598 300.546593421399 300.559379119924 299.980504654859 299.797621656096 300.083118275057 300.20635290354 300.032602726798 300.236360197208
300.236879930666 300.095605995233 300.707298485365 300.65897277168 300.166618362499 299.944685505435 300.249231174394 300.18332711348 300.27606012395 300.42006019973
299.989536719614 300.067872440206 300.523036864258 300.679074269428 300.077698289792 299.887092870869 300.132564503595 299.965621762378 300.198995007745 300.333180633221
299.651051150037 299.698080148493 300.172090692141 300.327087170992 299.739841300038 299.463945380022 299.637423294446 299.374748542189 299.712226361379 299.965470894595
299.543587439015 299.63935160923 300.125654972378 300.266191477162 299.616192060331 299.254918163029 299.468900185063 299.257257823329 299.649322681137 299.799635254422
299.777085576592 299.979977820875 300.255929099112 300.524736340847 299.878668634765 299.560884670221 299.834084730022 299.481194910608 299.991267844775 299.993459327029
300.235690609006 300.412743850954 300.805213029323 300.901409896588 300.429899861091 300.037791395965 300.23614907526 299.979252610589 300.487944864021 300.535068828979
300.660599014996 300.578783703644 301.033163425603 301.169614734047 300.629579615773 300.357769026524 300.477240099895 300.15523159993 300.744451473214 300.845802925597
300.497338085903 300.399698893881 300.811298731028 301.036428976875 300.516297628974 300.212931643883 300.273392026468 299.973887937401 300.627552242932 300.637596340846
300.087690838093 299.964538703916 300.333305522586 300.623383558365 300.181802176672 299.977607444134 299.950064219933 299.697333051684 300.118349739357 300.173650552017
299.853742725682 299.631167790892 299.916236744542 300.098666148482 300.018885901093 299.814364212541 299.49052491947 299.569745113713 299.762516167236 299.989335416559
299.925117410093 299.672790900171 299.946651286139 300.085552330615 300.242256407006 299.991272872756 299.741440588819 299.68345960547 299.836445818584 300.021679575537
300.284206853971 299.830953096024 300.175925893028 300.277928721485 300.366367775407 300.314089006202 299.968661695369 300.101410536967 299.997444454685 300.373821245836
300.509983049527 299.957444679677 300.295100609358 300.355853730322 300.550915523165 300.589034399031 300.045078770715 300.311097852884 300.072917436996 300.573887883382
300.293365382651 299.711188131281 300.081414907877 300.223452512935 300.433529823233 300.427296514484 299.813676586417 300.089279317579 299.737778941805 300.372456695913
300.042351435916 299.349486532519 299.634735305591 299.950136593749 299.973008784565 300.150084643381 299.515875106747 299.833779811507 299.331209466566 300.149074473388
300.125661056198 299.183023620348 299.51617355186 299.677785072312 299.965947755123 300.073362662346 299.317641073474 299.94098426062 299.300075416045 300.104633665169
300.474214435698 299.440716443994 299.686536463308 299.867899362514 300.258576155441 300.31563608048 299.470219442493 300.237148743729 299.601655847137 300.316735586578
300.875733165102 299.878040313005 300.251009300661 300.263196874057 300.717966996857 300.939344125397 299.989455091221 300.80003825276 300.093512056098 300.842878427976
301.254054209763 300.14872543945 300.58727373894 300.517983941997 301.049664214441 301.184839817244 300.29298934668 301.029334194338 300.250315676863 301.04273102492
301.111388944625 299.992230692592 300.429411385771 300.378868055336 300.957513499517 301.043579313453 300.198820667888 300.859624772213 300.153225441193 300.845667387071
300.743832760154 299.620288322952 300.074706559066 299.997552302975 300.492510547518 300.678725017507 299.871153694853 300.530260984833 299.81921405146 300.339205634031
300.396734460388 299.314961445282 299.928328206524 299.794439509429 300.280614127262 300.371020581923 299.714343553652 300.240878052272 299.714607790146 299.990525892479
300.327755647764 299.449292693866 300.038144924797 299.858669812744 300.259938218261 300.428418846697 299.888093978557 300.270221655082 299.872387869319 300.035754081074
300.566620826808 299.716029277587 300.441988756379 300.121190073626 300.471619851458 300.648338816653 300.157026115221 300.514436527998 300.239851751515 300.187084939912
300.461902129334 299.879297770315 300.602859537556 300.224169631066 300.575247564188 300.612763233292 300.338540584667 300.657410932918 300.441809175925 300.233523682008
300.341102081984 299.724376304434 300.585701730441 300.023757950704 300.497768605463 300.407967248392 300.256524347761 300.377860334795 300.300982518458 300.079499849737
300.11337550727 299.346831423862 300.33854978853 299.736575193498 300.099338250231 300.187261645283 299.989927688773 300.189087147063 299.993759734082 299.713892968253
300.006541286876 299.327826992679 300.216867476842 299.672971606339 299.986218906321 300.005443416049 299.962719539818 299.995264096067 300.087133124134 299.576014849368
300.189433833186 299.584808286042 300.53688692085 300.095003985276 300.271805462337 300.143522960835 300.27116993374 300.193644499773 300.345369257288 299.752649862397
300.614446119505 300.190745611237 300.827255523998 300.503095361051 300.728027886801 300.495040127163 300.640491881314 300.574661246914 300.847497612863 300.243164603186
300.954222619362 300.434663695255 301.183501124444 300.838767081916 300.980428652951 300.790288744831 301.031003902867 300.918635169302 301.151216761795 300.387547009602
300.678571151117 300.289968425593 300.79828159548 300.680645364637 300.75628234826 300.584717475336 300.749156629854 300.628170823606 300.898903586754 300.251640593378
300.236627766561 299.959921093738 300.306902643056 300.172932744551 300.228423547119 300.033050050492 300.409254446186 300.205079532414 300.491900263186 299.891301942011
299.958937012432 299.768039263221 299.809018890656 299.884389472335 299.841672877091 299.622835963449 300.076404246135 299.895794481668 300.070243856784 299.513775688427
299.955157909484 299.909366199813 299.785482884238 299.986684658185 299.93908201634 299.695192210482 300.067943435484 299.955665474191 300.085064751299 299.582753094299
300.233192585386 300.275042132913 299.959020810414 300.320449288606 300.166814901895 299.94033766248 300.355500264591 300.178050472804 300.157406515815 299.912470770086
300.339252873562 300.271634165975 300.031124278367 300.502849406273 300.108586044756 300.094957321259 300.418815260139 300.369548247871 300.205177396666 299.992629819525
300.171523678816 300.164109469997 299.762558767718 300.422454998535 299.891567751938 299.985958516054 300.126491208777 300.162581153678 300.057440401734 299.751965217385
299.891832795601 299.839148518611 299.388818030851 300.088601854409 299.475035354928 299.645388361566 299.751111374761 299.888489397602 299.824711377862 299.328741507419
299.80237102554 299.673867479912 299.212242434884 300.060950773009 299.40918823661 299.579765768989 299.618470857863 299.814996880703 299.675426021343 299.100343005724
300.146805084214 299.909053379696 299.577049620274 300.171147765874 299.525946969431 299.755369156544 299.71971152035 300.065973344195 299.827207561253 299.405651307198
300.60823068726 300.42246139801 300.082170891329 300.582836929576 300.017822477442 300.437286988331 300.16354227015 300.543269064808 300.395608058746 299.906706873905
300.870110171004 300.614911321679 300.421224808171 300.778437041375 300.28398236395 300.706638669084 300.404321554307 300.849173623474 300.633953463072 300.16820712687
300.688024217178 300.455765496035 300.168014842681 300.583652911787 300.113697752203 300.652004706042 300.245698143154 300.722572666328 300.497319982586 300.029907916025
300.229605577327 300.075689585867 299.895030082798 300.172690507208 299.612292686156 300.409225907717 299.827149614508 300.466082549424 300.091484098971 299.64689074772
299.927110131268 299.726318230154 299.720089111325 299.761141461084 299.275972365171 300.220912719336 299.551405830223 300.238960026624 299.867064919715 299.489217331032
300.006036282219 299.77993564914 299.873440576546 299.761106155993 299.450671980965 300.363178571767 299.659904523637 300.351344847997 299.924136709303 299.633415173818
300.289227486816 300.093945370286 300.129481017413 300.030006737111 299.807328909188 300.659893941355 299.954880602206 300.664074951606 300.307364419234 299.979470257168
300.428609057183 300.272068828898 300.271957708521 300.05525041989 299.927144568412 300.829060225118 300.05170955968 300.826081696862 300.422392497376 300.110136567528
300.237457539359 300.096756537196 300.094292738048 299.851438344993 299.752026753518 300.730265327297 299.894781787897 300.637394491361 300.166047874942 299.898640052979
299.840647392377 299.861696230586 299.703100539591 299.560645470754 299.401364552137 300.527900545079 299.52030930559 300.378816258368 299.827336738612 299.512202171883
299.770129213875 299.678554391228 299.507879133374 299.401874179832 299.254070251222 300.522505711829 299.41968741971 300.443322020509 299.709095950028 299.36664303742
299.967109708856 300.04419265408 299.61768392155 299.53894623882 299.64901860964 300.694078286961 299.702322328771 300.684446835172 299.891971838657 299.785791623919
300.335901305359 300.494160197515 300.096610578453 299.940619268509 300.157214299785 301.336962390108 300.305507136216 301.044770172336 300.461211844473 300.218564144717
300.492727021075 300.762624986792 300.367230217325 300.20723721799 300.496218148963 301.623452049378 300.591973736973 301.370771282375 300.698484313349 300.520017739053
300.311799853613 300.682288643163 300.212935037182 300.054375244195 300.328572250239 301.326571072582 300.413002421185 301.301173728119 300.550868850697 300.506431256243
299.934853752591 300.28460793913 299.821801674735 299.652231685022 300.03844835955 300.898453282508 300.085523232848 300.763244783577 300.261357559625 300.081203480122
299.63419045126 300.03723195692 299.536592445268 299.485740860105 299.84123755498 300.53978887557 299.766682092071 300.36505104679 300.113204630103 299.835150909928
299.757076170141 300.182380290769 299.648188890565 299.715904335416 299.972977528312 300.462975256165 299.910617644043 300.397723902525 300.315194071286 300.068366744183
300.053729362117 300.456647470494 300.095527969764 299.970709040142 300.283150241103 300.688840880761 300.227498768778 300.503104557715 300.758758478709 300.400152501438
300.199074016457 300.596631064446 300.15700774506 300.163661229932 300.449465334708 300.779466833168 300.33515156339 300.580331823687 300.982773164148 300.593163769754
299.967687511206 300.419123922151 299.983834762267 300.0256324771 300.263603913744 300.501293819326 300.055105073916 300.336306621429 300.881593763681 300.438051956205
299.541298470431 300.08946436209 299.676079475763 299.646691884394 299.829321136709 300.220482954688 299.774994763975 299.946987439609 300.617910889144 300.198683565977
299.610759229313 299.912662524038 299.583888093527 299.641090784704 299.668496456689 300.102835953693 299.712716739577 299.765831818628 300.675273174674 300.098527669279
299.792569146722 300.342222017464 299.977187147222 299.953338617089 300.09036926827 300.197344198376 300.040385224694 300.031120303791 300.806062439785 300.43630680692
300.305646550946 300.831351663114 300.299197589743 300.442917557977 300.570785542703 300.511291116547 300.445753778279 300.594052445194 301.288629879265 300.830132694013
300.624399815447 301.254472856658 300.612644529931 300.694063241128 300.7811794058 300.728239620245 300.814972780398 300.87989800177 301.576112586291 301.063060550262
300.579507648273 301.074408408341 300.478307517682 300.500525859015 300.654593951094 300.5504484315 300.579897613057 300.736068318723 301.51119170474 300.876891577481
300.221234821427 300.644299759161 300.182499171175 300.038275239458 300.27178949194 300.03602833007 300.219257678248 300.421358798329 301.047944849296 300.410889749905
299.986944042515 300.295249653465 299.940751174747 299.93928932384 299.879210413099 299.69471375044 299.957648548097 300.243369941917 300.692348929551 299.99464118709
300.204194936508 300.452762004661 300.072361023965 300.070404607729 300.003962815179 299.784108560333 299.970257482158 300.346943254457 300.697208385133 299.914421917288
300.61710990484 300.735242036575 300.462913922982 300.521446680583 300.215862176009 300.037305766946 300.261008526933 300.650425953432 300.897165934476 300.116984661821
300.836308543724 300.870158084653 300.57531223069 300.620661217741 300.465311532458 300.129673867119 300.314125180074 300.711182102796 300.983337914056 300.112082956715
300.754148619021 300.774386588285 300.304201775548 300.483534461059 300.020237450255 299.897475666919 300.123477819694 300.556934107699 300.845560546353 299.98095814551
300.54968450938 300.38674159175 300.004662357289 300.147068013022 299.632832961155 299.556875346834 299.78359391268 300.072499738934 300.619945724862 299.543730650956
300.490078709788 300.283679148923 300.022312224514 300.071446467655 299.56154544181 299.441962379961 299.658657926121 300.130176142917 300.523439152966 299.416679425836
300.858357456553 300.495481325102 300.388934200076 300.392080000672 299.857405483008 299.618641064629 299.919360550591 300.387497113318 300.803687677051 299.782257278778
301.508855795402 300.867896240285 300.885574996776 300.954515631348 300.438527159268 300.204659180594 300.456566019574 300.713431295114 301.285520676269 300.216284053591
301.768427287877 300.992753069134 301.090258895512 301.301336050804 300.694884728555 300.548475450248 300.797036623319 300.892482987275 301.467584465711 300.437542090624
301.710639319558 300.814464338362 300.822672318901 301.059611359092 300.495234910647 300.467918475751 300.600136229242 300.662271096745 301.410994960295 300.248990960122
301.274310231018 300.294597314834 300.255678832481 300.700266983927 300.160948245756 300.113654780373 300.29445143762 300.296288692983 300.891074956216 300.052199051012
300.910112250297 299.945384442359 299.834959471294 300.33558487038 299.897624042916 299.864112586194 299.946412617235 299.961495452888 300.439034922133 299.842421049424
300.829196714435 300.027310973066 299.735559225575 300.250585095915 299.979200842105 299.910186181422 299.979610573978 299.999370277298 300.37282848789 299.976941528923
300.921662726001 300.311832519992 299.981062647492 300.392139469505 300.225583250046 300.236247918083 300.172715484338 300.209594087314 300.488631520125 300.405184777153
301.075226463229 300.300838996569 300.149199813769 300.465651790306 300.197530292832 300.418368314204 300.254624029203 300.251625318501 300.578884269564 300.638353572554
300.965699467569 300.050584952878 300.11940942116 300.314125750489 300.044586501701 300.363322875068 299.956833181558 300.168523388634 300.326888541748 300.451059694164
300.715777121948 299.760953498168 299.568817510857 299.847673291546 299.685727459535 299.994755527838 299.670741523868 299.735027952937 300.029582280618 300.25202191535
300.671894914388 299.584686935039 299.415673402904 299.674245252217 299.618217911067 300.019603233359 299.557217539282 299.583727760467 299.794436003761 300.279896545636
300.975590344043 299.788222070163 299.630463952815 300.073042922048 300.004871089914 300.339926671138 299.86750732125 299.805483979323 300.064759332046 300.39595401821
301.307397391603 300.145696105639 300.04955298352 300.587753988528 300.672610191902 300.702069249674 300.405933697522 300.216369830496 300.479848719198 300.940551309309
301.547201304528 300.43666694529 300.322732932722 300.960952776267 301.008097822196 301.038044363037 300.788424540614 300.45524406366 300.761268497967 301.16062763048
301.381736826048 300.257854034454 300.186651566931 300.808681259859 300.948282582087 300.888949697244 300.566890379773 300.336548284183 300.523237562804 301.020141097986
300.883238620302 299.944356960695 299.7874801799 300.37070211759 300.578960225047 300.375270505889 300.213438277268 299.91478859266 300.173951167901 300.414552026656
300.407615046207 299.720485827022 299.582805895717 300.169523912359 300.309659213464 300.013631195469 299.901932164457 299.751394148015 299.975951600656 300.063311966656
300.342210717135 299.924718681721 299.662181503618 300.340851238428 300.422827903618 299.908482085799 299.984893776508 299.873497996523 300.112976020384 300.059287803456
300.465232159086 300.242742079163 299.970529892484 300.584174585367 300.543257944258 300.145639151921 300.382632404991 300.275686003432 300.337477365449 300.215463471071
300.503479837103 300.331738324576 300.069178807601 300.750674701865 300.663243680139 300.28893802573 300.500713355917 300.471931996301 300.466670382606 300.349985335461
300.396683117704 300.148145763186 299.851721666518 300.63622138264 300.448109489492 300.061876802278 300.319257705146 300.261012930449 300.202966004176 300.228952300268
299.971779650415 299.93036761311 299.475018435152 300.285641135878 300.087197953296 299.711743816658 300.003326598666 299.867004509091 299.719377344745 299.71116884208
299.722922352538 299.815657748884 299.369005535611 300.238960096638 300.10761756136 299.627210545317 299.849895581353 299.694159184667 299.703685113757 299.627377016647
299.839687580956 300.199555780826 299.813494009509 300.609282413858 300.310538859613 299.981709492131 299.926258816681 299.939230378025 300.005877671845 299.916766750994
300.336549196017 300.821957383651 300.313263810218 301.128676807842 300.685506490828 300.543816551859 300.435587657841 300.416244684061 300.572013496953 300.4926673947
300.670881998241 301.134441795621 300.665051501235 301.395059517361 301.065600638772 300.689372920329 300.713667297216 300.783354025605 300.877683415955 300.891331972756
300.420203099945 300.999409938416 300.521247563016 301.193439782992 300.854355554112 300.618504355934 300.524388911019 300.520764273104 300.838125578761 300.708960183142
299.979829325748 300.637227281789 300.06210128764 300.861114588174 300.31925181693 300.215851067847 300.017851947201 300.064220859989 300.487381282552 300.334027777973
299.703108642891 300.387064038703 299.813438623066 300.447684172508 299.851778654565 300.037354058593 299.867066583463 299.824507387858 300.344948791291 300.159045330017
299.749116776156 300.482632297128 300.03273219755 300.361916449685 299.927919421795 300.139276160972 299.943854893877 299.969003482506 300.460129635955 300.287569003544
299.970413677992 300.7094290161 300.278239005134 300.493186116847 300.133447073045 300.377738400518 300.234721871462 300.226355998876 300.73825549883 300.506671719981
300.080246884375 300.958684152458 300.490168258763 300.614777487526 300.262548464731 300.532717516996 300.295807980786 300.19051961684 300.86813806401 300.699412820522
299.836218113702 300.868358418458 300.314406520095 300.45236201109 299.988198737443 300.480415295322 300.272980197554 300.154029215897 300.757044213644 300.586512379963
299.434778075774 300.56620013949 299.910380159137 299.9949035522 299.534008072935 300.173113088281 299.912113441103 299.733351703885 300.498881549152 300.209526034108
299.294386901183 300.538490928809 299.745429861215 299.796133638529 299.39463107769 300.137573712886 299.750827513875 299.524281973302 300.626961155941 300.196080401303
299.518643718353 300.869263494527 300.091157527966 300.033132883239 299.604532098178 300.430551093377 300.148888989963 299.907119550081 300.966917565227 300.257681472332
300.055399695479 301.428610083865 300.439917891925 300.500881306624 300.180589905827 301.002548370463 300.739794472149 300.404865792601 301.385524754968 300.836944224532
300.334966541923 301.687641217181 300.73438279494 300.791918149443 300.400778483574 301.307130745072 300.973637882433 300.767327825026 301.768871525999 301.098271832267
300.220756285317 301.507426143005 300.618753870012 300.608788460347 300.288099208731 301.167237162211 300.930933839599 300.427380609545 301.635434970004 300.94562958765
299.912547427989 301.152307730921 300.239767446781 300.201190394804 299.84990894222 300.718225180442 300.594598592838 300.277765459118 301.219546109834 300.410616094976
299.711701188592 300.736250880542 299.963344451428 299.877239710293 299.579357429667 300.322843019146 300.289730662875 300.037926809565 300.896129178238 300.060238626181
299.887425656707 300.702155571977 299.927457794571 299.948549583603 299.745335926129 300.486692800045 300.385233862097 300.17894925577 300.852246684254 300.087402855115
300.286173357511 300.770438952012 300.143541940629 300.1905807883 300.119886630211 300.700337787466 300.639847115793 300.52742611295 301.004185457244 300.283634564596
300.440419233958 300.838090450732 300.326724300872 300.339640043635 300.248454630435 300.70722446429 300.776294794176 300.700927592082 301.011052534179 300.353389246147
300.316451474832 300.679134657415 300.140221462698 300.154677218585 300.110921238096 300.544952285427 300.610444153399 300.595255794644 300.713855851711 300.175002937569
299.960765688175 300.247428322583 299.80475508654 299.899244668482 299.762148844054 300.259104777152 300.318676140032 300.304275618208 300.465267180753 299.804673219284
299.959949529676 300.086815303661 299.549653184058 299.799995044598 299.713745116656 300.20635248116 300.199564758131 300.127293634976 300.411990249861 299.606440886598
300.056975301078 300.299667727318 299.915170482552 300.274902582949 299.976824464174 300.582335169191 300.515301817561 300.416317197187 300.513589612175 299.963592948471
300.627470492572 300.778666973866 300.44968804482 300.758684040278 300.546276550165 300.900651103707 301.015968387926 300.919063435721 300.952563368528 300.446575011337
300.980393794977 300.925614506968 300.793718432414 301.012213240259 300.771873128019 301.212643918148 301.291524420582 301.234827044589 301.246165345427 300.695438265622
300.723358670001 300.692392779286 300.706496490857 300.840945609694 300.664871806338 300.873312824753 300.977329301192 300.994905738254 301.113205764187 300.532886926857
300.326745929217 300.316360831236 300.321770906325 300.510235345017 300.435979817186 300.191584191226 300.44015189682 300.587129547858 300.62957640026 300.193513976957
300.082602169963 300.039731368644 300.093069894432 300.369864665506 300.221270980017 299.752872263481 300.027770846623 300.374731285147 300.268150589505 299.907615056743
300.213751602423 300.074990547166 300.23820045371 300.540308027274 300.404312645462 299.713083494389 299.804108828049 300.418267073059 300.447580439413 300.020944043694
300.380301627859 300.342700554589 300.558301457247 300.849427498378 300.682993442651 299.983869868155 299.957789263167 300.687833639034 300.70523791707 300.321075751515
300.47835485302 300.433343754321 300.716343579735 300.96296100559 300.866337129151 300.040813851943 299.973772310263 300.830172855127 300.866051673227 300.59407741965
300.236834970998 300.239224387832 300.586540330745 300.685127125756 300.813565058757 299.823968184993 299.774885375581 300.669426401002 300.675465224523 300.328622938566
299.998627727684 299.842055657605 300.344475326308 300.414974472069 300.47655348992 299.330051628498 299.313914337618 300.368299195062 300.408337675985 300.042062777985
299.771351434663 299.631142615154 300.401246254781 300.365068790802 300.44514820455 299.145981641577 299.146631882998 300.229854824367 300.181741265964 299.835255415052
300.057952378924 299.981664604743 300.582015268874 300.58110232668 300.717337527006 299.478385754469 299.402988341623 300.342385114809 300.510932134264 300.18775757887
300.660469437963 300.445446201131 300.921844509461 301.069085535575 301.215740596294 299.895369862716 299.989457009546 300.727706099246 300.993922050419 300.732025831965
300.90696870403 300.729186914017 301.038862996153 301.387676235148 301.573525767543 300.210196559722 300.321790287434 300.921033578659 301.168682451769 301.025720065597
300.752114424564 300.554641969302 300.815505335481 301.248871675589 301.376629454525 299.96533009859 300.150901614918 300.648611525693 301.062064259293 300.942519990983
300.362176728488 300.120077156206 300.232805668662 300.693654853604 300.891566165837 299.603522445853 299.773955604764 300.21339450609 300.558684456316 300.609841769179
300.058047059971 299.87952538434 299.917021497273 300.329331371276 300.585976250777 299.416255083407 299.580946214102 299.77155312208 300.209015151158 300.324230045688
300.302154102753 299.942193153959 299.91860117589 300.420340006927 300.56392234226 299.550803311088 299.721826352733 299.826107626362 300.225000768074 300.496729554721
300.561201322554 300.190951581069 300.154827982252 300.540006081165 300.68553788048 299.997252870414 300.091255998606 300.017567237517 300.399154687195 300.791228179868
300.763409069994 300.374745650927 300.252539599866 300.542487642586 300.768968404214 300.18605092206 300.280411086106 300.070376470217 300.470676948931 300.809741865394
300.721056360019 300.230533598772 300.033198282521 300.364118643713 300.496423151334 300.15713123722 300.151766311155 299.789496158343 300.246737178851 300.750665702526
300.391824562892 299.855906500015 299.778981134807 299.985641064869 300.142263625336 299.749225810459 299.806043112591 299.46152645734 299.933238718593 300.506783946802
300.317732509274 299.709746305709 299.748572495972 299.868508861453 300.047122464934 299.703406225303 299.846120427541 299.497012785695 299.760152744843 300.479853803463
300.588441934009 299.934636136054 299.936621680886 300.112332989037 300.247903766409 300.117497872024 299.996991024424 299.79806039202 299.987441412556 300.625156521212
301.136306550986 300.494597211103 300.462587086677 300.587061046434 300.743816119577 300.635239850362 300.673935117204 300.270125131576 300.459110819114 301.110713872215
301.280554485424 300.797086279355 300.752449369432 300.97899931897 301.033641980361 300.933412335716 300.953906817189 300.595737674469 300.7804238208 301.347127495167
301.267699978766 300.628983052793 300.569665759563 300.818952670358 300.916020527369 300.924625032588 300.862644789518 300.456685011609 300.627126378866 301.098251214268
300.695943295399 300.197962788182 300.231721880207 300.459199651359 300.44649001776 300.495238201278 300.491833767463 300.167771451792 300.179619054809 300.611964037297
300.306758501846 299.880116613689 299.926402061909 300.23642410779 300.168479679477 300.345827164984 300.195660208412 299.969308374654 300.087888146237 300.256162309099
300.298151972375 299.928185375435 300.084224048448 300.476140102436 300.217039919642 300.476135919703 300.313397969152 300.133910146158 300.178031896 300.282133963504
300.460910456403 300.286103582058 300.346044323665 300.757689879798 300.393147247133 300.731357792013 300.607260503932 300.497177896404 300.495986411336 300.419906746218
300.567309543639 300.259426522806 300.43947015821 300.928426391858 300.448177977211 300.82902847925 300.671377440646 300.718206332672 300.680438804202 300.47542198228
300.223960694898 300.062126819823 300.233005399082 300.777446558829 300.190604276898 300.707266762678 300.536076028871 300.609176245283 300.408297355664 300.260849291914
299.857516278698 299.693178202439 299.844776482716 300.4997732329 299.775345108905 300.347782740514 300.154593430558 300.332938370278 300.053217277445 299.812169880588
299.589415403607 299.644102280419 299.82064576938 300.409829771034 299.579942918493 300.273036044062 300.066366576739 300.368573766152 299.936522500295 299.760431297671
299.787967223041 299.968838770313 299.988948725232 300.70821966444 299.809055644879 300.449417100051 300.408035875618 300.430928447434 300.115727855075 300.023889741012
300.269120964387 300.4672222036 300.511742246698 301.050130418698 300.286567464177 300.885203420344 300.739288044608 300.867201254785 300.609547600605 300.661318562955
300.506052599754 300.78607346874 300.77696232814 301.316972251613 300.551351741592 301.172078019054 300.999550270244 301.12678645311 300.937199114466 301.026564107446
300.36377108652 300.633121561367 300.620874546274 301.119918956286 300.387470024601 301.1878999235 300.818205178459 300.989763327192 300.781579035122 300.769978914758
299.976652191334 300.320956145373 300.315642707261 300.592345713667 300.028589609423 300.765488242649 300.445745925604 300.603887733275 300.377023470088 300.436278248973
299.817255255123 300.108005798128 300.023995420258 300.181304863595 299.773885078717 300.446043674114 300.173398906451 300.263919854367 300.178991480829 300.137300903423
299.878062547379 300.320316427482 300.178778554712 300.151452757931 299.828797386443 300.559897498912 300.226937348855 300.274048138833 300.336004074763 300.301906775333
300.336770788394 300.601218030861 300.354136777736 300.390326442137 300.053958078067 300.760531463426 300.517811775421 300.515504984757 300.57008447451 300.633956476141
300.476192754722 300.705441775669 300.558558729039 300.434101534267 300.205635232421 300.78094142871 300.530588108726 300.611138497999 300.677068815315 300.78072302651
300.318970242249 300.516290404003 300.415640058773 300.248521440786 300.050238599283 300.58933155532 300.325235171538 300.518642684234 300.575105518939 300.546018400438
299.998116317505 300.216262082226 300.156069169957 299.877018295731 299.560518914325 300.400502632144 300.024859936652 300.208439897855 300.379419312517 300.190167543378
299.933246449122 300.042129463856 299.940003778647 299.782704998377 299.424783119877 300.24879809502 299.977534590531 300.21357404524 300.474422102332 300.038276819804
300.160542039024 300.339037637434 300.241817772032 300.153198087546 299.802811861974 300.637639609866 300.285410811301 300.462304821645 300.694996398298 300.272658302097
300.615367552649 300.781189015417 300.762959602795 300.528198177655 300.300526678849 301.080843892738 300.644216442581 301.100040774701 301.045541206276 300.674968561113
300.924978781039 300.980011587718 300.909820684331 300.887992979046 300.665099164596 301.337033550917 300.92476865333 301.320100111581 301.33640351941 300.9922102168
300.883065337014 300.819124052872 300.813201233235 300.707477993103 300.577700592188 301.168619903832 300.884407834497 301.179525303545 301.169421198856 300.798205619792
300.466271643976 300.392532935738 300.488311367205 300.416090387555 300.287047158712 300.692378542153 300.561198920205 300.670325542642 300.765215892135 300.321419093162
300.154497616266 300.13612241586 300.102821275457 300.220615730513 300.158716796517 300.411710939555 300.26745543903 300.347834953809 300.452799482815 299.879584602373
300.211340750589 300.180068189226 300.16902452111 300.440323941438 300.301617195778 300.270969682267 300.370560516933 300.500419167514 300.537844770898 299.949928721682
300.567515398908 300.401564652785 300.318316852597 300.730563479775 300.577080479959 300.391054114838 300.656422270909 300.727313915998 300.862753163496 300.156589975547
300.642152751217 300.653411839523 300.286220156272 300.839426918362 300.791400774288 300.498622732977 300.884876973124 300.848698506226 301.081042876127 300.290579709533
300.414608892173 300.538102477934 300.076767672612 300.683839050262 300.739839256628 300.336598006599 300.751725156172 300.678298088089 300.917910693538 300.134591409855
300.106430741271 300.022899891794 299.607283425546 300.365323434585 300.444039093086 299.810814028751 300.267028675482 300.441850115178 300.563748949708 299.706541132694
299.994852921209 299.805228529842 299.510044905321 300.268716252686 300.664182997524 299.552609399482 300.267977452098 300.186037721588 300.432658633734 299.573500582812
300.274529898516 299.955344279019 299.850077833312 300.527602550217 300.957052986609 299.80433945875 300.516432186201 300.453931817658 300.662269427825 299.948756540954
300.753563826483 300.464874169957 300.303236350015 300.978139529915 301.503727212729 300.426724453789 301.055071120996 300.950413337285 301.130910858247 300.477147828224
300.908114873623 300.695818182479 300.600932128131 301.351760842749 301.73106398509 300.665631708442 301.313146844777 301.24850621746 301.464936005734 300.75641864479
300.68874737467 300.494758699029 300.596485039694 301.229899758337 301.587667755555 300.389407115018 301.162613356405 301.030956599467 301.23716531459 300.621161268156
300.335375005007 300.144506421998 300.152975009387 300.803891629463 301.134510733099 299.99417618764 300.853453062927 300.616625395497 300.751625105602 300.230500952254
300.101164069407 299.935112065798 300.016006107777 300.511808137203 300.760080336367 299.842373000516 300.583376845378 300.431898376203 300.275432465763 300.044542583552
300.043770703435 300.098167541702 300.304535050926 300.540205611586 300.584217061047 299.870407107545 300.675021628161 300.483948953058 300.215148092268 300.242811029953
300.34559756408 300.482661287346 300.664481397672 300.857258678557 300.861090912203 300.186339115968 301.000874068264 300.713800600114 300.39661521373 300.644186986003
300.406977955419 300.592049632531 300.888599785504 300.968070650428 300.842825313117 300.427467767342 301.004919139793 300.875910469706 300.433039400769 300.817514581096
300.178411890688 300.540277407938 300.615364749919 300.777763725978 300.625520133458 300.288087559675 300.859830974399 300.822145975867 300.295756154245 300.590080750031
299.691765962503 300.193166907056 300.335298220642 300.460385349616 300.189554499891 299.85105306163 300.648198639359 300.42160392782 299.761008476889 300.285539407
