280.9455821642 281.066017222663 280.956200215081 280.82434320981 280.944514231873 280.971092855725 280.764035191703 280.745123025669 280.6890982688 280.491050654798
281.338280216341 281.078008094728 281.551166215396 280.721150323177 281.29235660128 281.238833424939 281.446796846195 281.268275528672 281.225619399816 281.248128663131
283.281631183774 283.373501356085 283.680081747273 283.062435607526 283.420161456 283.351087089874 283.615197916498 283.616024881562 283.454091459135 283.515160504615
286.692250321209 286.657080643814 286.837145084241 286.722007881952 286.781254022554 286.39749356553 286.707898889345 286.815577118034 286.799941488475 286.944709563496
290.141220179106 289.982384649779 290.438684511269 289.99049271724 290.068914875828 289.990642791662 290.108593311025 290.198480233704 290.291077931602 290.103834529744
293.110491983221 292.797779852387 293.242203515911 292.974382087835 293.097724723792 292.994576115134 292.932205429211 293.113947595299 293.185135703188 293.074785896931
294.656708407357 294.528748780586 294.855535503568 294.686718567021 294.881786904232 294.662717751706 294.667303240847 294.653396763599 294.798347395384 294.689132009041
294.481026314946 294.317110944615 294.696900156961 294.539928115825 294.76208963155 294.512461644622 294.701096174516 294.446501609308 294.681962190538 294.631714548471
292.264466199517 292.138832337528 292.500555729355 292.322089525963 292.487680756464 292.239653306164 292.642548666818 292.449816341741 292.355048195219 292.364275343815
289.072980889616 288.913595434863 289.135374908775 288.730658894811 289.167191324044 288.661721015592 289.309025735735 289.207882028326 289.057047656232 288.706572180625
285.063429363967 284.467687651887 285.381261609663 285.015026716797 285.096173132081 284.528622895966 285.628881711784 285.289978541254 285.110124912882 284.865306686129
282.193383016731 281.823105820758 281.990660798364 281.761729924413 281.997110967603 282.117202682464 282.494390566232 281.972397158287 282.132874206039 282.091825114364
280.888713795884 280.536872759221 280.783701492745 280.393798950798 280.733370909479 280.465676684002 281.062175689887 280.800638658762 280.676345046488 280.434398804213
281.057297858799 281.193276807894 281.276638099544 281.0631470762 281.236212238654 280.979003843935 281.0136421491 280.807337976027 280.860673292141 280.972955895388
283.733005119447 283.254808796993 283.518532853839 283.45919738611 283.321654652808 283.085636996017 283.543902191683 283.364057439045 283.49656255269 282.756404933078
286.806575347353 286.47005648282 286.804781369035 286.338556854494 286.794000038979 286.653797356627 286.912135829704 286.723872162118 286.996170385187 286.06732338243
290.248491210256 289.892151886755 290.105760363049 289.825237275799 290.349407656985 290.062398170187 290.103228194625 290.098421987411 290.402769409553 289.703976662977
293.009528923684 292.869990118374 293.092649618669 292.905503076388 293.095139449099 293.102179455646 293.145357751195 292.903381415585 293.270816896181 292.564958231354
294.659551033818 294.644088553575 294.639283541468 294.661009086467 294.703232876185 294.717293009876 294.719606206841 294.73792878909 294.84275343807 294.52791327571
294.544927213201 294.526982651745 294.445788905371 294.526683090655 294.53684735937 294.741514444652 294.559530111923 294.556119215525 294.509249340351 294.273277748591
292.467135288696 292.184008853721 292.416257178697 292.424042580933 292.293691940922 292.367980434953 292.412702727832 292.387076054953 292.172283213057 292.041192742756
289.059619986781 288.90947794055 289.179948587634 288.888816132483 288.862211833982 288.839567931687 289.186401728062 289.012242667787 289.226379752381 288.384597695515
285.106010995262 285.115764883056 285.164123702167 285.017751308431 284.8958924895 284.929506319211 285.328576308403 284.94810315415 285.222919029768 284.545387062909
282.345475156365 282.140530138036 282.023229247231 282.13585249867 281.617350317998 282.157359541463 282.286355750201 282.135945579995 282.332827369077 281.545652180573
280.429323396465 280.680704805744 280.863640104679 280.887779418161 280.412265295328 280.459125864946 280.501077157142 280.606989401528 280.742288406434 280.437902328427
280.711076054213 281.026868417091 281.068989759595 281.257332915885 281.230052505294 281.046652737903 281.533050907548 281.343825550246 281.07220528954 280.750573088236
283.387815951933 282.914807226205 283.00698734555 283.540627311357 283.278578987043 283.256800610202 283.460519102897 283.628590755162 283.168240565768 283.173387579141
286.583758151672 286.700681034726 286.577967727286 286.971181033706 286.453223489236 286.717051368395 286.702875015702 286.725217988189 286.554025444538 286.695710513077
290.227743114171 290.08322288133 290.066867514649 290.158464604447 290.033536744379 290.133867090394 290.152389889391 290.197302051908 289.933372716752 290.108562930508
293.06466723986 292.983758146443 292.900633380892 292.936817611197 293.055169381378 293.014269562847 293.112688428115 293.059902123441 292.823419669734 292.959704466156
294.662254265945 294.62820967772 294.574097178813 294.653094011068 294.647739770657 294.7034069247 294.820817938572 294.717744558625 294.503552248906 294.512563990399
294.550759918855 294.494652173626 294.412112182552 294.515437009519 294.499815285783 294.369712730516 294.707464045625 294.546183631219 294.29790547724 294.443558769284
292.172404040156 292.243274639708 292.368358099921 292.328571497534 292.307727532987 292.016540145875 292.43023887384 292.268350193684 292.053633160238 292.187350409043
288.892516180954 288.953958768044 288.925685274057 288.985595249743 288.907773202967 288.795266864586 288.970415248823 288.875484979963 288.663505926722 288.72456195918
284.785389524373 285.201072102705 285.234180482211 284.706981094171 285.200790635936 284.710151972193 285.064275335934 284.847550322979 284.957916641786 284.745032838053
281.217825027574 281.586924831138 282.040075395671 281.691582535972 282.027749968272 281.787356950565 281.530826888465 281.821903165323 281.930530730349 281.849526009131
279.671675386038 280.572942952168 280.718772343062 280.014566458441 280.6562066461 280.270168343543 280.511190706946 280.436701529692 280.44139011985 280.496983098478
281.092263546033 281.019063022627 281.252686674426 280.842706582588 281.448691775396 280.823101542636 280.964304843951 280.554012153381 280.643474846935 281.576359751425
283.150259441758 282.982860465369 283.414328706632 282.89657566934 283.447184346954 283.20252517272 283.81116456635 283.21871318754 282.91382863898 283.427329165431
286.577224094414 286.36386030901 286.966146959203 286.278917815091 286.619998813544 286.310777607345 286.848680539965 286.3654175194 286.251294329857 286.872071551037
290.215842609712 289.862020848361 290.148859178746 289.763962192227 290.038779545355 289.640144175468 290.073299784736 289.704945997704 289.927189621629 290.372403949587
293.026645695908 292.75051077814 292.936453231913 292.735239565815 292.852677966973 292.677709290689 293.101320915503 292.71325905047 292.856864131268 292.951130882314
294.697709366213 294.396240804998 294.544416293863 294.448647856328 294.575743588795 294.245173950562 294.519758247111 294.372260840538 294.497999281036 294.534508099035
294.398004856538 294.256892778047 294.436595820993 294.218127143589 294.267884239836 294.086544397376 294.281976520118 294.38525740967 294.455441454172 294.436956084307
292.034839178015 292.044571213088 292.356020256885 291.910832916438 292.024362077179 291.781507704994 292.171144255339 292.13081255466 292.085985199797 292.296873001412
288.707524829076 288.588583459484 289.106052086711 288.451256130195 288.645702189086 288.456115503455 288.791456015085 288.424171238365 288.634198499879 289.099305009976
284.608828948259 284.622214742096 285.05432571893 284.690274481712 284.788785957745 284.503340860279 284.801948439783 284.669704484761 284.788257170525 285.25790433085
281.737444346356 281.503021176501 281.99630126937 281.724632544861 281.78565242436 281.645852574065 281.683805943549 281.870007080862 281.95402034265 282.416435273508
279.843556364717 279.89484743519 280.359764754219 280.07239593634 280.535954008811 280.533082232719 280.469748363041 280.763087251877 280.4996149065 280.680243304221
280.573627986209 280.767798134311 280.950789710592 280.942220926804 280.984250395229 281.151313080388 280.729750151219 281.292642794665 281.163702466066 281.110795266905
282.876940132699 283.009468778291 283.317201325516 282.897116076248 283.066548202744 283.056102266947 283.185946097736 283.249358082804 283.060140301058 283.474909951885
286.587166294872 286.520720251774 286.837547118794 286.201266417991 286.304620228114 286.316179727679 286.378755181143 286.416524994065 286.338825631409 286.726450987914
289.890055825157 289.753756474195 290.116084393287 289.716493760034 290.006436673216 289.796794351401 289.819399809251 289.822867644493 289.908879066596 290.238127749115
292.895559345293 292.772992741377 292.888456206158 292.675402658061 292.83863820047 292.709403345424 292.740978916478 292.890538614345 292.811671535139 293.049243663299
294.555449468964 294.418677476088 294.495842177877 294.372835488608 294.480006177739 294.351500607067 294.40471364868 294.564644883065 294.497354961319 294.669190729359
294.405894263341 294.148296731743 294.356882125092 293.996092842066 294.394315156272 294.333100781984 294.050320662628 294.367214468337 294.379463454921 294.51557749555
292.088150068046 291.910099029437 292.163942358031 291.779249322738 292.057511507791 292.089039703769 291.974536017075 292.203867189844 292.173176790268 292.243091461729
288.650029783968 288.339601310703 288.569268062754 288.394932031815 288.602500389387 288.71091989998 288.679745480605 288.738252802636 288.785357191514 288.891210167453
284.596822373987 284.449217436757 284.484275714953 284.519887095941 284.79532923345 284.771412213533 284.614703640921 284.763021487207 284.724728193623 284.983726365659
281.951610195325 281.276201030252 281.565983876389 281.917575758122 281.621008444085 281.874940784634 281.535832649681 281.954778166805 281.74830005578 281.854957962534
280.682534670401 280.132460308616 280.205221075707 279.99023336199 280.038101537467 280.508734106993 279.982399543758 280.150945197857 279.967810527172 280.390964450199
280.959221367813 280.701506549695 281.031169011953 280.674596900742 280.922244737177 281.291275520492 280.802871200099 280.708888068045 280.288797780397 280.840528530514
283.361863149625 282.99168358292 283.243533771039 282.840742097502 283.028016426623 283.437167845278 283.154835662475 283.076421930982 282.826207864493 283.105386938286
286.652892625296 286.711090272312 286.410832969514 286.226227939744 286.271403074407 286.425317770727 286.32487734082 286.215869748404 286.455543035715 286.300946832699
289.995964546365 289.857462264206 289.771419811648 289.672031929422 289.809091975934 290.061884817948 289.904246772769 289.926706755578 289.733087018707 289.905426699662
292.875484821585 292.743896575717 292.727183569844 292.721945150072 292.675070437678 293.015830228538 292.907201488078 292.682467224609 292.753742406779 292.808411653787
294.465538460467 294.400821496138 294.393251037691 294.425353361181 294.46200828352 294.672921660401 294.585262327072 294.540780383797 294.434466097259 294.473271080359
294.326673241688 294.030569308846 294.163750151714 294.261462391185 294.192054236141 294.48251854202 294.343476402584 294.437019788635 294.262329232034 294.316099985473
292.188533294264 291.862745471314 292.083783652465 292.234306230099 291.800488035574 292.224187742838 291.994191046409 291.975790115235 292.120771299014 292.247394859552
288.8376782931 288.51630171309 288.906295709675 288.750973370634 288.434219740313 288.9765857496 288.535405574633 288.605459819924 288.821991539977 288.759840579291
284.717492609223 284.556362296828 285.02562300977 285.012768666142 284.270827066577 284.653938428933 284.799885325789 284.735028077829 284.696691297802 284.965793424668
282.037440833994 281.482255433593 282.202353938945 281.685777187376 281.110650988757 281.517545932893 281.509317783549 281.743012981654 281.944153088225 281.639625906506
280.613164795051 279.806811696806 280.494436870867 280.663760360813 279.931796338698 280.033410335612 280.761542190335 280.310907433446 280.275505939423 280.038890682922
281.13178863318 280.83423849965 280.909776768289 281.294499056092 280.141749221223 280.401498531825 281.030211139811 280.824595341693 280.698984278179 280.702520677539
283.493468153982 283.016215059235 282.966451034595 283.721225928605 283.02660004885 282.892699453443 283.265881139662 283.113710003677 283.1317949202 283.239032448165
286.740603320985 286.326778643004 286.315588559164 286.807849887681 286.348121953873 286.141626323143 286.645595613462 286.546179274026 286.34429244409 286.581665234236
290.100912645799 289.747827032759 290.031123465619 289.979871206783 289.994569443398 289.745923954564 289.997353444715 290.119475741245 290.033571123751 290.022706073098
293.090540973157 292.673344401999 292.743719832716 293.179084547734 292.849671316791 292.821625961274 292.837893890476 292.928838345065 292.837631737945 292.92956350188
294.718710562348 294.382183463157 294.509736451253 294.703804834058 294.396117766925 294.455967418455 294.411887307581 294.625458204825 294.477216988932 294.699308023615
294.523399122517 294.158893866108 294.397840225218 294.447195346096 294.303997081344 294.139243168484 294.19292831907 294.452495929667 294.348432505541 294.502057222901
292.111201750184 292.015032061581 292.130363680709 292.400441890673 292.024145124451 291.818347463376 291.988137089248 292.166264048748 292.080112971566 292.294617304404
288.681089702937 288.439950800272 288.859784625219 288.962528807986 288.555469971045 288.652984083226 288.438244595926 288.768148961285 288.650318332383 288.81773963816
284.776148235735 284.786537670116 285.002182187359 285.030817596356 285.078413564148 284.507789925438 284.654788763006 284.852990030749 284.935214358676 284.9994539432
281.645627595713 281.427471095648 281.725656257717 282.126159081489 282.142264529322 281.646813786316 282.079237227674 281.694626615657 281.706231590533 281.983202737323
280.719009471661 280.072437653186 280.63250804299 281.21858364765 280.53308810153 280.53254162279 280.624590987827 280.568646813063 280.123366119693 280.787026057125
280.983157488141 280.997226283188 280.621495727075 281.289450866982 281.211339525533 280.205971454268 280.866773250724 281.017623617214 280.599187615073 281.444071573345
283.142358486588 283.041860069353 282.749224595481 283.702867418508 283.341481009162 282.921748036596 282.833384033848 282.973130310493 283.115641800364 283.043559214082
286.730107139026 286.097480313982 286.432918492427 286.705832267278 286.683798907733 286.352311618467 286.172697728267 286.487354137232 286.542241778268 286.490192102201
289.9425514048 289.659939460751 289.975311919482 290.440752600253 290.026090682492 289.924934249457 290.012485914134 289.951239558719 290.067607434715 289.948254557434
292.989531616324 292.650789303506 292.792390263199 293.101123483152 292.954310222566 292.935262449029 293.017785043736 292.887741777864 292.939167143451 292.955074206123
294.553620939971 294.228758646427 294.531902067594 294.713842376054 294.644862675608 294.53809809018 294.564289454415 294.673974282037 294.577970045386 294.593254507763
294.50920992502 294.110652257685 294.34672434911 294.688654502712 294.46332791114 294.435006644624 294.374787616448 294.60209736268 294.353957878767 294.351832137579
292.238203238353 291.810569023411 292.359108265517 292.39530067945 292.424315311917 292.082850378345 292.249867919665 292.314050337839 292.185226799882 292.008275615603
288.662938749884 288.347964929685 288.930858864853 289.026433240461 288.827879998319 288.827014651605 288.800846440586 288.783004330485 288.75752215105 288.739666641377
284.758674886983 284.413167504886 285.07021885219 285.219428539503 284.749704635532 284.47039336225 284.631805922753 284.861419557516 284.811771365141 284.7899159688
281.642628570683 281.41049799879 282.094506138493 282.016178519029 281.618942005563 281.382343351047 281.822317004943 282.197607479223 281.98436019902 281.50969872656
280.374935439966 279.597555576459 280.628239971454 281.052640233612 280.80060348762 280.518121835395 280.647251883309 280.610566273868 280.244988321736 280.125819780371
280.99089832032 280.357979225343 281.063211549559 281.201144327851 281.630045344236 281.163388026237 280.964161751618 280.86180268496 281.090318995797 280.829094393655
282.810327083899 282.411623058961 283.130629824594 283.245434977567 283.516892355605 283.125685427803 283.092618276741 283.304581088063 283.137145984185 283.121730487617
286.429822083365 286.157719794094 286.428051527962 286.502643510342 286.696824064077 286.431557632999 286.725868335208 286.500064301941 286.524547218108 286.575309538798
289.923611209041 289.752222020335 289.890309158888 290.030219255673 290.109493184305 289.898031012692 290.038484220609 289.895156092767 289.807557376243 289.830204219954
292.765914141621 292.651421745005 292.762122203935 293.052704346279 293.09087287158 292.810418021591 292.943410511331 292.753262781147 292.899910608731 292.81804576911
294.437746456786 294.335639911195 294.381844731907 294.606532282275 294.697557664447 294.422122814641 294.663096299816 294.349853748049 294.582083915043 294.291312392875
294.138318867441 294.267701558436 294.190746574515 294.457532233622 294.430883445482 294.17607743577 294.331546811369 294.2073260057 294.221145464417 294.155816026354
291.821165892088 291.991280012232 292.095303100799 292.117042582862 292.214364242683 291.961563167627 292.059689461847 291.969643015946 291.944701334051 292.031726004188
288.77894726353 288.563789975226 288.827906483497 288.841017576736 288.685537567531 288.585038597133 288.640489198865 288.483193862258 288.546770337041 288.456972500348
284.578792516801 284.408028686589 285.138648914015 284.813772298827 285.136902396177 284.747365613112 285.112833191728 284.736448356235 284.468529073042 284.513482070086
281.802159973474 281.428194085223 282.186107140806 281.72682248066 282.218759729114 281.787307393275 282.130683282754 282.0731654747 281.606846028858 281.467430376476
280.149438527191 280.487410546298 280.712572821424 280.669240110549 280.47818002553 280.710614860021 280.849639232882 280.539984645492 280.437904827824 280.260159602257
280.691311246997 281.138806236585 281.008142587863 280.942291190247 281.297115428407 280.562714654033 281.109663258411 281.079137374602 280.438878133692 280.524794829123
283.039711297452 282.900351067556 283.053860537938 283.440995670618 283.421998861385 283.48703204512 283.4431385617 283.077816407109 282.580971469078 282.845832168888
286.331115529623 286.100068734249 286.665967204377 286.575520293179 286.562839666314 286.669657711679 286.537148564691 286.417553219621 286.21001494421 286.205522169288
289.906374143038 289.818737865914 289.934083816417 290.085054091751 290.219525107214 290.085154387673 289.934501349264 289.834551878373 289.730446190886 290.008619099104
292.892197186977 292.669012844672 292.815517123618 292.996764266282 293.107498728871 292.907972349437 293.036942133631 292.692335027479 292.849805364251 292.95989294749
294.618532325539 294.452326869958 294.503433027927 294.53782107413 294.729327366657 294.527761742515 294.672642282774 294.313680083083 294.559242024744 294.620566901582
294.45746581078 294.366732423795 294.452040583855 294.400005754243 294.534224686043 294.346382460516 294.560266626013 294.229442575401 294.454141544889 294.470147915899
292.189020449407 291.927509336842 292.189339864742 292.257007926449 292.264567512925 292.278614929797 292.305849186102 292.007118449003 292.230595069888 292.218872480519
288.651790919858 288.336377060071 288.934696743118 288.859294370982 289.12445751733 288.958737047385 288.903588451766 288.666340611464 288.683609603648 289.150243009488
284.763197610072 284.745512480652 285.452227048598 285.074102786164 285.353698413196 284.978662812822 285.174382339552 284.696310696779 284.498859923226 285.335809437588
281.8381632705 281.853005322002 282.379371459259 282.265774130372 282.102693820104 282.092109512092 282.360549597958 281.728049872015 281.602505917238 282.15228348093
280.50170236578 280.17759337561 280.731191897156 280.341173457855 281.034760243294 280.878066311168 280.747487426058 280.284272823412 280.063214682116 280.869888702577
280.807703997645 280.576720663591 280.833488042974 280.795621653571 281.3965583153 281.363456824842 281.178688049208 281.018250751256 280.632500305115 281.251344053544
283.248218646707 282.784615318791 283.2755619402 282.906475182171 283.240945007022 283.550115178319 283.415312105957 283.319605925563 282.97723987968 283.606580176511
286.868658923098 286.490508533415 286.434228799017 286.507994422593 286.541064524612 286.65158279234 286.594203653691 286.317382666801 286.462781822795 286.658510644036
290.21839905278 289.944766986833 289.962664780249 289.912379947809 290.157781627267 290.141581802173 290.087452862313 290.179113584602 289.937559326822 290.18251702093
293.272326022571 292.858363896792 293.048202138175 292.925055857703 293.107726331463 293.066894620255 293.068310822695 292.998029083166 293.078615865238 292.976228449541
294.811361670198 294.536994987868 294.741432894269 294.599359910645 294.764351389333 294.675496674943 294.594462408936 294.605699860098 294.732115048119 294.744868441898
294.57870038492 294.404516561003 294.60431403642 294.39043696579 294.481328258769 294.639660220142 294.534866166975 294.538718518848 294.485399239929 294.70656495069
292.279033640243 292.068670313787 292.311385367039 292.21225996563 292.36345164979 292.231285912167 292.382159482171 292.265940420396 292.268083254475 292.478654406001
288.710324722841 288.529158074327 288.884361517547 288.848202373438 288.830124192355 288.576177991616 288.838752662935 288.900138072376 288.856780507179 289.176505226225
284.823489059194 284.55065509208 284.768512923147 284.985064808326 285.050683693002 284.693409599272 285.073187200526 284.795826493606 284.956495693896 285.092550545407
281.526892534741 282.140163045077 281.889484699109 282.120225804247 281.856362807641 281.538732100734 282.16493885476 282.192119157234 282.069422868761 282.233361330672
280.244751239465 280.387291513379 280.40728379588 280.27106925418 280.835370692223 280.399811317987 280.584737771086 280.155251645301 280.342871271382 280.633198745133
281.206886693865 281.125158596787 280.737026357323 281.005477409993 281.051486847747 281.232161336881 281.094747318294 281.345867318607 280.837428455254 280.620897413936
283.365669950364 282.811052925214 282.938056151134 283.115063031761 283.067886023286 283.174522899633 283.224104184855 283.262455067439 283.419248675859 283.282554415469
286.787778501178 286.56308283134 286.430739914165 286.595414131667 286.722984604788 286.408346351222 286.760349076277 286.641855617139 286.418727462608 286.673196115268
289.967089744844 290.030507504162 289.948465569565 289.946038831316 290.116290405116 289.901471928013 290.140733448033 290.118750627624 290.038187291398 290.229205814157
293.106993326704 292.868122153872 293.014613513173 292.897344910825 292.936017284523 292.858552288247 293.170497254231 293.013523895861 292.883651038312 293.193173122739
294.763820892494 294.329633219444 294.516858959225 294.560223334536 294.789201393335 294.504194418023 294.717889419782 294.725098186177 294.60719804276 295.029576711866
294.619356981076 294.201814373433 294.302604243065 294.338426114274 294.463023150879 294.247755355743 294.61089375656 294.619451975811 294.412838460053 294.805889992875
292.410469583439 291.827352693366 292.029474944499 292.211539324957 292.347129398249 291.953028705498 292.37599511001 292.469280904009 292.114215046263 292.510726475054
288.910581615894 288.216260517233 288.883965548678 288.698215571154 288.942767678154 288.338138646958 288.857388037269 288.918854954876 288.770354383296 289.117508324755
285.024374858445 284.770536747105 284.86557398984 285.042667424904 285.001724150933 284.466157016997 284.971270429749 285.347916860074 284.898382450634 285.215887409861
282.082178262487 281.620096659313 281.788622716236 281.673593452011 282.409709459733 282.015201478423 281.733164846581 282.054431862111 281.688484514378 282.234394895995
280.697595405184 280.071042984106 280.567767078014 280.324953129045 280.810529258621 280.020283836266 280.443658004555 280.767967557516 280.205462886259 280.91679761818
280.997039410752 280.452319693549 281.295934506632 280.536301583554 280.947602896676 280.966231859753 280.884815828585 281.054373241471 280.627951119477 281.020992646565
283.51330404983 282.891451026526 283.111309375943 283.036705211028 283.517555365857 283.048772770303 283.447709234965 283.606450569806 283.222742064204 283.904726936231
287.082431517089 286.323017902973 286.55326563388 286.452646421268 287.028431025763 286.514927334753 286.532579338106 286.801873242259 286.637151774229 286.654131776044
290.30536813765 289.67447624289 289.853126816455 290.137981966035 290.116200306982 290.150153972346 290.257954250442 290.180503838493 289.887153231082 290.208854038543
293.2557737294 292.615227982407 292.892509056325 293.042321745525 293.084992508495 292.974550093593 293.114895677095 293.011767099505 292.804362524587 292.905845061985
294.88451633671 294.350803940592 294.396830881282 294.644561972528 294.792942323373 294.558226051221 294.763401244902 294.817484590665 294.49847938134 294.62517484028
294.701894349242 294.206253290137 294.369889004521 294.429937095981 294.605582238453 294.532656254248 294.656264599903 294.638518597077 294.323414291829 294.528038816544
292.451255278285 291.943610448043 292.224392305334 292.221880910132 292.321169740609 292.324710699282 292.512124688188 292.463823408478 292.132953148587 292.296179734665
289.067741209542 288.431922795633 288.705235334616 288.757286155161 288.782147025935 288.671632194996 289.084236164101 288.992990708847 288.749200992993 288.963273448605
285.290047420332 284.743058616463 285.034278569253 284.602361967797 285.000684966252 285.269891101073 285.024506720385 285.236159882484 284.864723661765 285.017178933197
282.234819295248 282.129037243106 281.731490981605 281.919804937416 281.634000952346 281.844974311055 281.881752375514 282.443082579925 281.903750625602 282.082886542667
281.15364799266 280.421069803272 280.130832566904 280.387256736626 280.251639881502 280.52427103291 280.941184467012 280.73477898108 280.436383723544 280.711382352463
281.52391846849 280.701072694614 280.643502659583 280.829943249099 281.08433560595 281.333257780687 280.84040003811 280.878545992273 280.829830083263 281.090738531626
283.313104415426 282.899663152519 282.935377125865 283.066319495858 283.858659054843 283.185176722049 283.099696602347 283.333991351744 283.05137338564 283.155028152652
286.638633787446 286.258755242207 286.335822518014 286.646846129803 286.962043701832 286.412111324715 286.553717343184 286.599517303876 286.50230918218 286.476675033122
290.035627440317 289.754626006734 290.229107755161 290.079894210969 290.219908385735 289.92452024331 290.088054312596 290.039480395037 289.989801495408 290.039709567186
293.04763264126 292.741835315607 292.886041498811 293.041973707986 293.0877283367 292.770347350636 293.084493657523 293.01674220977 292.780325657013 292.951559724858
294.7254421233 294.480710536281 294.601572023849 294.772862934499 294.859011428411 294.413367149492 294.668924905398 294.701653077586 294.497157461768 294.613618287507
294.491949480247 294.054720506061 294.332760992025 294.374226792987 294.702995538793 294.3631247604 294.74131241104 294.527327371992 294.516100397329 294.533094425809
292.129720447224 291.918114880013 292.136701932057 292.112872221236 292.699782140888 292.015151632312 292.336846012188 292.324367550916 292.05942799266 292.204545307878
288.763658841052 288.401965065342 288.888618291734 288.908701080873 289.179190960659 288.69985650622 289.069977787611 288.829552434045 288.68230929144 289.009312788658
284.844403540505 284.369503299032 285.219825961106 284.988642722493 285.196155234927 284.64285436707 285.647843978184 284.922974096673 284.842484190182 285.024853357073
281.874669596986 281.564516078029 282.110810800369 281.914215238633 282.264850122908 281.828937073513 282.425575428105 281.871141466564 281.983894327303 281.893190112261
280.486072020026 280.387646533103 280.547571679645 280.669189172866 281.335157863705 280.805070415561 281.049383720101 281.106026543667 280.274547711172 280.439551699672
281.133945405432 280.627098560855 281.412678943024 280.964241826063 281.333805530182 281.301759059781 281.483884574896 281.246376757263 280.648691797199 280.932811586175
283.145840910967 283.157064896874 283.486284848696 283.237107764015 283.306582738686 283.295958625436 283.544470866411 283.499237762749 282.912950119499 283.520134252335
286.28244931552 286.322859481055 286.828670302313 286.507751245208 286.737086485936 286.570041882067 286.663938787536 286.583617028611 286.444800370778 286.478445048256
289.995848191678 289.822644575782 290.189587595602 289.96932546687 290.332065441367 290.132541576085 290.019266259655 290.072587862549 289.887416955283 289.854814289632
292.877921944182 292.610601526924 292.978625520069 292.767848575536 293.015567567307 292.957482222444 292.995281063033 293.061648895984 292.785273338837 292.967344225317
294.436777577879 294.455439396525 294.588391822949 294.575340936129 294.71385992411 294.607774608777 294.791763807241 294.630602465791 294.444853079006 294.500348521197
294.192153317388 294.202620696676 294.466648716705 294.572819036197 294.71726753757 294.532261937373 294.715606549405 294.485224697742 294.366015025628 294.380836190695
292.050828492457 292.015957978786 292.296109894356 292.380867351246 292.53695506334 292.205585728962 292.454209332002 292.271833379553 292.291335716028 292.172576889635
288.716074201342 288.612966931238 289.111834154545 289.075309452926 289.015721460231 288.770812781419 289.049751875228 288.88307666991 288.857342213488 288.955049235576
285.188587150402 284.565865114397 285.00895223984 285.469244051008 285.187539862902 284.837071348112 284.989639486794 285.206998749251 285.00567102157 284.897567163539
282.046577575191 281.688052768787 282.005566057347 282.371234456459 282.077613854047 281.811809939713 282.093824637733 281.818014513735 282.329526788338 281.953606535734
280.577409886183 280.869146663787 280.901621545821 280.967043167027 280.613319643416 280.494257115494 280.701299184301 280.166433856334 280.397822556756 280.634445835631
281.21565567232 281.074317269431 281.368118851053 281.51125225376 280.897445176096 280.988442206526 281.334437365035 280.948139883128 281.267136194358 281.241434752303
283.363863586451 283.143320827221 283.51935926238 283.452500183686 283.138468344158 283.395794354422 283.564739108812 283.200622034333 283.589695267893 283.336868036746
286.948725339747 286.472229030821 286.519585490593 286.648824067957 286.937492327601 286.537260542491 287.028405617882 286.626907569199 286.525774998947 286.792525901753
290.115990161757 289.953977514543 290.186245729261 290.044969225398 290.324407563687 289.865428046168 290.347265564516 290.040696363351 290.178759070776 290.102030398768
293.057417788238 292.890830157175 293.153589962129 293.088269292767 293.083791988287 292.778500110088 293.212905643574 292.995698270573 292.89012499459 292.927933722719
294.759132604279 294.67503891347 294.769508017019 294.863122226732 294.799656239782 294.580205401534 294.680441453674 294.622515376492 294.519382255118 294.761554616996
294.619719767582 294.715459144744 294.584468619156 294.694791768939 294.687657535442 294.377420174647 294.759575012596 294.406799607794 294.555544906908 294.486857001031
292.554317286503 292.48949203564 292.340602331234 292.351843486341 292.338525131809 292.093480597205 292.500133947132 292.306684207995 292.248757665779 292.180610333258
289.013391036167 289.015318432455 289.125289192807 289.131258826632 288.834731439415 288.5039393869 289.057404534334 288.713500703179 288.935331400405 288.783855960144
285.248774222563 285.174814126348 285.182911459802 285.016296966165 285.132938720163 284.947195157427 285.051269091733 284.842680484732 284.92448141023 285.200580453904
282.281242913657 282.236044083671 281.952959235899 281.992383399566 282.136423635599 281.691027048648 282.015713333941 281.553389634581 281.660876104672 281.974513497409
281.356589713318 280.679196932649 280.603699979384 281.051259027775 280.74836511718 280.317008592579 281.143394655345 279.731323193289 280.748763689618 280.548559239237
281.10290560522 281.449336635748 281.174483837068 281.25497660174 280.727899896258 280.921072062083 281.357836197531 280.587683860527 281.539089932371 281.029122979509
283.352881170097 283.600319818292 283.127838987089 283.38360029777 283.108179978585 283.106926744734 283.4494182113 282.860832873844 283.614690794443 283.27467858024
286.79313676803 286.803656446244 286.621213192124 286.777610713958 286.748056342372 286.583618238876 286.628638100629 286.344333003908 286.873948109782 286.833690368825
290.146204195041 290.284720752999 290.252616477621 290.238491060836 290.1348003758 289.903495636209 290.332675981759 290.046803803448 290.356024294142 290.220585246041
293.179570542081 293.241624722965 293.168419026102 293.203029944734 292.911044990004 292.850933599967 293.149776535093 292.856594278842 293.394782653652 293.048142528526
294.786288499665 294.987973450836 294.756576819836 294.857140411684 294.656380579763 294.685130397955 294.839755237896 294.566860670285 295.003812804474 294.821207267226
294.703405628145 294.694519840717 294.579948911061 294.668187977114 294.653999511437 294.618122162972 294.723451990633 294.436802518916 294.878597433251 294.530898723915
292.456401458389 292.608376848911 292.379015883401 292.443047272292 292.286669124189 292.245389460472 292.546551325384 292.212160560248 292.873488197361 292.500048524816
289.115400393148 289.19244269047 289.153534499907 289.208761294056 288.88589680693 288.89807781099 289.065670552372 288.905605660395 289.408918891145 289.052029705453
285.111117261378 285.417752636548 285.257956521142 285.150958220324 285.103140529457 285.117605130769 285.131058853821 285.123727484537 285.395650033655 285.186911231439
281.963958656632 281.925911912688 282.041153570923 282.506431630934 282.370102966086 281.849591532948 282.075061454043 282.368201217819 282.462167897849 281.997029007897
281.024599557194 280.472841140571 280.825907499734 281.095358444548 280.778482612984 280.476087227532 280.655689151669 281.076143483337 281.331161171205 280.491705537021
281.2038314633 281.420773155557 280.925846086381 281.806734405677 281.236628066286 280.75451094554 281.02123835856 281.006480669933 281.749379978338 281.297126607026
283.54614792563 283.394596183291 283.184610501536 283.695145548314 283.684439495205 283.081235676145 283.413677364512 283.495500321965 283.795593220378 283.25122933108
286.657104831468 286.410518185065 286.441364045005 286.796543168712 286.899574822823 286.994183780649 286.8425678812 286.529262658087 287.218343135794 286.736216493552
290.067602885407 290.087089781417 290.07106701685 290.197278652467 290.24761715737 290.296939548336 290.315680254431 290.001047257986 290.389843096571 290.167184012828
293.076991093434 293.094711504843 293.09208666298 293.272915752025 293.176128156237 293.076744656085 293.268360911615 292.838204559019 293.358954874974 293.132078909953
294.823799720278 294.651166922536 294.819506104235 295.040376118958 294.805375881606 294.714225104339 294.919031341119 294.66321187744 295.039615567791 294.76478518029
294.484584643358 294.508345469133 294.656622540675 294.852534534466 294.746426486303 294.526559172139 294.776003048278 294.738335022726 294.962371105837 294.771514244167
292.386232107253 292.481535762168 292.390016491286 292.713804658152 292.628463287798 292.297497857233 292.447089963543 292.420602081367 292.761168414748 292.529259158617
289.114317217872 288.849023911633 288.918960098661 289.472880863164 289.171879547369 288.935850304723 288.882764157723 289.094095496745 289.408993147848 289.277090491879
285.383439242641 285.366723155018 285.372478532517 285.533932998659 285.485976017066 285.313497271368 285.502594281405 284.898667029954 285.680080749093 285.457716190628
282.225536558793 282.650919555555 282.502870588517 282.522640253884 282.073724711651 282.343866100406 282.534272302916 282.279696417322 282.834877278479 282.629015305942
280.891717770367 281.08945657538 281.00868095888 280.962072571641 280.993647350052 280.58812762252 280.883334236707 280.840155734022 280.861257394451 281.065302674173
281.094120808853 281.629185776094 281.558511256353 281.479047262842 281.845756395107 281.524531930788 281.497919917843 281.424563409647 281.428428989936 281.653564724407
283.527842805566 283.689733240657 283.549788883579 283.397722690126 284.119495001439 283.527252357577 283.59720525329 283.537667785303 283.59467427839 283.775955627654
287.248190000912 286.813934820476 286.861627012879 286.934623252588 286.995902004054 286.638704693544 286.817747329825 286.82262694117 287.199213205277 287.056748616205
290.265363039225 290.171046395859 290.298665872614 290.174239612854 290.609566950113 290.197699919686 290.208515211143 290.351433877419 290.4636434076 290.465101577492
293.34708054613 293.159043317177 293.282493266279 293.214425296161 293.282006957222 293.116604991226 293.167997825363 293.373882930357 293.422973982469 293.335162127574
294.799526280566 294.809965506955 294.893395577399 294.884357370187 295.127944060184 294.948882216911 294.83028342264 295.070201695836 295.082060969027 295.074363783121
294.748585520214 294.695371940145 294.822389018711 294.625401998135 294.953144638804 294.782913854164 294.673125166771 294.873854384107 294.932077050729 294.920055647832
292.508480397586 292.652714152562 292.535580504571 292.534715130968 292.673160106198 292.602065851879 292.520899940497 292.612832324944 292.69031962146 292.656001590339
289.179282374932 289.203674515449 289.386313964752 289.223480448239 289.533994024246 289.355864692482 289.393328119165 289.163921883822 289.430200908521 289.353295690524
285.22307199611 285.269599164168 285.715173204521 285.234256370743 285.627676073544 285.291073431713 285.820675999845 285.078787512231 285.422620523304 285.659759462293
282.07592864739 282.557371128791 282.527747629411 282.130759533137 282.470486884717 282.593823264907 282.857209773973 281.846718391158 282.593579735567 282.451158143284
280.617834386102 281.286073777622 281.127702983914 280.788956282967 281.171020498309 280.964890481936 281.473897606336 280.658914537418 281.161103623273 281.427327208186
280.89039928765 281.303477178514 281.43884095181 281.579706065045 281.403807293072 281.671706690097 281.304895032826 281.128185588079 281.590563477161 281.826578978905
283.319994781479 283.63669288293 283.247807216293 283.312446319077 283.506757274699 283.732680137852 283.934126730754 283.218892072212 283.632247919586 283.80138554502
286.902734414226 286.886933018183 286.908378396377 286.673195866971 287.054241995422 286.889926963445 286.765381318821 286.547696740484 286.794066900233 287.219492364635
290.314869568934 290.542645571594 290.440937609972 290.245129216192 290.558395453906 290.465412527758 290.309320311234 290.172263985007 290.237669912467 290.498659464874
293.330271215643 293.42951434622 293.386227300462 293.143114254698 293.368781240884 293.49509786175 293.239326773758 293.084171582196 293.249035819026 293.41987190188
294.946922847036 295.000296144849 295.085653401967 294.840381022005 295.035141784432 295.202231235967 294.793951821327 294.655275744045 294.977539321524 295.16744081863
294.754043094704 294.680607573973 294.894246433005 294.821687040182 294.920122206805 294.871981643781 294.760042202533 294.482168255671 294.734887935088 295.091450569872
292.576052808148 292.46672756492 292.718199580896 292.576006315822 292.639974914215 292.72023665529 292.619478198821 292.223473157849 292.679711649178 292.951718549685
289.379312061347 289.36480707803 289.345935106759 289.166704940288 289.456116021057 289.492936280456 289.045427738091 288.906234102126 289.058842313072 289.609810989804
285.395172662968 285.405171378707 285.291214818159 285.289057687258 285.156101588241 285.720909971997 285.282560153201 284.8967637891 285.384113485047 285.951304841084
282.245782721116 281.969255762041 282.403998184175 282.162981204599 282.496252630559 282.472420400969 282.164798805844 282.149197939227 282.435995556486 282.666419619014
281.314457859728 280.556867147166 280.774408158125 281.095888368693 281.445321244949 280.829395165631 280.587856890567 281.289670843542 280.808536456621 281.74402835524
281.679518614785 281.243017841488 281.623200291111 281.667119190475 281.749824041508 281.149782777926 281.533546175673 281.161456403079 281.414257823648 281.463788359216
283.362125460502 283.208660836844 283.811661042343 283.904308075252 283.768996694096 283.590994857437 283.320945928792 283.16337722446 283.364556592618 283.612700994072
286.586375805642 286.898915098544 287.105138620397 286.93673358868 287.173856120138 287.075810399615 286.575770110005 286.54041660864 286.718325483499 287.250766122533
290.325277598596 290.079266496882 290.531528962389 290.323349677816 290.636214810032 290.658845947171 290.094514686724 290.278040118789 290.130786286303 290.629141138945
293.375546047051 293.060773515676 293.367252127329 293.284311079331 293.342134599856 293.454596740607 293.176247399746 293.177488427373 293.209060841967 293.337871791197
295.051800572859 294.764285842959 294.908844248223 295.103559751025 295.214431694259 295.124715044943 294.892058040998 294.870160369681 295.04546298227 295.166547832734
294.932098878483 294.567153427086 294.834183706743 294.957381539885 294.880763038778 294.842044915438 294.816746691698 294.710032931323 294.823366425497 294.779894272925
292.512248863513 292.359744452516 292.668464600888 292.724492557931 292.62654283407 292.690193402335 292.543421532937 292.457273963699 292.630639708032 292.647354430223
289.296497505415 289.068655371566 289.390534721161 289.55901552546 288.973114943573 289.174505484271 289.246445016163 289.047002964758 289.325318042387 289.0969813987
285.698374604531 285.487089218839 285.859559812426 285.74578101042 285.418181653122 285.308909053432 285.440182639293 285.287648660243 285.563046588489 285.49188627051
282.229457985693 282.205996524644 282.267893198788 282.728730229038 282.263347413504 282.467606876789 281.99368556929 282.136304088342 282.610773663576 282.225820111
280.533524074115 280.629951214838 280.901639822537 281.165686131787 281.314697447428 281.157512618854 280.830992364714 280.671714150257 281.052683665421 280.389706586725
281.134122063841 281.088551061923 281.708756353495 282.064411421607 281.534289849733 281.644048383146 281.664743547159 281.447833586246 281.203409063454 281.119057108991
283.47766962723 283.153917191632 283.438884910254 283.673090086613 283.887005858758 283.550516742312 283.635754118727 283.111346044033 284.003962688991 283.279314590729
286.913091620251 286.610624771475 287.163382641438 286.88396610747 286.926482173447 286.743726284625 286.854869261816 286.743490723997 287.059931378338 286.770271823513
290.224145699882 290.22666906869 290.342289626022 290.400708634688 290.245708171821 290.372731586028 290.222575024282 290.120692119583 290.391812600146 290.360137575514
293.239276368794 292.959406865104 293.198856893068 293.309417355304 293.088387768377 293.075460332268 293.011357356692 292.886962520645 293.269192784896 293.102190565621
294.862599285818 294.626981321883 294.772354001227 294.919189699847 294.798114248533 294.55705631493 294.58750742765 294.562951763666 294.705959162322 294.662289782087
294.729495766253 294.40245094336 294.583008455626 294.783157485577 294.608653254381 294.44041741461 294.38317824822 294.29157026454 294.509157177869 294.593622430691
292.631288876162 292.137102725465 292.452506592408 292.340382512713 292.26287065994 292.376332342317 292.08299786867 292.0538374086 292.256163223958 292.198537691809
289.178101341932 288.600924792308 289.074671573262 288.918048677585 288.913540768926 289.045176856715 288.747260122436 288.551219521437 288.851600964095 288.874147817661
285.507449804143 285.149366441876 285.418826614731 284.849062342062 285.120282731102 285.124359922682 284.404000546627 284.744645153004 284.786491949918 285.380752513752
282.015940009441 281.826174360199 282.27985031542 281.900542143983 282.070055530403 282.160994508725 281.711368918445 281.706124692289 281.883382690444 282.511920952746
281.111697344263 280.483341909257 280.966547979392 280.106507110618 280.613589236137 280.680274620724 280.263510391625 280.179872952099 280.72198100377 280.988744475392
281.624188235172 280.934315520248 281.49105385199 281.007035491069 280.771697809226 281.438183150418 280.883032043311 280.772517892893 281.124309272399 281.287643273657
283.547633296927 283.600438431917 283.531163973153 283.371033327679 283.403710842352 283.264754825317 283.293985715155 282.961006216106 282.951370153383 283.725373388519
286.956629265345 286.748364466376 286.757949378112 286.461900946382 286.616504988537 286.668125932434 286.520846510301 286.649664168819 286.56953839931 286.947519905948
290.240520266056 290.036085491956 290.173989279096 290.073811313575 290.177601320092 289.94961161862 289.884976991862 290.00447203645 290.16872812904 290.277692348719
293.008627794232 292.886308528515 292.912934072717 292.908150728371 293.175651931713 292.865033297806 292.901224516701 292.725647350536 292.967628307433 293.145390112806
294.675165968125 294.50771819037 294.610237423126 294.412969768089 294.621678478835 294.639846299932 294.595959044284 294.396740254575 294.745685174436 294.759785309136
294.470585135523 294.339436687823 294.490816914005 294.36659959852 294.505699551822 294.476190669863 294.425602587802 294.173929828378 294.485752170336 294.72042644303
292.247890022498 292.259339040054 292.264906640411 292.169185306412 292.290975041824 292.197391441413 292.19418650545 292.052452302331 292.287304283237 292.638495594842
288.992998973343 288.700467593444 288.811428772136 288.743442264106 289.07147156997 288.95185999145 288.724727082598 288.759391906261 289.019964614724 289.356231573798
285.12259363995 284.545773942751 285.203908097857 284.766988646222 285.269145605811 284.92082198384 284.699609656546 284.491218101265 285.304734979902 285.438571721719
282.458947347192 282.106453858096 282.068547445535 281.556142845439 282.063747945234 281.59202846173 281.802097362679 281.852103511512 282.403011094517 282.786823061894
280.732208867598 280.593449149849 280.611892538943 280.602251653812 280.702209623014 280.324734668797 280.586791133821 281.138658361284 280.909490175466 281.35634596832
281.009764007198 281.675112993699 281.160261671229 280.685248657523 280.872181626453 280.985997147896 281.502678462218 281.653191280444 281.44940782136 281.648892762295
283.342697912701 283.643035202816 283.410101507786 283.209394026686 283.085535902349 283.119344638614 283.172934462795 283.649029251219 283.351736616939 283.757105653486
286.761270015265 286.767793729487 286.997800527342 286.640815720462 286.61394240301 286.62002568365 286.554302260457 286.57425825648 286.700479828352 286.953117908161
290.290387795084 290.104805913794 290.383299719606 290.061860238234 290.269517551677 290.125270242343 290.08213040247 289.938537179926 290.251728539271 290.484607354564
293.062369348236 293.059888777844 293.325443854383 292.977378715093 293.260644680705 292.995034354207 293.036800316135 292.996391041558 293.412291562604 293.350050916095
294.673728874806 294.666437808351 294.906609494561 294.792555340167 294.87862326472 294.749434901999 294.87804855761 294.579596702058 295.039042415345 295.140878475555
294.438070946438 294.4842053906 294.772984015791 294.707884773719 294.764539485802 294.658906388068 294.801727024268 294.424583499409 294.823285286345 294.879736272964
292.376227131539 292.217633192859 292.647658681308 292.477992884158 292.494365975279 292.35742972245 292.550509010711 292.212615957004 292.523116779028 292.839690890726
289.170383123854 288.941235698976 289.32191828002 288.892752975583 289.214718623126 289.152161669335 289.098426684606 288.870512765478 288.952040485888 289.398899707601
285.351360894525 285.116337770251 285.623417495214 285.152596018968 285.11723187619 285.153646743486 285.112568272226 285.000063618155 285.238983164739 285.811056339259
282.146892942821 281.838993344707 282.541209783491 282.220736130448 282.132198055445 282.150265906269 282.00663633359 282.195568580128 282.036432697461 282.874025728405
280.885413203369 280.625602296892 280.840007827548 280.853120382997 280.923297063094 281.186536138178 280.960945970855 280.704497599384 280.796626839754 281.037289023061
281.228591141829 281.311978421346 281.471986523226 281.083956290927 281.729224787273 281.343367906269 281.632011924021 281.32948056768 281.419212426054 281.959241637043
283.534292190084 283.101740314248 283.846554959686 283.479910492026 283.702437185471 283.641468327753 283.771181536908 283.521455864205 283.082701588391 283.817094889263
286.716235313527 286.821307968771 286.75578687372 286.667574347503 286.722464297316 287.157745006509 286.73066161572 286.729445707574 286.567070403419 287.054660834987
290.167403486417 290.226462540757 290.238672951002 290.403974918109 290.143809385556 290.501593588239 290.309444893908 290.117038630826 290.252196514454 290.395259640439
293.200733934834 293.146451823469 293.232884256658 293.158556287147 293.13580185259 293.190411134406 293.194595786351 293.210048004483 293.318305909852 293.399466579313
294.922072693228 294.802327046042 294.895215111572 294.808329389746 294.783559382496 294.888024295124 294.866556922455 294.849939738534 294.976015621936 295.155851845664
294.669189682714 294.723514553137 295.009112460164 294.556404034702 294.726146520584 294.840636183065 294.674320275991 294.763596437084 294.91880505031 294.884101697845
292.431478201765 292.532783883064 292.685193976067 292.24826314198 292.500490953099 292.670738349157 292.568107172073 292.458915933262 292.668830023964 292.788676612014
288.989026584107 289.259350006716 289.393026417754 289.008171032905 288.959326775914 289.408275148579 289.106379513995 289.121956061461 289.153362919121 289.475703271125
285.237540392245 285.070899228974 285.753663255815 284.942703984754 284.912400411532 285.44394051851 285.292356857578 284.888845134791 285.446738037499 285.369293446218
282.22238053385 282.246805244488 282.722506250394 281.91478702207 282.124999014479 282.465163760886 282.016094581284 282.088507878777 282.292810599839 282.183298693572
280.813106917182 281.1130690543 281.456511573574 280.563302200323 281.272840691225 281.227900165167 280.976397245775 280.335636307351 281.416846001703 280.801186937556
280.970579568075 281.400310940803 281.440332287436 281.128823522964 280.817016453593 281.391870064333 281.226504506068 281.521531781347 281.844895547261 280.975750600842
283.461693543125 283.570671213008 283.34635795072 283.541382503632 283.163383195504 283.645425199601 283.335808290087 283.56381468301 283.80941718334 283.308761981456
286.818081924805 286.901362624642 286.552025374721 286.781638113548 286.900125005428 286.794719804149 286.816018102966 286.827198667118 287.077455726232 287.011761921153
290.274379767772 290.371218967786 290.462456284647 290.063556295361 290.345033135958 290.539538766111 290.315851435192 290.118988907967 290.285490919259 290.409892615265
293.209620152454 293.209780981358 293.361495049062 293.045533915788 293.230049906839 293.357069607624 293.284302904688 293.187049073351 293.23805083109 293.291587804674
294.851300105689 294.850536596861 295.050408132263 294.749246234951 294.961424541009 295.012567868075 294.97479488298 294.914993319147 294.828659223818 294.923144400202
294.742876980146 294.637005316522 294.934080133719 294.576725441977 294.85056569276 294.848322874741 294.825189917417 294.747261856936 294.785351494831 294.809690119958
292.555782452635 292.464606874258 292.815733540115 292.321775168164 292.66151292594 292.621526198858 292.61063126715 292.414019575478 292.571621592346 292.567487193931
289.184911173724 289.256704460027 289.448697901532 289.099586471977 289.132151750819 289.510352103679 289.256559309244 289.074014162628 289.308703309002 289.134368352508
285.269991903911 285.557574968284 285.335613508793 285.296308434224 285.004305990288 285.799866298845 285.453930259688 285.161311606909 285.468204662075 285.432229861118
282.255905338336 282.574101750306 282.140975439082 282.515188077371 282.106424452722 282.514202462779 282.493175641031 281.840805277191 282.141857485037 282.429447208952
281.100190205396 280.83405723576 281.368308423117 281.060004674412 280.885537053617 281.069508978692 281.175494262496 280.693882786857 281.052468232077 281.093975807876
281.486459693944 281.420254323521 281.421964544927 281.482608364627 281.572665649792 281.624995350014 281.487907658 281.466482711402 281.61563980213 281.780262394211
283.656731499248 283.827730527533 283.994550570182 283.43298676777 283.865432950408 283.956359816111 283.827073233881 283.729253141568 283.797577516712 283.567535994143
287.007827382017 287.065083979382 287.002819449781 286.687440760132 287.047434134295 286.870979809343 287.119727769246 286.528861437014 287.187428365209 286.711556613507
290.50514742045 290.326467856922 290.381134857415 290.082658253829 290.390073645057 290.44604520106 290.566485735531 290.178878518386 290.486437889101 290.170509335809
293.228917966607 293.165289205761 293.443130148385 293.124242652624 293.377828573327 293.182484757253 293.375341372507 293.260117998849 293.384170609239 293.403541013698
294.801986894371 294.841937718506 295.065790419421 294.90507809066 295.081029427133 294.886765015059 295.048765568354 294.91358708633 295.078195530903 295.014375839638
294.83028261381 294.902794562212 294.923272217777 294.854025294186 295.007137365557 294.733192321955 294.938127430964 294.882760210928 295.091864656028 294.969171570196
292.674910495309 292.682116683459 292.578860944731 292.613193240803 292.580252662121 292.592311501333 292.80704506555 292.826191536031 292.848153214449 292.760110169002
289.482014485121 289.377827629669 289.432124975171 289.377403513257 289.124508826539 289.255831347136 289.247265231737 289.392455579475 289.346960725516 289.371689542743
285.618689645442 285.439735892848 285.7093742435 285.400117258598 285.269566379795 285.674909602647 285.584423980125 285.683100372827 285.47922980569 285.815423107254
282.796454608402 282.220689108944 282.357354996659 281.849049535914 282.270530932755 282.930218343904 282.249097797294 282.462745473489 282.25094974964 282.901642313823
281.751845116084 281.181697323315 281.269654642783 280.342111651498 281.212522388263 280.911541770437 280.80535159536 281.334585340715 281.073102106069 280.996295386387
281.519712358138 281.847467271163 281.471091315629 281.412954953476 281.772545634159 281.506774150273 281.517196059138 281.843949921583 281.843772392769 281.745654051475
283.905697666974 284.046967768001 283.316558569596 283.508840564768 283.529363915259 284.007076184337 283.441731494669 283.615221873368 283.979834161806 283.804389852379
287.355303220689 287.02576686945 286.679556335557 286.683624722196 286.704811384143 286.888785362487 286.697500261256 286.946632733419 287.123694379955 286.943900232624
290.611278809599 290.456711760627 290.21661703907 290.353827620319 290.404486511663 290.393182803231 290.265048266642 290.359824982409 290.387435717921 290.755464730928
293.527607739471 293.43188245671 293.490530474535 293.21170232222 293.347113795119 293.231423520179 293.237285709118 293.404513449277 293.393606325436 293.533948838408
295.091971439723 295.186796770453 295.102464705501 294.942554449924 295.01989476243 294.914431568196 294.910937345331 295.130103326315 295.120683454309 295.194557345297
294.938198697581 295.049539114521 294.861594648327 294.854107986502 294.799603159746 294.857295762201 294.777385181058 294.905935255065 294.954920228226 294.980838082622
292.777333405533 292.879768190832 292.561008402656 292.762976292734 292.652063437535 292.77277677621 292.594591377396 292.732148962299 292.753809872029 292.819942482697
289.398170868648 289.676643090558 289.397903061641 289.160525282991 289.0421904985 289.42136973575 289.158934113211 289.27129771132 289.272484870858 289.533114138298
285.704310315195 285.73259895916 285.680589161083 285.563465255637 285.432009056397 285.444713747351 285.280114911465 285.533566227478 285.29395509159 285.74592856722
282.326921410998 282.523381545097 282.444236270678 282.420182714033 282.156273207326 282.247199404098 282.343348626918 282.426543477303 281.9984110011 282.557221851041
280.573317868277 281.302932457225 281.277341556195 280.513632178477 281.132147267853 280.626462310717 280.988349108533 280.98239382477 281.101854774804 281.08106142105
281.211438605859 282.068801402941 281.638465120476 281.089245389966 281.872810577077 281.092736643185 281.669228138545 281.362400599123 281.432695755039 281.439659576792
283.785841387119 283.881319832344 283.699266716295 283.512532237586 283.550154520103 283.374074539334 283.658734198621 283.821269048843 283.97106201129 283.824443981195
286.823682342791 287.10672339501 287.165563012433 286.955739440807 286.759875926485 287.086644198407 286.835732335385 287.159783051224 286.949365018565 286.824446648543
290.05852616501 290.675665248234 290.540043514654 290.453385137977 290.434143953623 290.493572542869 290.264298979643 290.397997554151 290.446326561995 290.264425890587
293.234361921689 293.475393777648 293.447419466658 293.480147856976 293.231415962567 293.3294147874 293.198407962049 293.296992475271 293.553802300677 293.202460568826
294.888524165071 295.114399037688 295.215355984116 295.05366714118 294.966543833199 295.00185772372 294.892327031148 295.175437102595 295.18886258855 295.014532921939
294.731567486597 294.898453526536 295.078195730642 294.875564489693 294.929043273078 294.744449248293 294.770672300367 294.969110942382 294.901123036938 294.782978568613
292.417086084779 292.646449062275 292.841207235236 292.769081124151 292.745154474308 292.71937677034 292.669555977774 292.658587743214 292.683184065509 292.724386097428
289.092269732247 289.300724311717 289.495139083948 289.604369705972 289.399895535 289.494076695043 289.311581205326 289.27644232384 289.431634526206 289.339746991438
285.401436682125 285.482896729264 285.859767250347 285.547116295572 285.406660288876 285.792002114969 285.080157761019 285.486509558628 285.398247592771 285.434711070982
282.097602945949 282.5362594627 282.686532229622 282.698240379327 282.626378324325 282.542434480543 282.083220104929 281.855870752262 282.185351773031 282.32177730096
280.888227919763 281.059857154305 281.230473413959 281.345588534642 281.154388694618 280.899025594056 280.663050462635 280.95289388413 280.969107230881 281.301500674604
281.510227506404 281.945229537879 281.410217809572 281.457305444924 282.09125533983 281.546283238065 281.676828363672 281.74379942477 281.489841183994 281.364362755645
283.383241414032 283.907307912272 283.886846552603 283.5014364388 283.864007222309 283.749703663451 283.760418250596 283.445363332756 283.773646195658 283.503582656088
286.832117933011 286.974466644209 287.129745765676 286.770104742676 287.093077842263 286.987178899492 287.302998400088 286.858856517973 286.950337457585 286.724025918071
290.306453956113 290.451498203205 290.458969987773 290.4359632047 290.350155908593 290.494026685839 290.536721031899 290.471506949355 290.357054527916 290.237089463174
293.241884214792 293.45236376486 293.311287665911 293.189741957491 293.368813631582 293.334398166512 293.371464714698 293.356994379989 293.500511425793 293.497379547507
294.950836481073 295.198108100809 295.183519001807 295.095969709843 295.189668298039 294.976502353467 295.031039516775 295.015823163324 295.114982380033 295.25011404078
294.930679164154 295.033903969119 294.983418783686 294.834782916684 295.245197478028 294.747939627567 295.004068904999 294.819098059419 294.860414257089 295.007099724866
292.774265238698 292.907627493758 292.852661688401 292.717154958921 292.8526860681 292.694046434052 292.81350457495 292.55499894115 292.581121606183 292.846332806734
289.352925849793 289.423087741982 289.523110872198 289.410247529479 289.448337073374 289.06351674558 289.479156551481 289.451997659469 289.272731185725 289.639555085657
285.388013003746 285.632374067484 285.427120761638 285.517758784125 285.45340139103 285.285837294366 286.032110900394 285.597477586295 285.584370770998 285.446916466952
282.316429715955 282.773139947938 282.405836978052 282.456285209698 282.272896451276 282.222974481363 282.291332087804 282.352883029976 281.911134346293 282.471305179716
