281.33097930155 281.379328768492 281.42104919293 281.136178625196 281.366183161501 281.532853658858 281.271831171303 281.602687310332 281.427453805787 281.337770565626
281.549619869385 281.520719572626 281.839090126374 281.56711370208 281.723965951653 282.370521502074 281.787392847346 281.865564881432 282.252142165534 282.063126446546
283.502681299237 283.673555471387 283.623086995397 283.751797101268 283.598567256306 284.040304174319 283.917060511873 283.894020012852 283.745573686327 283.721107756889
286.896435143428 286.981309854367 287.110975505191 287.307404862173 287.049327152403 287.329210246111 287.069115739392 287.034675454792 287.084247361644 286.947862605901
290.440468031571 290.365038703907 290.618188035332 290.658122860675 290.663219862241 290.735831179004 290.554260391973 290.388577264897 290.596845350624 290.611630885099
293.450193962504 293.334227162826 293.567961351681 293.594738766952 293.531970264771 293.764541363451 293.553871925863 293.428743162653 293.589393879875 293.524619984874
295.160963582311 295.029678483577 295.328318966707 295.305383652179 295.386672261098 295.450242683419 295.357560097674 295.260057492217 295.254936737764 295.41082087818
294.927677026305 294.914228993523 295.13786137965 295.258465536627 295.21283906835 295.297408503317 295.158925433738 295.036136991389 295.166706691815 295.2818473956
292.560415394488 292.468323256173 292.805636406093 292.947688824104 292.889045563838 292.92864876079 292.737334519718 292.793359906656 292.942999574585 292.738367213088
289.001141023141 289.045631731714 289.440318153424 289.370083246078 289.442792986189 289.218001148215 289.120528257049 289.2819881309 289.095579942208 289.264070866575
285.340880551393 285.20265683634 285.263711443238 285.64408412117 285.375750393286 285.306047105779 285.241133127098 285.580843618901 285.418189897287 285.39137841385
281.996740346804 282.209557143393 282.357560806886 282.076943080771 282.863356726811 282.453542384775 282.268234912816 282.473047371374 282.161916998041 282.24703463721
280.526400297081 280.717352599501 280.907794149441 280.721340488907 281.221783189761 280.856232753314 280.710808092136 281.063556541309 280.669608569492 281.024891356008
281.684151337835 281.344995103603 281.68472188402 280.938597026211 281.624940649521 281.552988923574 281.556710840261 281.972116099469 281.136725614861 281.458536790091
283.624010711387 283.534662471637 283.837699748665 283.51384497423 283.871621748508 283.846472478093 283.660093543357 284.068382812159 283.491218356316 283.405895271283
286.498494301449 287.094954958447 286.977740800047 286.857887220316 286.716070306161 286.848742522202 287.056027842438 287.207449084778 286.719607234595 286.979689461453
290.003188333401 290.221684924948 290.347883409762 290.324661812356 290.287573262257 290.471024387325 290.246225874863 290.52872555469 290.293776591042 290.291842610457
293.214666605099 293.156443723757 293.282444339708 293.324995357872 293.154753322573 293.340628935558 293.333742248084 293.298408099929 293.116028891339 293.239193498766
294.810391824581 294.93826927645 294.969612440795 295.014810273127 294.848031971519 295.007937779791 294.910165396006 294.942951503705 294.879723580983 294.835362672184
294.48226332127 294.665808147475 294.748664058549 294.828408994285 294.630893441489 294.88388244117 294.602499544671 294.710728829436 294.738808182039 294.598384393081
292.181281429678 292.408181602472 292.659175193176 292.531146708828 292.318493628104 292.717467147497 292.154397893644 292.570832252558 292.40140039292 292.398762833034
288.719221408917 288.976371413657 289.097388226801 288.899347498095 288.723507698981 289.22683847276 288.617096970374 289.02601689574 288.814254229434 288.901270405657
285.018059045697 285.204074823285 285.243375423649 285.06341232766 284.765233305668 285.66523308425 284.799555744751 285.234658961945 284.464201383948 284.898272408651
281.683008549635 282.338965040718 282.558904167699 281.813223700807 281.86449786693 282.239354145075 281.459380149594 282.062924134283 281.52513505867 281.720467126312
280.408560581976 280.738608525378 280.831223524902 280.481784225702 280.412147845718 280.227651311726 279.973054228637 280.414572544139 280.217383430644 280.199637643786
280.55485350339 281.052904171899 280.496208097585 281.282202853078 280.524412680708 281.020788585513 280.865550600514 281.229014937774 280.583115242396 280.482686115897
282.654679234654 283.270302116841 283.137580474787 283.047604603541 283.097794469717 283.327574706709 282.699294940094 283.237718725938 283.042928299293 283.113480889214
286.037601204108 286.547385143036 286.444607297095 286.509766410315 286.633794481248 286.749577154498 286.205400444745 286.559274250316 286.757422797623 286.390791578805
289.973224664583 289.937823346315 290.053307557369 289.919063559974 289.839848985927 289.997396779463 289.730343692989 290.08258235743 290.011825161661 289.93437985232
292.784700465833 292.815946613416 293.050688031359 292.97749007947 292.750546678558 293.09755071654 292.756619259525 293.051560886921 292.84718022803 292.956473157963
294.518165649771 294.622169438206 294.623918190491 294.742929883418 294.554466564478 294.775788969899 294.419574623107 294.769814855219 294.692373928871 294.386819560424
294.29466046824 294.418305424763 294.456100650337 294.424463891982 294.244114000375 294.527240647411 294.201695080715 294.684511487388 294.430845481166 294.11344863882
292.058933010871 292.093535206417 292.200336641017 292.154195390361 292.049846505276 292.188437515951 291.883322812592 292.315512457382 292.088851486002 291.925688345032
288.42370316147 288.74395900671 288.885811395434 288.631319011258 288.38559401496 288.792844063408 288.473327374039 288.865836694309 288.78145531362 288.608151199567
284.454164996585 284.741994950041 285.123379761739 284.846254131374 284.621471135237 284.975964294777 284.600354110815 284.792682646081 284.892893666636 284.846547408889
281.289387888975 281.424895100291 281.62520927808 281.5962754359 281.47349610405 281.761538548938 281.275328173391 281.74700943638 281.732596839954 281.739054708422
279.942815284902 280.403286626253 280.638050183984 279.920338331879 280.361416474105 280.225257025838 280.232998511688 280.203535879636 279.693088341864 280.071000664037
280.328269184528 280.628875751999 280.948063268957 280.422696338394 280.756522493041 281.244542842217 280.869469546111 280.644809428916 280.571181983282 280.926941541749
282.897599209617 282.433826022102 283.088832931501 282.738025165072 282.727747522939 283.111661006268 282.826924956195 282.776715304274 283.16651140827 282.939061176986
286.12114668868 286.099237110194 286.484289340744 286.250187204568 285.970620817309 286.366051619942 286.169081038366 286.050667060384 286.319038780566 286.50179359071
289.696903225378 289.793246236856 289.780784865535 289.860569861041 289.727510119452 289.79893018801 289.668258631108 289.759517352141 290.059213432278 289.669082728331
292.525722026528 292.724295075762 292.742127180879 292.527037239272 292.586691323715 292.745652297075 292.545926296784 292.719678869857 292.724861804255 292.548976541558
294.313721483217 294.301421886589 294.543355523472 294.291004852838 294.19381354522 294.454122284179 294.401047745045 294.362207987946 294.369198430586 294.160095835935
294.168834252635 294.194795467414 294.405574529625 294.26564783955 293.930675284862 294.176712635385 294.122745166315 294.311842989923 294.224862071513 294.219389235742
291.847169933125 291.880982500122 292.011896183169 292.034328059885 291.754062609563 292.119104374526 291.951481241011 292.149502322206 291.861779690026 292.173241281373
288.387280689878 288.495293492276 288.607764734911 288.553277977248 288.229826367484 288.824794577778 288.284700533691 288.799538767566 288.396453489688 288.790696094657
284.53994742287 284.497571138125 284.886187043308 284.381748363629 284.152246877316 284.66526212571 284.406091048301 284.78693252041 284.382375975355 284.738982531015
281.203971119531 281.297832468514 281.705346993789 281.593161722458 281.263445392609 281.404234461666 281.473320309149 281.809343658538 281.49572476944 281.639014840665
279.892931604495 279.971026462193 279.599777131195 279.834232859626 279.617143780422 279.857911980595 280.102186146529 280.09906856974 280.425644085012 280.213565081693
280.100467775219 280.416802916739 280.566385531931 280.10330445141 280.354992606746 280.587720871353 280.596221213769 280.559436199539 280.08584360436 280.647211648802
282.599084717881 282.64608473587 282.908383553231 282.587156789507 282.278902598755 283.067132316336 282.766147947355 283.158359871929 282.644452947214 282.735648676544
286.257294158441 286.283857010569 286.391332214495 286.191076379391 286.136812746917 286.303655795487 286.278898706845 286.367347862227 286.018881769111 286.295829378326
289.626508197955 289.689247946677 289.668632345506 289.620335805943 289.666727360433 289.635629602406 289.865130089756 289.715084584693 289.720383849769 289.792722835355
292.655772014269 292.697898756564 292.644448012519 292.55128003303 292.704027823333 292.567625144844 292.671266578062 292.66171681099 292.773980277362 292.82163970062
294.247562704439 294.524751043245 294.34257964485 294.30154337986 294.309813446946 294.126300282643 294.31208652978 294.277215529583 294.524976969828 294.420953833788
294.158977251942 294.312326898448 294.299540182743 294.171385727777 294.163953498306 294.033026543739 294.187080352469 294.09738456946 294.163910855791 294.43779300662
291.827788039579 291.858835265674 292.068254002339 291.842637595213 291.902665283554 291.787384999909 291.882028318733 291.886320047314 291.958712877637 292.209549227913
288.46000192764 288.553344982463 288.57845308199 288.332209341285 288.303222340135 288.43916490779 288.445239790021 288.605130816268 288.351082587521 288.850257320496
284.326571436137 284.821123921354 284.502285973027 284.342243533663 284.315977777858 284.590104097618 284.679071136955 284.682513427507 284.364636898144 284.966984560934
281.342721836143 281.634157826412 281.357813865101 281.26527426804 281.267498979204 281.51726476463 281.573865734207 281.663856570817 281.01315185156 281.729760980524
279.567987470211 279.586103431243 279.956127056575 279.90214493891 279.972922856165 280.124908441204 279.862063207476 280.134851474052 279.708389272766 280.191255850059
280.22962421193 280.374776137297 280.557849092525 280.379330195472 280.278887780302 280.586952841982 280.273199385592 280.481486340647 280.192226457119 280.427186398009
282.534783466634 282.744174150887 282.330667164601 282.865236630495 282.636871231834 282.778215720417 282.685549902711 282.919132277342 282.401476156789 283.279779981243
286.179687245203 286.261956755901 286.009678127485 286.239201842976 286.249069032253 286.132071854121 286.151674920986 286.086583347806 285.941413724229 286.211908696843
289.586868785583 289.727278165539 289.68650480503 289.734590537789 289.927924032185 289.658971914111 289.549604595738 289.783541750317 289.748168566687 289.674147576001
292.518266237596 292.57771498787 292.629135775501 292.721382246703 292.734925694097 292.514626724258 292.513710326563 292.725266819056 292.716819454748 292.770687952851
294.188600548353 294.176402058891 294.238780676806 294.273191083414 294.505905071262 294.52322286178 294.114180723506 294.394153976002 294.355996933432 294.429240040818
294.077676603504 294.070344576804 294.078922108056 294.097856279789 294.35014477214 294.349569322307 294.130236796618 294.275872581705 294.168629334543 294.293470180097
291.928211054109 291.775957073059 291.818217452383 291.851776150207 292.120166436551 292.07545036477 291.951400767122 292.046568263732 291.794912445161 291.998844088353
288.397860123532 288.255119742529 288.312716797115 288.300252748999 288.546815604963 288.784970571695 288.290159557584 288.473922460704 288.280218172673 288.424988671932
284.231903545703 284.365793949338 284.328779728848 284.452272966297 284.447915197752 284.684846440761 284.447862222338 284.379586088782 284.424535451786 284.549478363433
281.202059257674 281.503415399971 280.847932188881 281.501950643646 281.198993068287 281.445380119646 281.349569159436 281.494838187543 281.194666462298 281.252485855045
279.838887923227 279.858910534632 279.768568553388 280.263163719803 279.762911248916 280.506300080755 279.995315385142 280.396700156072 279.913114700364 279.864911140328
280.366474876157 280.541894964386 280.576601327581 280.766840857684 279.828654095566 280.680436674141 280.895096778216 280.474935769827 280.607055334274 280.782347592277
282.332920884579 282.732171765 282.617070336571 282.675160398955 282.905223606801 283.128778444726 282.62033731651 282.815800417198 282.832066197472 282.995180733353
286.181708650766 286.067511719594 286.231867688408 286.145620501248 286.329838273727 286.522553195342 286.115903263988 286.406339982207 285.88191889606 286.038970024483
289.797102468377 289.908237875528 289.631958130879 289.739406635139 289.871724137207 289.978192394133 289.5025446453 289.942833294829 289.652696966728 289.585246531822
292.715395713065 292.750991295318 292.619920361318 292.779818528513 292.811575546858 292.887064275178 292.67457002906 292.900692519557 292.617778327747 292.785728363807
294.263739844644 294.45735529664 294.440629716423 294.437365188692 294.478955038317 294.516938001717 294.273478564109 294.571947866163 294.345194072552 294.397126402883
294.115637598754 294.43771998118 294.12499474405 294.384093799344 294.337064047159 294.378878275212 294.239066409077 294.466461782687 294.086390424147 294.004249827314
291.876371897047 292.110257980621 291.892809480654 292.087153224377 292.027142643829 292.175244181772 292.002781820259 292.288547240368 291.874812369595 291.764068600921
288.407691950271 288.388348457756 288.474626873461 288.533205651425 288.264127699772 288.730621000536 288.443659144071 288.832289752492 288.389242009863 288.166926240424
284.736364076513 284.649529721508 284.58728894252 284.394222432576 284.422423812411 284.755350920798 284.78960570635 284.663277963634 284.47345140817 284.136928244042
281.656438323257 281.723401422926 281.798679558649 281.597515209259 281.552428120382 281.00550174847 281.983907669579 281.962094614235 281.33711630275 281.346594234492
279.956496341093 280.256563984484 279.775027097551 280.246359315539 280.469289283373 280.272361232691 280.278950454908 280.231332658399 280.161430447662 279.969462885842
280.397676844746 280.751925923112 280.380821949197 280.68889827619 280.816493590718 280.2494097394 280.473905725784 281.013437465424 280.120105456048 280.71325668982
282.624565388903 282.869430735814 282.831797088998 282.842687369978 282.932563434938 282.711610399283 283.112355562523 282.870676058366 282.568374834081 282.969927264374
286.13850458298 286.441329274179 286.370305418256 286.298462051435 286.115082291636 286.144400756826 286.491411886873 286.136225077543 285.809884579808 286.269417922796
289.88543624109 289.846423991183 289.932713655977 289.831933484954 289.672552235016 289.643447944371 290.180211271732 289.862037820065 289.526982227436 289.724904684572
292.821482639515 292.822763679292 292.851035440066 292.764898261855 292.610048445687 292.700737862529 292.937758499334 292.891607296726 292.48549766706 292.645424633061
294.348333406713 294.398472849435 294.613931065367 294.443896417969 294.37467073245 294.438332712407 294.58747678393 294.491374274229 294.312486914834 294.268828448105
294.18509602455 294.364264522507 294.273093915604 294.243230624078 294.158855653628 294.283625298356 294.386706061322 294.149467477387 294.061724746898 294.091067797131
291.856487320353 292.005065946782 291.889799490512 292.059010442347 291.848078394964 292.042966243297 292.250496467849 291.885459168958 291.754983033964 291.882047144456
288.29923249088 288.38864922882 288.17889730269 288.775039039801 288.280224906824 288.780428967001 288.872769569579 288.418283105247 288.193687469515 288.576436918823
284.803242975218 284.312730634577 284.396644876841 284.919155501383 284.172169203108 284.879144362048 285.361973944019 284.485480431777 284.178067421264 284.8865137481
281.453736155785 281.355620565343 281.459085878505 281.394162016514 281.501047554366 281.718188369638 281.844710894266 281.613623379679 280.883999710189 281.500478593407
279.971655289088 279.508423978713 280.104688027523 280.19248075295 280.167530318572 280.457571373308 280.432482376644 280.512262027034 279.350301793231 279.992677716659
280.989519840875 280.133913968276 280.289810060804 281.366860815202 280.189971668507 280.420414683899 280.66099246018 280.190154328722 279.560941558393 279.930289654378
282.78466406135 282.326095863006 282.427366590118 283.447274619254 282.474387697584 282.57940610118 283.433089004706 282.751266504919 282.87296601772 282.710483423119
286.154556290766 286.143331437902 286.003088208801 286.281510191858 285.880414155142 286.177899429482 286.662016935066 286.312464356247 286.088043763059 286.064841131103
289.584636504241 289.557645664308 289.482670887424 289.938140508763 289.76641501172 289.701258155982 290.050167828468 289.642004857136 289.586671320451 289.66340550738
292.543950484523 292.502802777617 292.461353936271 292.723656591889 292.745387397202 292.712524493498 292.983713330238 292.493513196455 292.661419723941 292.534244830617
294.274257678616 294.122043908334 294.10545708705 294.35071138231 294.267686541514 294.322952573799 294.502856125066 294.16213520483 294.442193403284 294.407916585524
294.211234098462 294.007387441173 293.918901501642 294.317087088148 294.147826160096 294.243967419272 294.328224795111 293.970809332053 294.172967290926 294.102266694503
291.992124518086 291.809510230802 291.766643268372 292.14409226881 291.982141052491 292.043221843719 292.116418496235 291.611383924884 291.839770108484 291.905316801361
288.654123085759 288.511056976794 288.396114049303 288.532042416684 288.318051125764 288.443771877477 288.767760519325 288.248373169895 288.243841583365 288.681523004299
284.794297883058 284.729274710813 284.419466533352 284.423390773857 284.476293062425 284.568886405843 284.788397809291 284.560980782717 284.486134215401 284.418088237004
281.627705911465 281.58310639907 281.755296995938 281.630693705712 281.283787429462 281.409784472472 281.646649646495 281.86736210988 281.445748316668 281.397747630876
280.508456765385 279.882891378311 279.987252109849 280.29004879463 280.257479842258 280.00186285197 280.214931928051 280.196055521867 280.2265150226 279.865043729368
280.811215314017 280.365368298415 280.741711239281 280.599629209544 280.951812620061 280.130820850809 280.601153731455 280.393707867741 281.168656043983 280.461652462647
283.108735746136 282.84495226898 282.796151449285 282.946379604682 283.065598008401 282.491517272377 282.943513290995 282.544466400472 282.948589402824 282.798236350266
286.538053385871 286.098865050437 286.447797952826 286.361127675147 286.210547227156 286.001616767143 286.380178038975 286.456271844197 286.416935985487 286.186751652884
290.008665732287 289.477708002879 289.770540026451 289.958785408654 289.811933999249 289.698375159864 289.696453507065 289.851383088148 289.873427963187 289.742246977832
292.947522753571 292.619240141331 292.792172606182 292.820604183033 292.848946855163 292.671256944232 292.581081577524 292.67462810078 292.866544620376 292.592689173737
294.553643535884 294.350385189694 294.536590581232 294.541582872347 294.574323654255 294.255241672488 294.258282579257 294.380753256905 294.531376893477 294.310705849737
294.364368053104 294.141549400937 294.324938002612 294.413593042722 294.322831353493 294.174452119354 294.116887960889 294.179935539497 294.480086630616 294.135446669068
292.182326510308 291.810368538469 292.146255283281 292.026288103214 292.09227554844 291.851114301484 291.877509341351 291.936036272174 292.201487505056 291.724769556004
288.723621854843 288.352743400302 288.91965995711 288.438116666837 288.760764289815 288.260268372761 288.669413267352 288.404890810598 288.49241129793 288.286256156763
285.001941301091 284.391396210761 285.024653899645 284.436068915863 284.810780997292 284.263454612918 284.886058660473 284.526951109124 284.561701642832 284.18902634781
281.745353964331 281.259572190741 281.858242427934 281.697243895814 281.376470565189 281.414530316196 281.793367575028 281.762773591873 281.112299779131 281.16496251026
280.546403053522 280.139732952006 280.869015222613 280.555330186605 279.845933507683 279.886251181622 280.293119941076 280.279673061426 279.830538662854 280.011756735731
280.800767599549 280.718824188239 280.919754851617 280.79512295896 280.817456429294 280.552791446481 281.246421996041 281.149316425027 280.310692724628 280.567037559476
283.141650427936 282.987036068854 283.525722249871 283.056790795317 283.128373886702 282.97931875117 282.999854235138 282.792139762995 282.937025152477 282.324646611245
286.384753418808 286.358935360385 286.57464525545 286.363982530801 286.42817378619 286.244967264712 286.110038305136 286.282523229437 286.549570197204 285.860191944091
289.953715519597 289.819245244205 289.954895191824 289.855864016948 289.684223185243 289.785347460541 289.549378149642 289.746582275792 289.940279334374 289.631771469829
292.856771968631 292.658148215274 292.864958922399 292.751807870235 292.669070449425 292.890703735004 292.61560286668 292.761157873271 293.018314497812 292.503496973366
294.585594580697 294.470336722375 294.596058839706 294.594572340989 294.366418438591 294.511944813427 294.364932183683 294.484822096066 294.607567123789 294.205239734882
294.343548302108 294.229151989173 294.375704361241 294.363348153623 294.261911718114 294.361385226251 294.184952460247 294.230746908018 294.33768778095 294.037588603774
292.002610365212 292.032587558183 292.132728922123 292.200435471773 292.006840945656 291.984356672321 291.913328446497 292.146303221647 292.018444468994 291.768887280007
288.601065582332 288.545108526153 288.699220890236 288.700723303231 288.308826590323 288.557107562695 288.509389005127 288.621724654784 288.723459707332 288.214837896615
284.477644335985 284.560067243159 284.732086778373 284.874724325556 284.223432116961 284.470090386272 284.80554676908 284.716829403473 284.812377886354 284.004384197148
281.940480751303 281.452388933884 282.110084292291 281.494133980712 281.268221416866 281.416195050609 281.710830288783 281.592660767208 281.400446884299 281.108175326103
280.142436050918 280.118622300339 280.447849356876 279.990621774406 280.0081572161 280.064111117494 280.235639371314 280.048775361351 279.629071719709 280.40587027554
280.589167285964 280.86447687108 280.441331022345 280.840103547556 280.785422854337 280.781272145782 280.517086005136 281.215291666347 280.44312480725 280.704252226262
282.75473700036 283.081320083838 282.910478359192 282.973633799227 282.658162471545 282.974194233527 282.820671427466 283.161940446769 282.676864621728 283.109143211586
286.04744404735 286.39421206656 286.230151040853 286.501134497178 286.150384417323 286.250164483095 286.361786090578 286.565868363621 286.229730727731 286.118437487097
289.817468162231 289.997723621817 289.670697285085 289.89791791942 289.70227070425 289.716138827513 289.970356306585 289.900041456089 289.957173351455 289.684444388554
292.76599938564 293.006511758161 292.705012688665 292.90888461294 292.689836005804 292.789306513793 292.828681472138 292.984244179681 292.858206681309 292.786593094509
294.456500323522 294.629646731533 294.401703918413 294.638940242242 294.451860402106 294.708201425559 294.485522150625 294.684191360732 294.392240090461 294.482681516152
294.196965714335 294.472818383719 294.189799056101 294.502550963699 294.323857281917 294.40824618751 294.405693879737 294.418170055086 294.227935165078 294.3029931732
291.919775662865 292.191363307808 291.939575110474 292.272131151654 292.104079160289 292.188434372093 292.215761788441 292.124410764001 292.168571786059 292.112040847617
288.637883276519 288.833500806027 288.48203914463 288.76346400689 288.440421104348 288.76314393035 288.887789700748 288.799284650959 288.852219645982 288.683804263588
284.764323244135 285.170913599055 284.654966998701 285.128203408162 284.585177219957 284.987682473949 284.530083672521 284.873132505024 284.971129019907 284.845626909116
281.738415702718 281.547100575726 281.363430022328 281.962961340766 281.408378871539 282.021689488015 281.523754690195 281.294245278764 281.977718175239 281.615452023873
280.175446573933 280.403212979647 280.373635225064 280.671410826121 279.976383760663 280.809468464778 280.082329291398 280.375330792436 280.29021799901 280.630604075612
281.143942830771 281.193101959101 281.139859507279 281.12438011846 280.308830363672 281.210345090503 280.868068065698 280.367051531985 280.901087269234 281.368885141006
283.230732318979 283.415466081446 283.320464415363 283.157759661612 282.640780739858 283.096353408074 282.997516953372 282.773587812302 283.109596491404 283.174793707206
286.51271538732 286.459248101153 286.16476184729 286.634690108479 286.205864471924 286.639446878965 286.550398958711 286.246279030872 286.434552757938 286.489265520594
289.989274661584 290.143348015875 289.863324631196 289.898751695507 289.96602928787 290.02615839866 290.109653819171 290.011503832136 290.162062921639 289.986515988109
292.921142370738 293.086787604218 292.887360028878 292.771306334224 292.824139852105 293.064718804963 293.232110771056 293.100373355294 293.039729388282 292.93069421822
294.597016555813 294.723648508604 294.626321937416 294.415152932582 294.586594333207 294.604544195736 294.842678830662 294.793942842196 294.681228200847 294.532517668421
294.454694387731 294.572615445867 294.545283956148 294.391534947041 294.458688963165 294.487114988696 294.641432303737 294.392349896292 294.526369566321 294.34174953141
292.140246864619 292.219629838671 292.280955253506 292.228138214221 292.164963105971 292.284472811534 292.342456562493 292.173347303833 292.317528451355 292.035833798295
288.983200812124 288.91546722154 288.81896658908 288.681204257118 288.735108390124 288.767727352205 288.84777734373 288.716968608713 288.927608236434 288.960300254693
284.850094793376 284.828755309193 285.18909946394 284.694908813056 284.763689735452 284.884000123802 284.872182136125 284.631970790371 285.166012274351 285.133294202774
281.916492153292 282.287822171238 282.133015464359 281.975258907567 281.66506170451 282.165227201442 282.118649683101 281.661719479509 281.819207374424 282.450318973071
280.585924025445 281.015003493254 280.647084490757 280.573766317703 280.427857913459 281.197657432669 280.474172533061 280.474770533574 280.931134384778 280.784081067034
281.557938855819 281.678827739621 281.523950429694 280.719427999323 281.023391800514 281.162827938346 281.04949221219 281.395536241836 281.085503360384 280.549712257573
283.660020027307 283.68141613852 283.432419025366 283.000787997852 283.179954769997 283.128641013339 283.313811904571 283.458219529928 283.135321495388 282.954870043806
286.493808125574 286.860820845889 286.969255851587 286.290705800068 286.725284710775 286.644222132903 286.501400353997 286.798704196601 286.733529682547 286.496971083411
289.946679284998 290.232993384052 290.15149130436 289.984639736215 290.342173907729 290.060609635715 290.115629587853 290.330232037139 290.231936705048 290.229162357253
292.971635312617 293.159828439128 293.090989768108 293.024225357771 293.274419213572 293.026667329896 293.053934281917 293.054227593161 292.982831715005 293.138454995099
294.623285776938 294.95102411264 294.812200494879 294.526527054256 294.773880999956 294.724735262384 294.856700294993 294.708114529023 294.755650346781 294.71644384743
294.459124461223 294.778619737065 294.687776520582 294.519876177454 294.729569861701 294.571340162806 294.65486252581 294.526565258777 294.644864788117 294.530756796826
292.19517640266 292.600248399038 292.364222693535 292.274466624084 292.401925778829 292.460791071727 292.219457578557 292.274213135207 292.27246598965 292.336219046871
288.82037601279 289.153246175432 289.029080705279 288.773152318208 289.034430082516 289.104308448787 288.783665786274 288.916862197354 289.068864309584 288.817026973596
284.910482167838 285.203732511955 285.007728712952 284.559966488041 284.605547701319 285.355841170212 284.924189171733 285.241493342512 284.781843709859 285.101531518423
281.638556997682 281.914112859833 282.261855728842 281.861545231391 281.949873664422 282.443897663489 281.837199523405 281.645087218785 281.905947034104 281.719344070822
280.847565702372 280.755891857651 280.908131578455 280.483418076021 280.391446682243 281.521724101286 280.522989858042 280.508654786489 281.254688960758 280.789816314179
281.082307663991 280.986318088733 281.198978021273 281.195685662828 281.231879528548 281.812752222133 281.162659588638 281.042423743766 281.426637936472 280.915807604462
283.26546823751 283.199683691627 283.078948562612 283.287654793472 282.775975688606 283.50322728781 283.164209797983 283.572908282208 283.351485903532 282.729439653422
286.391942974184 286.535447415358 286.631899596428 286.835881448919 286.170357676601 286.912993100752 286.677658225968 286.540305289947 286.500438037269 286.333828781348
289.940316005423 290.09224118569 290.17664474835 290.072848508346 289.75254372426 290.319796269461 289.901315913546 290.220006702499 289.973534553746 289.929523565454
293.057130729452 292.972352106879 293.12670316495 292.966290788168 292.758538533697 293.123068876694 292.963978044343 292.940812770851 293.071692684321 292.892850384989
294.566383913703 294.711627753205 294.901651950566 294.74801781265 294.401205622458 294.816475881789 294.71879973194 294.71823620864 294.666278849181 294.521068433456
294.476940619522 294.620926367502 294.651903904029 294.546545005038 294.43869945298 294.74147657585 294.622417920408 294.345352717046 294.583111068862 294.316943372677
292.194701909249 292.416819073393 292.198928346754 292.209775960923 292.122783105841 292.578618831419 292.255890238724 292.235877116528 292.387772149495 291.996140365935
288.77836818691 289.10631600241 288.765946699005 288.851353095799 288.879756560917 289.192563595557 288.857127433658 288.968265450986 288.898727283031 288.708157916665
284.426540654882 285.190863255385 284.948138577646 284.751071193372 284.826717905641 285.184453647187 284.999730804096 284.831549308245 284.626877012309 284.615115860374
281.571258804441 282.180493358547 281.826180836043 281.848716823137 281.932725346057 282.254799956037 282.440380028997 281.979555769004 281.667422937817 281.623105538272
280.165206657036 280.566753891091 280.819088439549 280.734559170757 280.460230054467 280.718276735626 280.878145708576 280.654232506472 280.222395266824 280.217410797693
280.700102540532 280.766622508329 281.320667107792 281.180149158284 281.017357476325 281.347756345656 281.490767970013 281.221528552428 280.511515585136 280.490479078033
282.880602678667 283.389104993546 283.557275341064 283.184632942337 283.428617105162 283.699404820202 283.529064618769 282.935082892234 283.030736202142 283.078173358494
286.345674375173 286.851746816424 286.818188412676 286.368991715728 286.761560357141 286.842884260706 286.848243046777 286.396466833739 286.43020431403 286.597076309976
289.953065157778 290.239737793503 290.336209626259 290.104220907512 290.060039765406 290.452661893056 290.350438008611 290.039767373858 290.034918598204 290.014506013525
292.977019780776 293.077229936932 293.147931957686 292.950142894445 293.022527392014 293.391682959389 293.273647669623 293.007348729133 292.94340342035 292.952620089728
294.622348939908 294.758725551297 294.94086322692 294.717327693111 294.701748989777 294.959643059355 294.818537168385 294.671995659851 294.521670947688 294.689381873766
294.389487179948 294.646228721381 294.788790401158 294.523947894584 294.469093752675 294.695373886191 294.580716854255 294.533923068429 294.276625992043 294.452593637298
292.193155292384 292.564910118924 292.488511094181 292.331248517697 292.309161396312 292.469345706902 292.362517538155 292.300313827202 292.209837031325 292.089167671934
288.715024042406 289.187512528167 289.106407617611 289.168929720212 288.849787852296 289.046438656615 289.257062357808 288.713996607077 288.837077602567 288.805147916108
284.889625048451 285.033271851907 285.079374414534 285.269939317459 285.085663262399 285.078349428266 285.449667513579 285.08440157437 284.924501799471 285.037090386442
281.492576553629 282.305803066595 281.888814577249 282.32216274049 282.038213774767 282.050010844153 282.147585735873 281.93549194927 281.973785606888 281.995967007741
280.057431207196 280.927723918 280.860628290713 281.035661445499 280.966634243363 280.565842229696 280.884233181698 281.032736339265 280.431761145674 280.582909077156
281.209403584309 281.172202269785 281.081571460809 281.173914578101 281.186915943173 281.153532968079 281.04909903829 280.990194535458 281.427544492666 280.899217001399
283.304775599211 283.32874672043 283.27530942403 283.631135236771 283.723198471082 283.228561199199 283.515672132095 282.940600336086 283.461015706542 283.386229369267
286.457049410989 286.632463390158 286.661275366016 286.881439353186 286.985314173335 286.569465617247 286.467731327226 286.735510947097 286.495156317683 286.462209022301
289.967894927984 289.987514030472 290.255908256336 290.298188885301 290.320119045792 290.202517551569 290.083469069813 290.187443796568 290.037786703895 289.877790108878
292.898447621984 293.106283990678 293.143138471871 293.24559397881 293.227965816827 293.072940189459 293.011570895895 293.089824811778 293.123869616782 292.797286332725
294.589419768695 294.940014521408 294.784390967263 294.831212711426 294.785128172118 295.005862180745 294.794322564432 294.869360171623 294.775836577082 294.45676602566
294.512732549597 294.910450691224 294.465001581635 294.751214489301 294.651439405344 294.780182898155 294.712711314554 294.820567195929 294.618375919904 294.410036215418
292.251193492485 292.636745700711 292.289054804421 292.570162917066 292.291172122943 292.533500376732 292.423441799602 292.713172647081 292.335199759349 292.347884256733
288.708050946911 289.45643294502 288.927271300054 289.170915337316 289.114185555396 289.185361370976 288.761620925602 289.43296171907 289.046433905148 288.919717748999
284.663602041815 285.432768503704 285.420585493692 285.011857968106 285.359876747731 285.285516583604 285.325485070251 285.317623332441 284.815588060732 284.911002305853
281.71181219063 282.424166208106 282.231337149662 281.743948859833 282.01021985978 282.261553556768 282.331039845822 282.095175539518 282.00758303578 281.775786460509
280.639511714036 280.898806977299 280.387621774873 280.956902386551 280.581647508805 280.78078030639 281.055607241289 280.85431526791 281.228500587286 280.741481847425
281.265035923546 281.284090262207 281.277148467826 281.078853126781 280.950886050755 280.681029430935 281.107812030724 281.354749616708 281.096648633882 281.123234987624
283.299451487921 283.397111206832 283.499917985983 283.431434025049 283.266664412761 283.456327022746 283.191634923968 283.55384407195 283.585691679916 283.168701098958
286.726161554614 286.761191161831 286.831698178715 286.848555264424 286.815703300657 286.810112194817 286.584919444149 286.963043909509 286.711497555289 286.575231452972
290.201955073847 290.145717990861 290.297358005832 290.127160951003 290.238936525905 290.20211020159 290.242254874427 290.395419193425 290.332028308704 290.090531808445
293.106959373283 293.395285630686 293.10690915038 292.998952453133 293.112557534831 293.125293220977 293.184886420483 293.47730204265 293.165449821548 293.035927656537
294.72834073112 294.852294886617 294.951910477734 294.776766367981 294.912427023531 294.922676370586 294.861351324671 294.962150045778 294.850085715068 294.75830256734
294.541084775515 294.66420736956 294.692468624479 294.657131661206 294.772193658563 294.800774985818 294.727240860174 294.717214131859 294.741597530129 294.560618346179
292.324430624355 292.335455976053 292.530449595099 292.362820578622 292.400113623083 292.332930701714 292.524266221079 292.462069827602 292.588374320967 292.208964315128
288.926561316619 288.974731574366 289.301951317052 288.981741071068 288.870599206559 289.091691438497 289.247403334168 289.209527408136 288.961118779001 288.96360214494
285.048562653909 285.194585299099 285.250812618773 285.150278638843 285.084689233166 285.153675393874 285.120937145638 284.941420189838 285.297486131918 285.138917330112
281.834305619523 282.467535839236 282.236898222313 282.576216915636 281.995623839615 281.876319202123 282.239107797384 282.108505788995 282.24797411989 281.685670030387
280.556476852289 280.44124842701 281.130658639596 281.09894370078 280.443056894742 280.814133662332 280.720673862865 280.899641143975 281.012925665197 280.480233111086
281.451965505153 280.99651704937 281.329450069371 280.916884027622 281.10396874442 281.119095154281 281.048623430181 281.621439263071 281.449318026926 280.800818972932
283.116871859856 283.350330819649 283.696499944595 283.674686360506 283.450223356274 283.183712483723 283.292172386842 283.469683483925 283.399372662917 283.182295701109
286.518693960571 286.641591136223 287.050546264665 286.642425969373 286.940965673591 286.849093218009 286.975264891004 286.719104388337 286.762988799246 286.676354325299
290.225610750558 290.247394932018 290.371887085212 290.129701292374 290.050378845947 290.438365009639 290.427639289168 290.13636373209 290.164527501003 290.38882696366
293.231008862441 293.155225439978 293.209308770165 292.965933770183 292.942010984841 293.303666325752 293.257665812422 293.158891227069 293.108169499299 293.114034505809
294.820220255315 294.906062936013 294.845531928246 294.94812081465 294.760094774155 294.998662658208 294.932506756458 294.913207963846 294.874468400353 294.758317586422
294.688902505103 294.713037750288 294.703915367691 294.788045609612 294.580956807748 294.837746206127 294.59854170491 294.809174167451 294.907917556841 294.699783579892
292.254410595954 292.3595922405 292.393647650739 292.638109810207 292.497475724713 292.688045483642 292.477551537674 292.65086501629 292.669997284723 292.264870010565
288.999404669014 289.061043720154 289.056417477285 288.974179473225 289.037310975181 289.224830449555 289.206307982541 289.107776053075 289.169343347697 288.788357476375
284.743849506709 285.189573010757 284.895728657679 285.178431522451 285.062191604471 285.206442857887 285.338773990852 285.351088203144 284.988626439417 284.963089707816
281.805251667874 281.905111801632 281.889815953764 282.168442559708 282.217407971693 282.375763657851 282.134446433565 281.84908799896 282.130036130885 281.733273243175
280.709601784146 280.512925035132 280.598740755563 281.163084795445 281.250838903382 281.335494012983 280.596863231013 281.115746224393 280.559472353524 280.36012429533
280.81309510997 281.04213797499 280.937560302875 281.348627556014 281.175162287922 281.587783176811 281.565634509493 281.199479921548 281.462273410593 281.007919072752
282.610813665717 283.318771658442 283.46151204527 283.620107619854 283.353534325577 283.790916033573 283.429840904543 283.253987255034 283.577891212977 283.444962844035
286.575723694085 286.788169812015 286.616900148727 286.571167733762 286.760153776164 287.114465210541 286.709565047082 286.72356087909 286.736431373449 286.716323312551
290.045903774283 290.212643141311 290.175773291084 290.147968483129 290.296064790549 290.357755403931 290.460027208755 290.290320882376 290.33336998389 290.300628103678
293.012849744128 293.262291037311 293.209327386966 293.156498790546 293.24746326322 293.360201847441 293.13494430769 293.313731048147 293.185660632386 293.200921490866
294.85240974468 294.98076435656 294.845277477815 294.910817393845 294.911298613209 294.923551255305 294.890843372069 294.966342221318 294.698437978244 294.876791770767
294.695046964194 294.812729325846 294.7307052548 294.762419801174 294.727394825858 294.838956578439 294.754427842057 294.749918870228 294.791646962468 294.785283102794
292.326294219746 292.389962467758 292.451979463624 292.493306781813 292.461161288206 292.635274904779 292.520126690235 292.405761702509 292.518896853052 292.319483414249
289.190857601926 289.105354807268 288.923957403864 289.00704795445 288.945664454666 289.16702979977 289.175046712393 288.859495507389 289.201532555278 288.977662628062
285.201286244841 285.425975594539 284.92688440479 285.468946935013 285.36597011108 285.179704623552 285.182954666965 285.13728049723 285.133863335734 284.888665485885
282.13297041047 281.890037201691 282.000095617696 282.420829564591 282.410689517229 282.573413675888 281.760920268958 282.286675978293 282.426780736765 282.268835424351
280.701260364092 280.551239215056 280.611603422176 281.11641552676 280.783354091237 281.177412538874 280.840228673334 280.87493861484 281.375260855756 280.820655263684
281.420762350181 281.173934745835 281.163096437239 281.400372969049 281.592605056672 281.383669511575 281.311521286822 281.448805089719 281.71522819077 281.08855138581
283.382039150055 283.474957935453 283.336427669312 283.303115627428 283.600785725624 283.845362836212 283.447431831062 283.270096760189 283.640537875604 283.486081707917
286.659235081321 286.705240527216 286.770155160675 286.967279254607 286.717078131792 286.992543328175 286.840668826488 286.559899786296 286.790402844844 286.584452077922
290.420621120368 290.293182776541 290.155855709725 290.397519690129 290.357306518891 290.083673913998 290.302616601365 290.195165828528 290.418193654841 290.24352381758
293.30874592925 293.37092807125 293.151087183435 293.264848144158 293.297166597314 293.2331730894 293.237914937669 293.089716905662 293.284641259879 293.097186271582
295.004748531212 294.941644595812 294.790179532872 294.877760840798 294.947486009318 294.920168627889 294.966658440347 294.730697052045 294.915237036444 294.908523868191
294.799241900561 294.829079980475 294.708918865808 294.784705009213 294.660363858646 294.665640620242 294.887163046004 294.552708396432 294.828428845629 294.810403331436
292.643319539475 292.559516660088 292.602677668754 292.450498204993 292.426080518348 292.408615868742 292.776292277852 292.444871972311 292.754513976624 292.539706054188
289.155259903665 289.416239961521 289.00212722429 289.156666263663 289.332099274 289.275698839781 289.251981899401 289.126345216818 289.333096868432 289.340582390154
285.585802235679 285.341775243443 285.25459550659 285.543719159628 285.475860186205 285.38002245864 285.29623535621 285.157250201925 285.644510016213 285.380072171389
282.479978862659 282.086562715595 282.420441438928 282.117732845358 282.35145837405 282.116261744979 282.16180302989 282.226645471644 282.470985181127 282.138631558596
280.689574526456 280.915397477365 280.620683490428 281.122841546133 280.930980482543 280.741214979055 280.892115376776 281.24877113923 281.205759163728 281.084850241038
281.633486651481 281.629050871086 281.24325974608 281.262980717394 281.344279823663 281.375826932195 281.58339817908 281.715963690866 281.818207736516 280.963200382818
283.49926010979 283.571470705962 283.66979659079 283.303617905879 283.331956099217 283.28180335802 283.304956300478 283.622075432412 283.411573242097 283.112823607871
286.938376699363 286.948415118692 286.78681324633 286.635831458807 286.65435024844 286.852397491666 287.037921034715 286.87503452781 287.099510760196 286.767532694107
290.379841639797 290.354997113405 290.340153496224 290.066986366872 290.261743041801 290.121385777715 290.392896894881 290.154067395634 290.146258852281 290.113934759351
293.272094121559 293.267351304605 293.248698831103 292.782608425984 292.915837999824 293.115108507274 293.364171420443 293.155672011432 293.195212365881 293.05284446029
294.866568840913 294.79918589722 294.872054303424 294.37565970123 294.459300048389 294.682552119722 294.899652056018 294.770152698128 294.84199372253 294.598196155047
294.562167904563 294.477893106871 294.468655592157 294.288822998112 294.483493016726 294.379558088359 294.659848398997 294.668435274055 294.641118527895 294.319102952442
292.337494488034 292.265345686532 292.336019688868 292.090359538127 292.222701130095 292.189046448723 292.437959337991 292.590498896838 292.579079058323 292.122812298192
288.992905004469 288.833097862125 288.786955248061 288.796323622748 288.952059539798 288.706909102668 289.163247539844 289.055347828469 289.093060709453 288.662363508717
284.867346410445 285.012045875527 284.623912255079 284.662577709172 285.221694588325 285.109962883893 285.181610152075 285.335295561786 285.275678335179 284.420423305355
281.737471924553 282.099532887349 281.380260639987 281.682136764945 282.300571773127 281.90689915586 282.185012392956 282.195558970545 282.641166552134 281.495907150314
280.27704132495 280.613902197946 280.218219996241 280.914088887952 280.408265847743 280.460861801302 280.942903308599 280.640867135592 281.151576606867 280.402530177126
280.991323911572 281.356259985041 280.743679349308 281.398642511301 280.631744830964 281.159436199319 281.126032494199 281.41176325538 281.509709185044 281.123571148618
282.752940808536 283.452320591944 283.18154413859 283.305475488155 283.275642276243 283.479582515438 283.352503711802 283.519703466709 283.616240442785 282.995009261561
286.67525377407 286.633729389195 286.471752656015 286.497198062853 286.572536786718 286.694317745152 286.572981860627 286.79030973385 286.823919011339 286.629928551965
289.932238040828 289.988451323157 289.979616806143 290.109137619775 290.077440604554 290.158497096592 290.119343510533 290.133617435313 290.078723584024 289.911757887587
292.777960118308 292.89246888847 292.886119075797 292.905385243242 292.977442281987 293.033212132143 293.014602482448 292.975588136813 293.119101137528 292.914468016616
294.432999522792 294.500483853063 294.541304779453 294.583251235225 294.626974073236 294.782747289431 294.709632125225 294.447504499726 294.702590312632 294.676931708418
294.305740421448 294.304417146562 294.401019655048 294.547217229639 294.540524458752 294.575786106646 294.489286662392 294.240526226943 294.577241552084 294.482895522256
292.159256005118 292.134675770855 292.131751850664 292.270485727562 292.384528722019 292.572053325064 292.117797926129 292.047921453471 292.511401070886 292.265417999905
288.830782968965 288.918887234999 288.684350353634 288.971982118338 289.163409933087 289.19760614099 288.850806492721 288.837630181452 289.061546079303 288.880464484111
284.687425068083 285.342931384658 284.63531188288 284.927956923047 285.161516168435 285.258459323685 284.982408441779 284.899714026661 285.422891906568 284.892461106196
281.497199926638 282.01104126429 281.827536356441 282.08949042097 281.682546808038 282.306107543535 281.65450526969 281.839102632414 282.301837353732 281.600412439513
280.29702888728 280.526794110377 280.895520475096 280.606253638669 280.453979912103 280.890536382355 280.096328194777 280.900286267484 280.963672116738 280.625414260637
280.779069373046 281.084258297026 280.94317924278 281.399700311581 281.335672805139 281.513792276074 280.317545442405 281.139545215302 281.685127360557 280.94424562878
282.981407005569 283.303298644358 283.362418911283 283.699047529854 283.520238556104 283.862836301781 282.88762164133 283.262175239996 283.502615958785 282.936271539292
286.525788428261 286.70626921003 286.662949540797 286.944514967163 287.079079301506 287.152031090858 286.680015530757 286.528689367049 286.818435789745 286.467151342382
290.019460508633 290.041965692623 290.270432582141 290.209807114294 290.417562389458 290.326290917358 290.055737953823 290.047207460592 290.305403790273 290.042107088446
293.182990237069 292.88658928536 293.267843793912 293.264400451117 293.258727282151 293.293129201681 293.060332810758 293.14885126824 293.207353272404 293.00438497705
294.942062122137 294.749197378207 294.991014080275 294.813327447688 294.916446325913 294.908012297107 294.681911509648 294.844623415298 295.121821227248 294.562970296479
294.658481687523 294.647132260906 294.887553381934 294.769920896141 294.756668719756 294.726357911974 294.564759421573 294.655698312058 294.935225103993 294.260457227549
292.471470274545 292.369525329664 292.651055505633 292.612587548953 292.457259088224 292.534393737746 292.361994114306 292.553161651273 292.720701719664 292.132511145859
289.012788701409 288.818904142274 289.188755292046 289.127998221603 289.184051452722 289.192600094221 288.976964634718 289.115759553481 289.277228902684 288.773905292425
285.253450973139 284.992368849932 285.426948273539 285.095577675584 285.15398566408 285.28725140488 284.913701368879 285.124586316062 285.289695420557 284.723729275444
282.084998677976 281.769501720318 282.340455034944 281.899271347222 281.932949366584 281.778626889014 282.316544333712 281.886155613039 281.988418863276 281.528048539163
280.632430232247 280.556510281758 280.859871531256 281.041356425386 280.982863376559 281.256044337289 280.508712803672 280.768185640563 280.752194397325 279.971084166498
280.985297193361 281.120763278211 281.274078188955 281.241229920954 281.292712111564 281.00457200477 280.726746752094 281.460021965415 281.446976593528 280.738499064569
283.257218002176 283.363503021841 283.188663830016 283.704324897354 283.48195174061 283.554896638079 282.766244983371 283.319975339906 283.229942607445 283.556948059449
286.596182753902 286.510077594416 286.597465681153 286.998795044544 286.826936683601 287.047477570336 286.426516969759 286.754176155678 286.621805180367 286.590709573723
290.167540224192 290.167755266357 290.123122053308 290.512675280627 290.32514320076 290.570057867935 290.027259598097 290.475364101309 290.221276009122 289.94613205929
293.102757463122 292.97177954502 293.064683392943 293.272502654367 293.287385582589 293.28774436615 293.017662146043 293.21787601703 293.154392695792 293.00286657684
294.785760624552 294.695092917093 294.896288095782 294.7978415692 295.011935021773 294.906305707382 294.775601555726 294.776117594256 294.911440818796 294.756256607794
294.511449023029 294.692071804869 294.817759483321 294.688478020618 294.786644440311 294.749421514697 294.682080562587 294.749501583235 294.771083926276 294.439311799572
292.283882207789 292.273422048769 292.610476655562 292.478166693909 292.639078132543 292.502619348959 292.302903895468 292.521776747586 292.441151151149 292.1330000816
288.899084555036 289.006815783254 289.257967247208 289.305098077354 289.366396000964 289.052758240982 288.890939959005 289.09785204455 288.861242661492 288.740072918857
285.050796666007 284.994144012162 285.250017415355 285.840119902244 285.656273048623 285.105296289145 284.560401108818 285.328205286382 285.047908580329 284.768659542207
281.884260269563 282.313013716555 282.307568093987 282.42924058992 282.703782643685 282.027438781334 282.065902776329 282.38193582097 281.733242958175 281.824310012637
280.306761899223 280.395975849833 280.985692648138 281.100181789999 280.876702551327 280.684041085644 280.513770967596 280.883333139792 280.446625951506 280.303552925692
281.026271733858 280.768267754921 281.246597746958 281.385476300464 281.286886163386 281.311283404518 280.960586834645 281.254934014686 281.11347191571 280.596946636898
283.074340815128 283.540664509076 283.073833815848 283.666797984986 283.600490054229 283.30858339115 283.371088548407 283.870975967315 283.043387701359 283.166877502624
286.708292799337 286.990849188586 286.676505411218 286.732099406675 286.842863291263 286.930336772067 286.865316326211 287.242304945844 286.320874494679 286.559292758319
290.174437870214 290.484598029655 290.122048831238 290.36946941078 290.430874312198 290.336528004521 290.274257432884 290.404137564905 289.984334612394 289.892830326645
292.996181328181 293.359206217078 293.218834890119 293.331069695881 293.233066879703 293.178552582475 293.124166820357 293.155425234566 292.936580485048 292.842775287649
294.794552808904 294.930607828798 294.891757194492 294.894511167126 294.847172098679 294.856001476134 294.889330050548 294.69507514574 294.625606752059 294.573614864297
294.534910558473 294.77105766733 294.747011084673 294.954554267226 294.608450958022 294.585135033049 294.790753809563 294.653498541279 294.54132252266 294.630738312542
292.274764104146 292.64297084846 292.413070150924 292.722043033673 292.448028131799 292.437114264246 292.52173128623 292.461297265092 292.391508269304 292.416573411208
288.911609914193 289.264341093326 289.21146977575 289.276183923816 289.153473558642 289.242648503673 289.132976542799 289.119353311995 289.068464018099 288.882088465
285.129404000456 285.154275046538 285.223145490644 285.705640671849 285.209132216032 285.463017717033 285.002088146743 285.042118687991 285.391655585845 284.912504899804
281.997266874479 282.054803231484 282.06314898457 282.286635546621 282.353452284786 282.399226356586 282.351579984866 282.015100732563 282.311840427795 282.085325020976
280.359913859495 281.032613387559 280.526078097395 281.225721636449 281.161915396858 281.239602882607 280.252866575589 281.375587214727 280.686638928069 280.942400704811
280.649454914072 281.532850676847 281.463489223073 281.487743312057 281.802635799313 281.510476024871 280.939278393121 281.73649085656 281.660648005682 281.1237538164
283.095558694984 283.673022866097 283.326737812905 283.242433269069 283.735264251297 283.281250462031 283.445073570232 283.446493212157 283.720489218833 283.217765528391
286.58953828496 287.128402905869 286.989046125114 286.910666327826 286.803978252758 287.139442075426 287.018471655355 286.841008870957 287.011744110901 286.76216349078
290.424213603363 290.326338491549 290.402866263317 290.466579144337 290.522786190332 290.328439304645 290.484984454635 290.35059562809 290.303134360825 290.392830195433
293.276338385731 293.155844593476 293.301970172427 293.47907992685 293.284488672299 293.149267871149 293.358312328047 293.216183576048 293.304951076531 293.375756214359
294.894870507369 294.905147938091 294.982236988739 295.089110680404 294.953571524733 294.93518011734 295.105046979506 294.857483597458 295.023044422812 295.049699798826
294.860413391203 294.824916462826 294.662236057137 295.053832843338 294.723893695961 294.8056942235 294.983196140597 294.731225130041 295.030658334247 294.974857643848
292.480472590274 292.65042367806 292.403349309597 292.788826918735 292.580307977964 292.496814660111 292.972551767388 292.620477116279 292.757156426127 292.751510522637
289.130755294141 289.428141718312 289.05947338589 289.33870455416 289.018385911345 289.385325093467 289.506971415382 289.353563486121 289.492989437841 289.489600369221
285.375401958946 285.296933003475 284.88990886971 285.390460769159 285.192257656988 285.472512256903 285.295014004369 285.811124371951 285.779386100838 285.574007552413
281.952685829992 282.427362639346 281.624630669175 282.291725741655 282.182403655086 282.532632437608 282.650932403826 282.66455259895 282.605043358423 282.165809245976
280.915712901364 281.284131917757 280.475543796411 280.878626067598 281.000010129731 280.827757129929 281.204227737185 280.966663673184 281.31867565676 281.032111992105
281.243145405325 280.969503825837 281.317469959362 281.185436073192 281.503503345838 281.177321198403 281.501001691659 281.357709401483 281.857234839461 281.114354097072
283.762085204719 283.564887847055 283.419856030981 283.914116251514 283.326323680603 283.85283255658 283.591989751849 283.636293223087 283.856417868102 283.601938202357
286.633377411246 287.05278528028 286.625490593419 286.891084653192 287.056992417458 286.912697738815 287.232523939389 286.948345823487 286.809252864434 286.869438993742
290.172928237051 290.465991738359 290.181252414716 290.602340183013 290.353481556639 290.543508485053 290.619781848217 290.469076073053 290.432782950419 290.469687427215
293.181863760406 293.32103806226 293.172830903211 293.488713422565 293.2867639683 293.346772004178 293.473904941805 293.331198358273 293.488831360081 293.237877079499
294.955999942748 294.912385147203 294.949818308448 295.152767901397 295.053607251857 294.987061369257 295.055583239039 295.237135523147 295.264650567788 295.060599641713
294.817052122415 294.912361140046 294.912468730736 294.933491022359 295.069621796486 294.922131966314 294.913047875718 294.957854644125 295.064201309041 295.034518788872
292.692425795286 292.811038056636 292.670678785014 292.822949312276 292.900740168144 292.75008554416 292.58548206509 292.611163259381 292.869280034523 292.945568622306
289.450501317026 289.471603662323 289.332241333959 289.414552076167 289.381608971033 289.407367326642 289.331528561001 289.41158463415 289.679608897864 289.36833581899
285.554819445959 285.801702047914 285.532192151732 285.715477981026 285.440108287736 285.675281467505 285.49148653692 285.39707040228 285.758147407719 285.357981240363
282.639658991875 282.578030723857 282.589072848068 282.477793236707 282.568956571501 282.457565861001 282.358875565176 282.261508811147 283.287821537078 282.558487426808
280.981448314785 281.004637547429 280.881657119853 280.694514327649 280.956108541493 281.273727294338 281.059140634846 280.914797789602 281.528383274855 280.373562279983
281.488744953213 281.224623914292 280.762234575913 281.555537970832 281.422065892362 281.684214776979 281.476817677103 281.251139319208 282.101935148544 281.63348300519
283.567490867213 283.68547630774 283.4614210841 283.681725332094 283.507547184637 284.057590383586 283.798898907816 283.548650764432 283.732489820521 283.737402976921
286.925464906246 287.160637990278 286.965622893892 287.143335916845 286.710904663964 287.43251520819 286.911513593223 286.782398929425 287.112172503973 287.245977341402
290.425352232311 290.522361891057 290.460122612608 290.67817205707 290.221933179218 290.783588065557 290.530910760739 290.400630574705 290.591626225173 290.711895574282
293.455048933352 293.588986899925 293.42181631136 293.657385867603 293.454759734368 293.559017100656 293.43345931716 293.252710616584 293.427088950289 293.592247928775
295.149064165893 295.258187805333 295.109223491788 295.216483285539 295.083415160046 295.380447538782 295.262301714019 294.993558340685 295.09643792396 295.163301013005
295.074443762275 294.957804583335 295.054997689824 295.044189093203 294.97656684968 295.194296067225 294.964080722784 294.827796462609 295.132087995597 295.135461056531
292.939277757882 292.733064768179 292.733192460044 292.767157480534 292.823292648619 293.066965243474 292.751596294384 292.534823972843 292.781325941169 292.991181753004
289.555863879364 289.549890303633 289.539867798384 289.342864127063 289.482464079797 289.865861000965 289.662714815667 289.067828574875 289.182706825645 289.579431091499
285.827723295064 285.804893892789 285.577322072461 285.493017408241 285.946202959082 285.984280506633 285.733845807913 285.193822419012 285.858322891309 285.346844819775
282.709139249091 282.67218658517 282.407484848732 282.842503017496 282.788444065208 282.917641647815 282.741303803868 282.304912900329 282.793192741615 282.552152976864
280.97285197677 281.126299580072 281.117682828086 281.853423244323 281.389979297157 281.251066074903 281.268673540286 280.727370371444 281.270544515119 281.059545886539
281.424818303059 281.2199419305 281.768892051849 281.718330002358 281.999137906958 281.603774609335 281.761533676829 281.305986227744 282.023058517025 281.62433201942
283.97345482052 283.773659478435 283.797339585177 283.743542698979 283.924728679046 283.946181059592 284.029280431636 283.874561005063 283.844520050296 283.805189571446
287.038062235576 287.135499826925 287.136649900805 286.965482348657 286.989673744967 287.421525071725 287.255735030392 286.935316946789 286.947428341556 287.199650096567
290.616824412674 290.527320559282 290.413280150668 290.514907055733 290.463507080298 290.783774337612 290.774997427603 290.48936501415 290.528860217857 290.607757718904
293.620501079524 293.530102570745 293.562217886988 293.514604631476 293.532733324391 293.748701430829 293.766596139908 293.495412828335 293.384773679225 293.549860188034
295.335190303242 295.117526874195 295.305054493664 295.176277511419 295.131181286082 295.377284758106 295.210972127267 295.075237627297 295.085843430008 295.177536903908
295.120618730135 295.062628802566 295.245214543879 294.979759876956 295.175269425359 295.256817799195 295.091393148842 294.877269259213 294.923132659308 295.152110267442
293.092661091853 292.798916934295 293.141802658482 292.619604803296 292.993205176125 293.171068458125 292.703017603158 292.552250218404 292.6537499442 293.012263689147
289.914721862018 289.441791699252 289.621434379246 289.453240249544 289.770517858426 289.841491226402 289.320645773704 289.289377176322 289.555852000973 289.670060656931
285.935313307673 285.513515602643 285.790902267999 285.742125004954 285.88775608446 285.965760178586 285.230864382466 285.808322701449 285.319140500761 286.211905035929
282.756935064382 282.825567538011 282.689085128939 282.473071644542 282.731630429449 282.730356801614 282.350905664397 282.418930317265 282.474075085406 282.970948733608
