281.791545339598 282.101427701121 281.685936754592 282.012922884837 281.880363009374 281.538830598423 281.902741112188 281.60955447783 281.399738645926 281.793852197723
282.063036498159 282.686736283147 281.935047351148 282.345590699777 282.347701839177 281.998223566721 281.925754899934 281.882550229428 281.951861226596 282.190675182763
284.115635199858 284.860438800792 284.120513174936 284.0292280092 284.483247298592 284.230463755991 284.114118723648 284.268019019984 284.093841754533 284.729721207195
287.37355523993 287.771063719394 287.512769088616 287.461572271902 287.607687003589 287.279180249159 287.21626287712 287.356528952102 287.48501422875 287.6605070085
290.689271979556 291.00557079846 290.882145018785 290.974462805621 290.882021719217 290.851141093243 290.810718226822 290.792488086707 290.858652148377 290.963251950738
293.79655633696 293.810159517444 293.937051679176 293.916657675975 293.843556686607 293.812417381878 293.683331514315 293.817593210367 293.771014600064 294.019113996473
295.438614258937 295.439014590963 295.601036368247 295.369011710537 295.644158114955 295.667448740365 295.43046074141 295.527832396577 295.464447568175 295.642632049505
295.263593041241 295.476363290925 295.526826781611 295.285459840359 295.493405523942 295.557784319098 295.353536028656 295.443017579588 295.363038068161 295.539361261244
293.093053480868 293.298501876917 293.157697497139 293.135031519522 293.28484387004 293.479417065053 293.091985970869 293.224483180471 293.317497983086 293.299519513441
289.964967721442 290.023252109584 289.791744393067 289.813490452816 289.862266706557 289.982385054123 289.709563699136 290.014022388129 290.003733219476 289.966501756889
285.845706486609 286.311607453885 285.731761881905 286.078074819563 285.884121088342 285.933827141059 286.050543719823 286.136862644022 286.078943989577 286.082309618943
282.738793202316 283.278433007953 282.071305967261 282.820767579833 283.242135305038 282.615562235051 282.830619705312 282.987608889009 283.178008851714 283.199196448167
281.456091770861 281.688765029011 281.363147336687 281.581570942984 281.54054179355 281.394271103458 281.50279928153 281.581521069492 281.893051504071 281.497243687231
282.278557869462 281.731267948102 281.621845786482 281.748839536072 281.821323208011 282.369054697188 282.0246234411 282.212099018538 282.209462883599 282.763518940941
284.496725196127 284.171871560773 284.133924152006 283.802800299159 284.247022136624 284.647167953901 284.279341109254 284.305355616201 284.312225505854 284.386929611234
287.261624908468 287.364187341573 287.56727095486 287.3499190971 287.236180658351 287.828765706022 287.465803925519 287.474969356993 287.550775867914 287.594598803274
290.622397755983 290.832390965157 290.982817903203 290.787201587991 290.745349245327 290.942080416778 290.741331951109 290.932867678557 290.953584780561 291.004557150406
293.628911058935 293.75534715557 293.741255515649 293.624163726535 293.744693813853 294.046563500434 293.788647385233 293.791053186838 293.974836672582 293.904003521693
295.287481218446 295.463523272632 295.478217029461 295.493893276946 295.400443702805 295.823820564781 295.476152077318 295.513326244317 295.737484193269 295.483039800598
295.169468027552 295.320262662968 295.300573452432 295.234640187815 295.361527336971 295.877170139494 295.45099715988 295.478939846623 295.59045801611 295.5424591178
293.076154475893 293.195663957559 293.061939700684 293.055671795853 293.240616424585 293.65852478684 293.216985265585 293.184142971258 293.38713720488 293.440004603255
289.76963073541 290.010437830032 289.898245820177 289.615802823399 289.990845187972 290.189934068206 289.930060344803 290.202834356022 290.28596035388 290.05237781621
285.835619687907 286.079411430845 286.142833859311 285.747105340219 286.230593080374 286.490484508022 286.162847492063 286.478030126333 286.762481046073 286.073113325815
282.80488831846 282.999786602197 283.015552866395 282.737361165585 283.180856885402 283.831692393491 283.14242382291 283.173194055655 283.352073852726 282.694236942721
281.088147161709 281.694555232915 281.650391847855 281.100305468398 281.460949362601 281.945028795077 281.501881549136 281.716561179175 281.629630776672 281.637073492792
281.992956136287 281.672630759041 282.377340149356 281.806604226973 282.364228890312 282.241234427834 282.141113275312 282.169835867015 282.267982653944 282.512272133251
284.057915301694 284.005077969391 284.736170323475 284.265719965006 284.58939558677 284.478676462046 284.115611747511 284.040779296405 284.524873165758 284.496528329378
287.22557523826 287.21834740455 287.802662912422 287.372469694601 287.34709029713 287.483678484875 287.26831756364 287.4302187311 287.611057798702 287.391280540964
290.864872120581 290.900998279821 290.992375246813 290.898399757336 290.925824365882 290.967397529123 290.731802616981 291.067915553208 290.884172637871 290.937316175539
293.557602762947 293.786229251122 293.800633869621 293.734563644065 293.713743777377 293.878772816383 293.766803953242 293.900549047507 293.786438514356 293.868387017987
295.372093151624 295.526224183548 295.537411977469 295.511833625093 295.356820629221 295.698983421844 295.527232098466 295.73490611856 295.405306857226 295.52681594965
295.249236656892 295.485175414616 295.495157886103 295.391808358439 295.230660372861 295.594773703237 295.407898554541 295.65147070682 295.334388922169 295.573652441055
292.989890653177 293.336116494487 293.238345185683 293.252285955468 293.221240302128 293.464400136094 293.283094889108 293.346577490288 293.266711635797 293.339849854607
289.858877483191 289.945893942646 290.179370301529 289.837515151366 290.012155984657 290.0690797992 290.056996115191 290.138194730055 289.840177602358 289.918559785908
286.103340047976 286.045110550403 286.325669440442 286.223003181618 285.89948618429 286.268570321489 286.535380206521 286.209690536282 286.050457757584 286.104866729608
283.1783615674 283.100273123208 283.148146917809 283.179520457492 282.699230663796 282.896402769879 283.52409483806 282.972755080632 283.049213540397 283.205504467641
281.754418148995 281.568968610125 282.238485284913 282.06493675185 281.843450841813 281.588088750426 282.141923100652 281.382970039317 281.243449552121 281.358663703434
282.421343198452 282.060050551118 282.216055696176 281.691131324996 281.694347296325 282.485224693005 282.487262176442 282.167320477437 281.890423717265 282.101138141595
284.574098958586 284.137265369039 284.389155968305 284.127343627868 284.213491390742 284.07026122842 284.365428566487 284.659785262096 284.273640250681 284.184584962479
287.671611801969 287.303649353114 287.578696696982 287.191685537539 287.612724806216 287.446959838115 287.546175659239 287.694538969263 287.66487071707 287.418525008734
291.015456952951 290.846142088045 291.085121894459 290.773065260526 291.004209198142 290.934143372775 290.963115871718 290.992909289424 291.038721436203 290.76516223252
293.994901924975 293.893942106636 293.994541235049 293.857787003066 294.02767001199 293.779170846655 293.871753943553 293.897267634666 294.008371444231 293.782505078837
295.665714704737 295.613093608059 295.654462969807 295.603746693315 295.628912947257 295.633003989549 295.643195875946 295.677513413262 295.764888235687 295.553004195741
295.564073525104 295.445038498299 295.573869926808 295.526279335376 295.563916327354 295.464290490042 295.63673315697 295.422303652657 295.650637035282 295.49667839043
293.355337381067 293.398212920876 293.33740794108 293.519258537578 293.305514318377 293.30927671785 293.491271487609 293.239424006659 293.404332364628 293.389774882137
289.953221053667 289.937433662847 290.273319515444 290.370219440746 290.083552258963 289.906136778675 290.250746737255 289.857135726055 290.137467902396 290.21976361399
286.206067102021 286.230481894383 286.725303626981 286.618739663222 286.229688796998 286.155511766862 286.43625662387 286.215645291033 286.196968090787 286.156377203679
283.102860770996 283.423640179109 283.462597456067 283.775534549415 283.238894863266 282.939779617482 283.473490619904 283.189793701567 283.226344134934 283.196621614325
281.664563040403 281.778684191057 281.830974756218 281.634614517911 281.461658134032 281.137465146221 281.959216329852 281.626889795152 281.968791057813 281.788523756868
282.239649926449 282.21771679775 282.733252281526 282.136681405166 282.183735777985 282.320096757062 282.530070737978 281.620568580879 282.447114020077 282.219683865327
284.234980498518 284.513131728403 284.635300348103 284.395914204855 284.14534632722 284.530852146516 284.490534599367 284.228185964783 284.266159064195 284.247283313372
287.564828031682 287.548009190578 287.875438508854 287.733438227991 287.44398887838 287.657825850859 287.586948887302 287.462415300522 287.58628206749 287.653583055493
291.00198441108 291.101443369386 291.082800781974 291.091131179422 290.991366854305 291.154151334855 290.898627724687 290.908402328641 291.014580008279 290.993935903663
294.025702324046 293.995418174409 294.09221676634 294.211831597474 293.615870641951 294.208445648215 294.100606216316 293.829262607822 293.934747141676 293.943176597355
295.751641556616 295.777601599947 295.711172968129 296.075961537125 295.526938333256 295.835503148791 295.849796225795 295.746951379275 295.739933000399 295.743265817406
295.518667112402 295.731929415582 295.55416947203 295.612254153219 295.577288626187 295.73813477448 295.632537591799 295.644600966268 295.661433032774 295.565858136601
293.451162212961 293.520747272627 293.421521615903 293.336983413177 293.46461601374 293.516372789944 293.579846101257 293.442120090352 293.614280651338 293.366261143536
290.069339653911 290.12504407163 290.073422494652 289.991291710042 290.046824306361 290.152479868724 290.149211547213 290.069408889505 290.478819261948 289.978325341206
286.2439916056 286.415510838391 286.440429543975 286.132666013872 286.389144451753 286.111177482361 286.526777471938 286.389811837071 286.666732440752 286.236504131656
283.740374988771 283.522261516797 283.372642935127 283.09693654196 283.365134691023 283.703073786237 283.276116526683 283.004851576842 283.589133502794 283.011537805216
282.098990791901 281.976802837851 281.593449861486 281.501373919301 281.625554584024 281.718439447855 282.428635381902 282.320573974107 282.244291631823 281.833062549063
282.887798872209 282.634889574762 282.089069747156 282.023863321754 282.0605260868 282.539762646811 282.34711848616 282.468368332866 282.790257824103 282.548554840028
284.116550598047 284.448287685932 284.224565714544 284.330190385369 284.446091549209 284.365083645582 284.510013305516 284.416580606159 284.587861873697 284.338084576659
287.766361143914 287.875236140417 287.554546662136 287.563881946812 287.648705510942 287.782335070493 287.504141773092 287.62510525028 287.842837838609 287.437340979901
291.133275991487 291.420921697917 290.910351027105 291.022518716737 290.987204560765 291.204438881402 291.064585706348 290.983681834429 291.064343000492 291.065818623168
294.123859146941 294.213962520807 293.888210636182 293.932810323562 293.864901395835 293.980886277329 294.035503489647 293.955250793605 293.956261362815 293.984719070758
295.790018674589 295.937434782579 295.667041910288 295.826589142387 295.460345572538 295.696030217266 295.631881308259 295.633654374861 295.873323873151 295.835559421112
295.722772523331 295.847506575157 295.632347155883 295.725031988827 295.585913106539 295.625222280946 295.611119977225 295.464660437332 295.649763317104 295.749628382776
293.469662428271 293.680590533956 293.403096851676 293.530590103441 293.333728731192 293.596444210323 293.444118052531 293.353048229554 293.549984829138 293.692751407797
290.293202138656 290.377858803127 290.281033025818 290.247350803326 290.076155569135 290.284434181739 290.105681521947 289.958698230871 290.342210298626 290.425280409091
286.653784481268 286.429733407844 286.375852948887 286.057737116414 286.568521308409 286.655297429306 286.601842436382 286.156621169733 286.340993772901 286.584167863427
283.288905961034 282.90631453436 283.25960302364 283.088433576545 283.348774820214 283.351656208811 283.327596055351 283.281779386385 283.235809780479 283.306433229434
281.71610826288 281.857391004548 282.275117480821 282.128452951013 282.069356066139 281.777886757484 282.199918629009 281.59728513118 281.908076606692 282.314324108608
282.368865330047 281.949649837986 282.387697579556 282.591497226825 282.09160729944 281.994567724803 282.615280789917 282.208651571961 282.240104238372 283.026231439228
284.400253565259 284.222016817369 284.467576289418 284.444329606376 284.499021468016 284.326140932211 284.283370903802 284.610942498333 284.602988177117 284.629640107717
287.693321429468 287.624988408187 287.657928662595 287.672269063304 287.752413535913 287.72729628665 287.480408087834 287.745014571508 287.412236870667 287.568055035659
291.029081472749 291.011948453772 290.974235227967 291.193720646766 291.072107795811 291.149805776048 290.991539024159 291.051039190458 291.196127833354 291.29272479511
294.098542176095 294.083394191379 294.081381066036 294.197313795811 293.982209991655 293.977592220149 294.052747721312 293.709842700903 294.118803877754 294.113466977841
295.867402479526 295.777082448538 295.89259481299 295.827309569701 295.735561965107 295.583681887496 295.860316392022 295.618770125158 295.703566188062 295.821516035706
295.739653817084 295.637433451268 295.792622748459 295.808749439345 295.600979434669 295.477401498915 295.644087250606 295.481054441446 295.546760476067 295.724424468639
293.632584021248 293.437778479139 293.578304505397 293.674583166413 293.692475079069 293.305985367801 293.432859041623 293.177020400316 293.368728895487 293.611070147754
290.383547358068 290.092347846035 290.380391496797 290.409251905794 290.383741594479 289.885027188243 290.302908228859 289.960489535385 289.966759088038 290.449373174833
286.649361057807 286.251007681876 286.709896729866 286.892465863348 286.480459018468 285.792105531519 286.667681570886 286.083125183536 286.264769291458 286.976894504085
283.285009657222 283.449016193465 283.398797106599 283.655519790281 283.440806164559 283.112776540568 283.738279573199 282.784518989365 283.069833269417 283.786414855486
282.063988967523 281.704422326651 282.327025341187 281.954232944394 281.999234607256 281.814824519855 282.066569627242 281.56624725175 281.500830879506 282.179295392816
282.784251092873 281.816307968082 282.510787986807 282.721995708248 282.328147185718 281.996673313637 282.044701662346 282.444531229358 282.351177973818 282.717108643995
284.514107402326 283.878040575007 284.688062178045 284.692961301751 284.480037794208 284.056544347584 284.180605548518 284.417013422564 284.360591822039 284.522858968128
287.571958991843 287.152364646952 287.419656269893 287.685930301265 287.851499326015 287.563227997219 287.568010691943 287.644470707018 287.535134364876 287.753368121413
290.988004003944 291.058036311755 290.895908003237 291.011451721093 291.086360463265 290.818279162739 291.233724801786 290.97323062831 290.799144317509 291.117542323512
293.982525925584 293.816205296076 294.072468290757 294.131072964037 294.094320497588 293.952444417017 294.07419322108 294.029710239019 293.855282084736 294.006623071975
295.838229675308 295.639350183126 295.724968051487 295.791620995512 295.757555455709 295.624777637737 295.656453097116 295.745019039341 295.521304224679 295.755940597002
295.582285652974 295.516743920063 295.519156671997 295.529058126476 295.598867905421 295.429816836282 295.523275595039 295.587503127823 295.430659192789 295.767186271005
293.334890081551 293.426734743865 293.447904902802 293.451033308157 293.37751303261 293.206848261075 293.384454298043 293.554292318419 293.349339147715 293.617583782197
290.013357353256 290.015301426132 290.147421919392 290.204246610122 289.932102028489 289.798909790634 290.308136547635 290.501085423773 290.091392456766 290.260357373708
286.263817543536 286.258187708312 286.487787591689 286.098821032137 286.188889198861 285.976539660427 286.643234490592 286.606392005911 286.547163653581 286.534318711356
283.245835012484 283.280622860778 283.512677910878 283.002009690021 283.086754014423 283.189920044819 283.480516280344 283.652459329189 283.474533497455 283.879211239129
281.371275219591 281.528323684936 281.553053812822 281.295531957845 281.385810122218 281.570755255771 282.195242430182 281.835506790006 282.06161474256 282.06067520404
282.287672727745 282.152072263896 282.298253156831 281.625116609577 281.926155296586 282.369257324512 282.482345048349 282.436890567237 282.722851991794 282.426601256894
284.472598820789 284.385815466319 284.407613857768 284.02184865443 284.176924016279 284.424418186864 284.811073346954 284.447283439749 284.728222394172 284.581172658173
287.604908965576 287.563959719022 287.672120069259 287.524274884147 287.651091228121 287.392937357307 287.822805638699 287.919458421867 287.68322810694 287.726068213085
291.146011734141 291.053792375118 290.956057150462 290.844501175681 290.978891419085 290.988308099386 291.098011458693 291.348757605288 291.044256275125 291.286418670218
293.862564783777 294.108027497579 294.008539869669 293.927784619142 294.037687649023 293.955896032165 294.215110033866 294.319361385573 294.113405590505 294.107626287599
295.579500111326 295.942901654044 295.798522907875 295.792778135898 295.609779621779 295.707139622494 295.797474500131 296.134180261402 295.781549755965 295.666547418683
295.466366208512 295.898920028614 295.656962978105 295.625812921294 295.655925909429 295.625129265692 295.630213572775 295.864962882109 295.705257459478 295.813386808368
293.201444783626 293.708978929656 293.46801040097 293.30425770369 293.437626117799 293.515326314778 293.530484696689 293.81730535884 293.606658948727 293.751591887509
289.916479862611 290.493817307586 290.350829708111 290.070149057286 290.084158313243 290.192556163111 290.304638272886 290.697019914184 290.36858074962 290.483737236937
286.495424626824 286.634194819339 286.562942071662 286.131102148324 286.29642703059 286.707692747981 286.546122115133 286.981854515477 286.477443500727 287.010526727515
283.341538038925 283.476123337879 283.380405315787 283.49056044236 283.284408195391 283.105828728023 283.519321817381 284.070996127503 283.567349684814 283.660926055276
281.82643193122 282.302162742693 281.95946993795 281.783018927244 282.194675991928 281.754535347269 282.157347744977 282.322867852874 281.994391428081 282.250590424499
281.675395641397 282.741275237282 282.306577529346 282.774575794543 282.324954453989 282.68028753304 282.602599871545 282.540796605715 282.570823666409 282.647310660422
284.34964558081 284.672820393854 284.726532827095 284.408918406573 284.526861193737 284.632497666515 284.971407653863 284.626063041719 284.742467892189 284.886468214383
287.501696148609 288.05083457106 287.661018543187 287.418021985041 287.820368530665 287.717346065327 287.661734866076 287.710978680425 287.953582455644 287.905361248533
290.962100129201 291.31496304931 291.119498461384 290.86745038853 291.149020432231 291.212452264104 291.046591053123 291.004224987537 291.300359934375 291.249288428711
293.811174548283 294.294225420264 294.091738620185 293.976582379696 294.005805135087 294.249229980107 294.057149796407 294.138966171591 294.225477581396 294.263821836232
295.614487046262 296.100437161281 295.822136741799 295.726521296802 295.702998092382 296.02275882953 295.852582643518 295.727466750114 295.853569861891 295.986590218956
295.618749662273 296.181050583429 295.797776146589 295.694646331819 295.757150376597 296.001876599429 295.698687976247 295.723011819184 295.810315237994 295.912897881965
293.60267619053 293.987174155292 293.611450867735 293.673778978986 293.641725910303 293.793275592318 293.430323844079 293.403830771396 293.746649470796 293.715926487569
290.22597949879 290.580744813125 290.603313954051 290.220194113457 290.328058118276 290.425465170432 290.013242920944 290.292490048691 290.379644783928 290.422140386677
286.458275306917 286.953309662993 286.769746227819 286.51595856347 286.83773412709 286.465888589973 286.297613735397 286.268931071337 287.005860515154 286.567337661784
283.697291134985 283.782940970229 283.552035184023 283.349936029464 283.454774919594 283.266617285366 283.355637571151 283.258739254677 283.319733541316 283.438998325571
282.410228013008 282.001509560079 282.599547265664 281.546861612428 282.270942654888 282.457481178436 281.545139153364 281.608814720067 282.280916194202 282.206426992346
282.770437654875 282.604559171022 282.668272861626 282.553864895248 282.597842558938 282.278104868024 282.056399212664 282.158637924796 282.743449675249 282.839210229639
284.46133798545 284.574887890992 284.619406071078 284.315889338851 284.490856431736 284.655566937479 284.435315616876 284.276178571558 284.685909157868 284.488078860801
287.819835700161 287.92498802211 287.732638063577 287.474547525122 287.628148311944 287.58012837038 287.89962613485 287.43148218862 287.744716903866 287.892778935002
291.162825991908 291.345820182043 290.993302016885 291.044106594755 291.154755372404 291.136133854277 291.118029712625 290.687806993595 291.125318955801 291.399428573112
294.119228506988 294.314980136504 293.886614855833 293.953059440033 294.141131008348 293.986904058497 294.073702209025 293.825957841979 294.061790168147 294.151663038035
295.949412968638 295.933865799598 295.787163513297 295.785830494989 295.849266882926 295.676683174088 295.78099109489 295.588638428116 295.756403385345 295.922290643192
295.743607419511 295.693891738932 295.69370934731 295.665227381625 295.817798317323 295.605539739895 295.554022048266 295.483051896146 295.689836599318 295.892624562965
293.54436159423 293.488323487162 293.663316650335 293.508101183693 293.601330246531 293.494578516542 293.417995942047 293.347978209301 293.588331153864 293.852543310892
290.364711890389 290.132285172877 290.491597596007 290.204711650367 290.390673576273 290.205525085026 290.206160597588 290.149526268369 290.280568161663 290.530833557371
286.664161310142 286.361424727868 287.100577573758 286.310414012847 286.496061243588 286.516646725661 286.201974079841 286.447919853263 286.739702841788 286.618952984086
283.869667081193 283.448581378592 283.954620228164 283.171555235448 283.546125061226 283.546287411128 283.031718408326 283.340434482734 283.457169313944 283.300253492072
282.462839606711 281.810741872104 282.439423814459 282.386974192745 282.33290184025 282.016090232431 281.945690887152 282.466088074494 282.035083758769 281.643967254714
283.254287085247 282.797089358812 282.432446682261 282.25905147318 282.486745178977 282.262940219524 282.184314127129 282.213082017764 282.228422652274 282.072365893188
284.59020198309 284.523947689916 285.057513654563 284.381589241846 284.525266073196 284.413330745553 284.269238645492 284.403689589955 284.422418915798 284.394779063881
287.784220610591 287.620655738439 287.854569855289 287.291696649882 287.602957061713 287.708165554723 287.586406652278 287.630975681698 287.65789467279 287.717471457184
291.249190822602 291.033875124567 291.20552766581 290.915537585446 291.291892374776 291.140648077951 291.067970654881 290.925078587656 291.077548694038 291.173461622414
294.170314845032 294.048959312008 294.186496256526 293.950276010201 294.254932449448 294.16574868271 293.858004037273 293.96143634712 293.930450357377 294.075080163349
295.836846359328 295.834352116328 295.865363572903 295.713414901295 295.905274259216 295.937437976254 295.763044075547 295.748532147208 295.693937613768 295.925647535911
295.696745823529 295.683065713916 295.739131757271 295.691591238942 295.758200650882 295.783186237792 295.664228166815 295.642964590127 295.599723306138 295.761740085532
293.661947396264 293.650117419693 293.538063503765 293.584682296436 293.617731741825 293.578355885059 293.531200047295 293.604984578864 293.542597820533 293.603437148876
290.340186350991 290.376581745387 290.297297612371 290.175923342748 290.212534734986 290.265160997502 290.137069841846 290.34115036124 290.110569805075 290.224354819271
286.644040266229 286.671662262632 286.828854624794 286.535290521359 286.487376271155 286.769157847072 286.547774899447 286.741681053925 286.019272563756 286.379748488349
283.530645151074 283.429949176366 283.566684186991 283.259049254545 283.326229445525 283.785659652247 283.241867889065 283.448365736628 282.829955552385 283.220642328797
281.612460050833 282.36421799385 281.610972948592 281.746382467245 282.120206957449 282.049769348883 282.21222752701 282.038952791999 281.772205397435 281.980867549132
282.367323223405 282.712355228492 282.217597713692 282.675163810435 282.539795723678 282.717140423164 282.806039821625 282.809342175327 282.165401669497 282.326966136046
284.392895913023 284.456154780643 284.435844408448 284.258156876762 284.330205537748 284.642375076998 284.857389510085 284.626639660167 284.367271145955 284.467000485926
287.744672867614 287.659827019413 287.58672021688 287.776631839937 287.755017476775 287.935068059509 287.838210197766 287.699517547929 287.493905874756 287.789312779513
291.141773752565 291.275738804505 290.874131815846 291.049683157525 291.17841505403 291.276738958996 291.176900689663 291.158614813056 290.833719525837 291.079755536842
294.124270770524 294.153969023504 293.909702591391 294.019815498144 294.045225903841 294.125057342767 294.159842635977 294.180959343924 293.93629697821 294.166077197468
295.83230357433 296.02432970068 295.800216588938 295.857939734535 295.699748287748 295.943489538053 295.934344604268 295.871467237347 295.723157348384 295.735509938898
295.816520633721 296.035356054656 295.622638378846 295.663883119492 295.58113267765 295.859786542758 295.786565108753 295.756877294635 295.754655144007 295.647323021685
293.575198581382 293.633560044035 293.549419942922 293.454046586952 293.481346564771 293.829783346706 293.512930646321 293.753098609438 293.568754754435 293.633931119295
290.340070236588 290.544817055612 290.244792405733 290.148691515914 290.079217200894 290.337286873335 290.114235605968 290.544354262751 290.134052839936 290.36362990876
286.305289952976 286.777129339157 286.369142697414 286.289691049633 286.170757818046 286.675015448034 286.571310472619 286.912602847165 286.321602609224 286.30821586887
283.321185617838 283.527515696594 283.330185512647 283.580896045808 283.249688257311 283.757461635388 283.267973204937 283.593257864802 283.243599876 283.670887467996
282.363129450957 282.053223285072 282.044301324921 282.024348798563 281.868013523377 282.352811175459 281.993573767835 282.391903185264 282.02297973727 282.055151722162
282.424624632689 282.685806251404 282.401660935416 282.301557442069 282.202017519285 282.565885330389 282.414726095888 282.799370932199 281.851718447827 282.473786628013
284.536253227459 284.546032563379 283.945939736623 284.552699400957 284.102199172195 284.886988749409 284.720419346299 284.884533682473 283.993615456168 284.526277183033
287.8153378122 287.599580207826 287.672456732512 287.705606008102 287.412299426649 288.072208642167 287.746491763989 287.924886660689 287.669294398942 287.707591657727
291.306637559562 291.36762173203 291.18289126863 291.199030918275 291.00827942976 291.469322645859 291.230659918182 291.140460867664 291.135437027864 291.096157831359
294.064547096171 294.215772596915 294.254385442791 294.221858534862 293.995124258479 294.277701818509 294.096854725945 294.083696354041 294.025608274047 293.916229954837
295.777590267585 295.99384664836 295.903136450348 295.810854564595 295.839261209711 296.017245970049 295.81409349233 295.790427036322 295.811033715617 295.688469639879
295.778027258849 295.910116147167 295.844586148797 295.686274236713 295.704319128944 295.863021597378 295.766145379866 295.741706284709 295.736434130984 295.743796588417
293.574947584641 293.607656604228 293.733887003052 293.656482342016 293.568314508891 293.683526912153 293.633590747188 293.654887286082 293.720103476878 293.573787536927
290.320993357098 290.530471702526 290.362152093117 290.446606199197 290.213702817238 290.233697123779 290.383508056232 290.394585645961 290.259018851619 290.416093877061
286.646341182254 286.490652769293 286.724743087057 286.753993542464 286.774549142091 286.765765145872 286.737041088763 286.756576253464 286.573031122657 286.622355407399
283.595369274485 283.571764844871 283.980553778924 283.947282157624 283.513309678145 283.401380227287 283.201021987766 283.429797584997 283.32624598628 283.232953976754
282.125832647685 282.187205391198 282.305971698413 282.405479597409 282.112424336154 282.067928592516 281.503321730942 282.037816439121 282.154462058989 281.844579406152
282.76797874663 282.437600172062 282.18743323129 282.642934075061 282.110140851705 282.758408332831 282.090138977188 282.206960571238 282.791742561697 282.736003661163
284.641886102825 284.451683404557 284.258030391626 285.165222368934 284.453675866742 284.640316753269 284.382041872362 284.857012497023 284.657709014016 284.466068368261
287.98762407359 287.923555359541 287.882028729295 287.927675759482 287.51003109456 287.670321478401 287.58639516885 287.722715300631 287.640322337472 288.032884971772
291.148484834561 291.312915272284 291.124678763727 291.387699279965 290.997037094107 291.122242240682 291.164079469266 291.138733873235 291.271807200481 291.427948415112
294.044746224573 294.338335003536 294.11298179452 294.22734123024 294.203593821516 294.144841542613 294.049701629486 294.237370661964 294.119461986508 294.244093437912
295.825465781352 296.046629701406 295.780295235178 296.053719787661 295.943969432545 295.895246701892 295.698200989269 295.893523405609 295.963101641734 295.994048288794
295.924969464844 295.916881497942 295.790555426975 295.894971269278 295.839556786775 295.890486730965 295.686725010507 295.774700476602 295.848762404673 295.827109261946
293.86753406459 293.723513024599 293.62334408731 293.707795799254 293.649926626872 293.725278674745 293.476166595151 293.605623456536 293.62013078594 293.633065181859
290.369986774124 290.214576185348 290.286692087103 290.405856821397 290.52451512908 290.475790584297 290.302968269194 290.354465976479 290.230413876523 290.627043189139
286.539119803571 286.678032450951 286.61962356548 286.516915364179 286.849658349865 286.860648830114 286.310779072276 286.741187245584 286.670784905257 286.869304179445
283.45286859069 283.517583142502 283.531087221923 283.600432911152 283.456443943215 283.714588583903 283.191129349361 283.628988280279 283.251030895306 283.917525065033
282.516514707132 282.000288634118 281.984349500378 282.28208467441 281.968125347477 282.821404803573 281.586545635032 282.054042177649 281.953758439598 282.509794998937
283.171082964391 282.364241706214 282.235936639065 282.513208125182 282.831154998537 282.910350733149 282.289309110167 282.638549908016 282.114077349844 282.410613427899
284.894203150245 284.440528507536 284.573337532806 284.736761006789 284.742941491462 284.938901982099 284.731781526073 284.85140995274 284.379589521739 284.474572556001
287.902922730391 287.712972671796 287.896619490566 287.648037561863 287.839549667694 287.961715962395 287.80504956051 287.973812359096 287.585374106252 287.9291800451
291.13430118427 291.063480510343 291.194923092272 291.204947034373 291.284432133246 291.351620254385 291.099343874331 291.292932644945 290.917269075557 291.280213508044
294.178055145797 294.130479052252 294.254288300758 294.169661706572 294.145270801838 294.216190196057 294.191485082862 294.3937363742 293.983996461844 294.253352392469
295.793465764903 295.87750391195 295.952902508839 295.973008847003 296.060404125654 296.107869504991 295.945728174773 296.133621357677 295.727108186467 296.049128540269
295.728527974173 295.750644190247 296.169356987591 295.930375890157 295.929958568041 296.112091405805 295.915203990103 296.112012373038 295.703407067158 295.877318696539
293.686824458447 293.385206235595 293.952802390082 293.753670526446 293.827065670473 294.049600338084 293.708804081254 293.939440230817 293.569268334531 293.792921984267
290.356670373785 290.275873245446 290.633168558539 290.397481164211 290.334433461494 290.674353707841 290.353287961377 290.58330308942 290.392381038018 290.445717586366
286.880962371649 286.667562795113 286.940887322214 286.677633573769 286.636596023118 287.006100677222 286.861810627531 286.769116803021 286.701133605275 286.500826073549
283.500768687827 283.439119952423 283.747408348726 283.756710468165 283.664346184392 283.9837224074 283.552274819626 283.466423670857 283.440998859495 283.371267834897
282.050353973433 282.346522554373 282.534344605554 282.32435357617 282.392499070734 282.241911661506 282.479824257018 282.296089206779 282.164921380026 282.374952675098
282.776110432265 282.471026639784 282.931435660345 282.673128291928 282.463237720353 282.72821639176 282.666297100182 282.919955513029 282.386537145281 282.351234265281
284.893750289187 284.787536637661 284.862208538075 284.319329679737 284.649514451956 285.015793534462 284.653524780024 284.880517078622 284.77124759438 284.339001608505
288.196488110536 288.065845449489 288.038034711519 287.834445455205 287.898703648673 287.986123079591 287.940198847251 287.983605766182 287.846464892647 287.567912817808
291.332156959151 291.195977725734 291.470302018326 291.111830802719 291.284836473375 291.333960579744 291.231181297321 291.245555330819 291.156051419725 291.165052202836
294.156813499573 294.156546407757 294.264206988133 294.062590933736 294.405083244344 294.295843487654 294.324593311499 294.192128149056 294.078149140131 293.975635009167
295.942089906286 295.945529768127 296.011474766566 295.809780853664 296.106710956542 295.970384964385 296.147417217833 296.063203449639 295.925501378673 295.826770944427
295.878476883132 295.779699011419 295.983492012385 295.794874689107 296.058591020972 296.009340257403 296.086911517022 296.04817026946 295.824463036123 295.568148682308
293.844921664932 293.813002256268 293.735116269155 293.714508058406 293.661561376647 293.635010306349 293.892019257743 293.869702849041 293.690582280739 293.616694190465
290.512624134582 290.594831636011 290.374891794492 290.498256696847 290.450190084362 290.609403701882 290.548628885603 290.632573652632 290.193194651813 290.079065992246
286.985334961324 286.724980850268 286.886177877911 286.727413685998 286.474996915698 287.006273113252 286.731694604815 286.996531872238 286.605818449426 286.20938667614
283.643574077365 283.682052937226 283.835687554933 283.720946495479 283.297745213604 283.718836386431 283.586837024661 283.93900622577 283.467267207643 283.246452703947
282.66021741213 282.654960058723 282.552017807262 282.387843128212 281.775582427911 282.487849810158 282.016564053705 282.331032096061 281.80866573046 281.848518854977
282.455357345607 282.759452353201 282.802159938402 282.811527813375 282.077876603039 282.613149273147 282.324311999775 282.681313253311 282.45189082608 282.300408233119
284.567826225924 284.915189771518 284.730148247872 284.819935591262 284.696633410263 285.01031987842 284.931316257714 284.696958904037 284.922592103488 284.648323268205
287.795675176395 287.841485097245 287.777483861062 287.638399600791 287.85078407709 288.223724392945 288.052647845528 287.916996670886 287.89073190758 287.971297126035
291.212485157718 291.266605305313 291.030258407601 291.097709897129 291.347861382476 291.359651160061 291.294106367147 291.327998880589 291.209360918207 291.225430799731
294.292523791347 294.176402082371 294.082931697559 294.272649011287 294.298602962384 294.33728134005 294.313437983798 294.315667383534 294.240283830598 294.152586439604
295.980574744344 295.809396251865 295.934550654045 295.948437490381 296.037982520768 296.104241771349 295.963759341716 296.136070652871 296.15744387201 295.909475871945
295.817691557938 295.902948668015 295.903345237324 295.785010670709 295.931669955084 296.179111155656 295.756224721001 296.221907425659 295.955404330923 295.709818795427
293.64158625613 293.701802086999 293.834865109693 293.716717602216 293.646706580597 294.000701244935 293.454077231403 294.011602557996 293.829196082916 293.498966503995
290.380741282827 290.461625165052 290.681992522338 290.240828145572 290.357900451571 290.714828210483 290.375833069942 290.925094983883 290.650517866829 290.383935524245
287.018261819131 286.847231828495 286.857827413503 286.514329272387 286.731989856864 287.237638664398 286.633612780573 287.024423391503 286.871618047531 286.758302604735
283.492221974125 283.409852969953 283.729638039493 283.522441628595 283.71115894052 284.119378613977 283.845599878305 283.95140875362 283.931042764125 283.244374122008
282.296257533214 282.33666238224 282.273710368977 281.857483836909 281.986480105558 282.672169078816 282.211669716726 282.178413338154 282.487726541972 282.034644054023
282.204048744304 282.279980286944 282.511029551882 282.256432938951 282.160630524328 282.892534556603 282.613399497899 282.788275745138 283.112790140199 282.706142864673
284.922685759844 284.716838634548 284.821464049371 284.884823217422 284.470181538115 284.699053651123 284.564772887016 285.009569129871 285.09355461478 284.75410410368
288.088038215463 287.817919844402 288.066551576363 287.843612823477 288.060987907802 287.993236786016 287.810867069358 288.233854890753 288.292280691004 287.983342562725
291.227584613932 291.407783941075 291.409828703117 291.129063638848 291.319332071089 291.313717975546 291.282158418906 291.60352014102 291.403935784325 291.349426931975
294.232061053223 294.226360480337 294.123149821797 294.097497531057 294.3209113472 294.254945661052 294.227453614194 294.423309888089 294.317750354258 294.212203108458
296.029582000323 296.083738290961 296.058809176356 295.880041963831 296.080967981717 296.131316401431 296.06626677186 296.131465773105 296.040203677449 296.048695143473
295.853758344621 296.092424950135 295.969949678763 295.740431037669 296.024371131962 296.216398948719 296.015746280921 296.164615411811 296.155672159753 295.962954901134
293.83046542942 293.841260215865 293.76854606815 293.50397656497 293.81630881321 293.999957244092 293.800953062458 293.941457585682 294.080111107432 293.879719314986
290.394118147892 290.703656347936 290.544829430899 290.101049235014 290.412216256183 290.618360766111 290.439462230064 290.738488114359 290.816111047183 290.578074429786
287.01239369356 286.826366301115 287.007830393301 286.607048814798 286.731432348532 286.984787845687 286.607847121216 287.418215373399 287.087071609365 287.158861713724
283.653146927163 284.107358364425 283.748210191066 283.590558491481 283.977912860504 284.024139543278 283.808559371249 283.813866032624 283.849543615296 283.773959506351
282.510537213359 282.36794689292 282.424305234062 282.366409764248 282.438949264791 282.044981583527 282.449923538667 282.190812007278 282.742376972415 282.352293939106
282.820147186259 283.036333521285 282.618899414178 282.407085126888 282.758653296947 282.716466992081 282.760772290399 282.573145843063 283.048516470828 282.732723001837
284.710604956503 284.849976007755 284.747332500796 284.475760981784 284.589424190618 284.866591487421 284.855309999721 284.856331658495 285.033171545066 284.940486582718
287.790147710457 287.868348682707 287.731628916571 287.852925946476 288.084013752318 287.835381622825 287.818408612509 288.005903250818 288.151169960979 288.06032011794
291.39394926109 291.468478919098 291.228970194249 291.271776457647 291.331670937405 291.491554371345 291.315036689293 291.444657413677 291.653736568696 291.399444373823
294.351556400561 294.49388690111 294.170575087495 294.354609638955 294.25232176242 294.285173645847 294.315234581719 294.336750758389 294.556340838706 294.425982512865
295.998742607337 296.338711055711 295.941910391136 296.065965009717 295.989154306141 295.998340398485 296.113369738873 296.140837117972 296.376794493762 296.161132795967
296.038333987212 296.264230024663 295.957908397929 295.989294078639 296.014442693906 295.971118859905 295.867881654433 296.126996473242 296.422723630853 296.056837385256
294.076899109105 294.212695122167 293.835491517105 293.844547276966 293.764060420362 293.790830857023 293.823992910674 294.004272881681 294.316231824882 293.77596915478
290.868267905437 290.743041014531 290.576910604942 290.420561835949 290.696071448063 290.415059472799 290.571027460286 290.655574531858 290.869267913886 290.497808671998
287.307334492653 287.167316941027 287.050423305702 287.044800310389 286.930051810151 286.779624876332 286.646541988791 287.152391654172 287.167194114781 286.752221177671
284.344306666145 284.099337636554 283.846167156448 283.791263706409 283.666709511251 283.639521771799 283.715079269678 284.228599215794 284.17578955005 283.682752636775
282.42206007666 282.6769103612 282.538168070711 282.63124166757 282.443926766432 282.334384057436 282.54225540448 281.998689090129 282.679771608224 282.25314314635
283.220698505098 282.608050874081 282.319118621845 283.1785168419 282.710575961551 282.777346250721 282.500653455251 282.311005901071 283.218656859709 282.446702997894
284.890220465666 284.863259727422 284.642757857501 284.957984130919 284.596097205822 284.786381806358 284.818424265788 284.997209585517 285.405843556189 284.379925181779
288.129723593262 287.948423847269 287.873212183806 288.081759715267 287.988876520128 288.094543316445 287.924770429828 287.953637492035 288.466611239552 287.82104121897
291.5256188399 291.21962570857 291.421400703594 291.363529487852 291.453108529232 291.591966138139 291.342265723364 291.57932794855 291.662537271611 291.170789323716
294.518287005035 294.341407965622 294.216539790047 294.286733636391 294.298119088567 294.42939137736 294.60763048416 294.49780242116 294.537000393091 294.11949148861
296.386725673005 296.067395333083 296.054661077298 296.065109302336 296.06612640573 296.193769035624 296.317346557972 296.275228897423 296.283450492011 296.011621675615
296.214250346113 295.967077081808 295.913625211303 295.847966247801 295.953301984306 296.056359940377 296.129141990868 296.256968506999 296.188968450875 295.922622262971
294.114978864432 293.913906468853 293.902342866888 293.857648616244 293.76586798741 293.896381472707 294.086696109927 294.130926674611 294.140265808648 293.889408372669
290.966823456108 290.567298484968 290.384875903824 290.708562305205 290.461859775003 290.863293835081 290.709003742742 290.650290895098 290.780119080863 290.503174017602
287.560785539433 286.907102468054 286.839797438015 287.152842935146 287.0719947925 287.138146342785 286.899349898095 286.836721051995 286.992626253799 286.535665961612
284.274115750198 283.897106458198 283.358207174787 284.129574912948 283.850856960678 283.903648668875 283.899090714743 283.575990793376 283.803833708558 283.732439645519
282.843660223997 282.096683499698 281.717135457293 282.699337689056 282.332955196468 282.76060349112 282.330514624026 282.118570518655 282.603531436027 282.258535474642
282.96014675569 282.693345467462 282.564387487818 282.816838313592 282.914142505343 283.15613663537 283.050602468161 282.553879888528 282.828272712968 282.773710868053
284.997626614858 284.666031830199 284.845820223979 284.836688825487 284.469757787875 284.87993061443 284.748529821001 284.69667291719 284.73353088643 284.53748082087
288.239917739832 287.877675203331 287.963863114414 287.821534471855 287.883280974203 288.113396538933 287.79919415228 287.956307148058 288.10928906019 287.788102150674
291.491051474747 291.191860208355 291.461826784262 291.140681143546 291.399537397131 291.327372519076 291.207022237701 291.42408732294 291.491263932638 291.157002076024
294.430272678767 294.183437120023 294.404230296997 294.149506229899 294.328514006778 294.466367681994 294.209741817406 294.240970030636 294.455758145212 294.373685336928
296.27638643767 295.949578101507 296.156629133554 295.81490252567 296.100952164652 296.159887791071 295.954436478362 296.108725693534 296.118056139725 296.096335800262
296.120882665972 295.975849833605 296.014927665317 295.769208033145 296.103634067603 295.90080753677 296.009826320507 295.985069042753 296.164545279699 296.03972049978
293.955305206923 293.856610265173 293.800648516913 293.781973398207 293.918210836043 293.842522566202 293.971283384925 293.856710598465 293.902712744496 293.868741566228
290.686462027796 290.572781634827 290.467373252296 290.587045064119 290.735006008238 290.412972844972 290.582555241074 290.63468856703 290.532815429619 290.750185172333
286.908470724858 286.896763927534 286.704182197061 286.777906504596 286.953870995784 286.509907791214 286.7940017682 286.767499386089 286.651623095268 286.906975938008
283.86494826282 283.890649905073 283.746884698485 284.072984137668 283.746255641175 283.871166301016 283.541420693052 283.697286311129 283.681035768908 283.577425869158
282.06606626507 282.115007710228 282.434752257574 282.360611502609 282.260389659026 281.992256352191 282.008017966095 282.739702990455 282.731401424352 282.437969113607
282.405545189965 283.051507036082 282.574828322591 282.660036954334 282.558634534557 282.754984205636 282.511827696639 282.917351894683 282.40407191812 282.931820624909
284.55565111555 284.936240471012 284.716673448848 285.012907165118 284.765879983831 284.726536397456 285.167636655477 284.995143334608 284.569503826457 284.60116255847
287.853683792084 288.181717133908 287.948005840662 287.919935221109 288.008740336094 287.871393221677 288.226426687034 288.204585264944 288.029677973356 287.857324425831
291.373514855021 291.46379791461 291.291984365073 291.391672051814 291.502965427447 291.393466078499 291.629735324069 291.60343204257 291.375628030889 291.393345736097
294.183336290631 294.507348446325 294.262781248639 294.325326928801 294.348425033156 294.304877159953 294.429871131512 294.417233803944 294.430191043675 294.380206190253
296.047748172385 296.276938751976 295.951452090856 296.046123296502 295.974003415975 296.162766403395 296.179726945313 296.226041725842 296.246305123911 296.160096213078
295.953568887445 296.338885753628 295.985550603742 296.058972620538 296.046933163208 296.206553916961 296.022192980033 296.21023278486 296.230579615179 296.141163003339
293.763739930434 294.201135807227 293.833634563103 293.852543904308 293.809414917915 294.068363298238 294.012960485111 294.033244061546 294.101423971996 294.106739920461
290.684845180905 290.920835486509 290.624942820194 290.747399933524 290.607002224669 290.673442648388 290.54292449724 290.62653484285 290.743392810071 290.831264371531
286.796429746444 287.282769895951 287.008068402764 286.989724350632 286.655918590062 286.947732455774 286.802498972636 286.494072527773 287.008200928919 287.073508869144
283.717243324846 284.436349229385 283.771261150052 283.840307982608 283.481916098298 283.781846942616 283.968984091676 283.879280498649 284.242568170832 283.955405057416
282.041838736789 282.924522171476 282.351047171241 282.800888612822 281.662515165784 282.382039820322 282.578494194473 282.610634298475 282.479541089445 282.645510996451
282.748653942844 283.05326377438 282.880354289758 282.622426857778 282.227157069739 282.572638553213 283.135903426213 282.908835322821 282.949976590206 283.102777085947
285.002095344609 285.046567709064 284.980155749578 284.792741004722 284.743811536626 284.936809096794 284.743202231832 285.012263997895 285.04274346356 284.975695447258
287.905929315606 287.837013610892 287.929997196029 287.860146423155 288.045481185714 288.093924231642 288.056247537292 288.198565408599 288.117047264112 287.967900672179
291.218295692086 291.43486883887 291.408135593105 291.324345940174 291.638314521548 291.525919506497 291.615316189517 291.312433167335 291.43047517242 291.246460009999
294.250661959335 294.501598148981 294.45937208961 294.415590450495 294.373032033962 294.342949401823 294.524398993183 294.349711413646 294.452998624752 294.31905117017
295.986443154784 296.285516837967 296.163424112944 296.044948091749 296.081812074111 296.204021614643 296.238976407268 296.175133488014 296.384165316468 296.084854950549
296.01823005364 296.291173797751 296.119930529261 296.013066359646 296.08219474706 296.120419800195 296.194185076678 296.199588384754 296.368824392214 296.010566725904
293.853736621499 294.129721571347 293.810189439496 293.754080975757 293.883513841531 294.044360812109 294.095173700831 294.0659351585 294.111871073513 293.858536403281
290.543689946355 290.802975992829 290.761841594666 290.36912392059 290.498042554882 290.870701066929 291.008901780459 290.893650597378 291.042110188091 290.565409660088
286.959271841027 287.319241021005 286.894300217609 286.78602923351 286.900380031916 287.110226764774 287.199872837399 287.163398795804 286.943310496811 286.810207990644
283.733015318379 284.079634684691 283.822754790718 283.819271329935 283.69087145475 284.353414831195 284.206034149605 284.063450919011 284.208392053844 283.520160222934
282.432605388529 282.598174522807 282.465991059095 282.585376681342 282.199947177753 282.709792206515 282.467295855657 282.504713778566 282.812298008712 282.596964206257
282.644252326255 282.55803956177 283.040936180328 282.869408664474 282.959195107793 283.221562843957 283.009910322331 283.105529378789 282.996121480812 282.530532673921
284.73300786338 285.156924350862 285.037123171407 284.580027608748 285.03902329304 285.080420454311 285.012513795785 284.826789967874 284.959292142639 284.718227133381
288.045155248674 288.219564950916 288.144054099884 287.769678067102 288.002614353589 288.468901244282 288.440345784871 288.267130200389 288.293168565142 288.017898325297
291.508763748509 291.483505976402 291.649007389158 291.34960183625 291.502703143708 291.784961343952 291.655428895841 291.475241264226 291.503122661678 291.504283125859
294.459523634568 294.600872021311 294.521470571437 294.390877144757 294.405398234135 294.611501786434 294.630022884424 294.488216167033 294.525376136082 294.401314420677
296.246102523483 296.315357620895 296.313161852791 296.243642368995 296.198064760728 296.264601347758 296.323633999474 296.297458473607 296.213754663213 296.037007295424
296.082324777531 296.236249469035 296.405337142178 296.210111085115 296.22340122045 296.144642364834 296.090230770228 296.299945580213 296.24123799868 295.989909326699
293.853011240165 294.158580395774 294.13367284658 294.002658873123 294.08173656091 294.027087775904 293.71429364851 294.197870487929 294.268148072729 293.850016664425
290.70607460712 290.932811880519 290.895604863657 290.908085598927 290.99389302034 290.73160645232 290.282563105656 290.900613844308 290.791540332166 290.672107603879
287.15208221901 287.177618763946 287.052681956685 287.183704600761 287.386420616037 287.301176691431 286.714869598388 287.278014219118 287.223224700293 286.931441470823
283.32784120015 283.978206024887 283.783133637214 283.931288269427 284.076744778015 283.910281801734 283.551278373193 283.976839446621 284.44347434217 284.003103781719
282.149106205194 282.698244783843 282.715819437731 282.460217651066 282.612605964391 282.254248095697 282.359697953056 282.748256520925 282.245494552932 282.388762328934
282.796714514906 283.102755406858 282.96272990093 283.371630484691 283.265204273961 282.886727635414 282.557382493726 283.183187737807 283.013366424844 282.596029657122
284.779231482471 284.978914908352 285.536817319878 285.047852712716 284.95189600883 284.841187310958 284.851296760884 284.914824979018 284.70638069746 284.618417933744
288.034427203299 288.050192900792 288.413320256375 288.209738586288 288.244345350322 288.260536013949 288.245102397234 288.005516090083 287.929362295165 288.139774660469
291.487113195517 291.4882564367 291.725398190975 291.708254593072 291.551698821633 291.504408027396 291.545047418481 291.521752084541 291.577513468397 291.482079102584
294.457064661087 294.24306080471 294.590735878114 294.638380494897 294.526880919213 294.257478370968 294.359442696497 294.435775309455 294.569341199732 294.375015433529
296.010239098129 296.173578675817 296.453128142959 296.244345433007 296.373101385161 296.058644030961 296.058222135376 296.193741926392 296.379199368897 296.281478755221
296.141609803814 296.062664835946 296.11102532835 296.226040646947 296.249105420968 296.159749151892 295.840121683241 296.097699941481 296.257263490539 296.36059031818
293.979817015703 293.938777209293 293.952996215771 294.061301427928 294.112255758151 293.975909087594 293.782479292029 293.761644767425 294.057209897118 294.114474834696
290.686158925826 290.65222290126 290.624207970442 290.911452348612 290.819250177289 290.638050650195 290.574980763537 290.654903765193 290.785827509824 291.0404618083
287.0832067038 286.993986218238 287.045860605645 287.323524198522 287.013031013049 286.99356748556 286.776758767483 286.681457883835 286.664711653587 287.461824617451
283.997015421207 283.948684071997 283.75805832019 284.114040566921 283.646103863612 284.05238477006 283.876635568356 283.718445456479 283.456907479302 284.074549641666
282.881689889293 282.663914416195 282.702988092656 282.614377075577 282.575762799069 282.767826419301 282.289032446124 282.271784561563 282.405394607584 282.681100650682
282.83653876115 282.898777879497 283.168870700172 283.055686992791 282.739072213221 283.089200523177 283.070516223049 282.886318745933 283.089985449153 282.820047937925
285.142231832731 284.9383187822 285.213682470371 285.10711162413 284.770437856168 285.118073707558 285.064444659456 285.142118196568 284.79552451557 285.008809821346
288.028437057774 288.040572690326 288.023804144872 288.206944330729 288.013604063577 288.349639806674 288.186498556202 288.314359650841 288.185924826868 288.303491543776
291.578990835764 291.714529602624 291.590032856865 291.597293967324 291.510777404574 291.779394041019 291.502466963698 291.566665783072 291.623565363513 291.715868514482
294.535223508107 294.612906541534 294.558907353497 294.511917895455 294.482484797499 294.507111414319 294.478390505897 294.638653620816 294.547606397077 294.627747137296
296.278932048588 296.228531715657 296.295228270365 296.270340523481 296.130085746887 296.331254667678 296.140508366702 296.276966313106 296.374886103687 296.334762405187
296.227216779897 296.112526944419 296.323700884656 296.38473643334 296.04533773788 296.299030563819 296.26249937076 296.32593258468 296.267082162662 296.358257941487
294.066300389536 294.033688435198 294.036930353652 294.187675865854 294.051941175004 294.201236729972 294.121019632561 294.113333472459 294.121359018896 294.13191954505
290.796555766618 290.679484642707 290.885500726706 291.087861989439 290.818895656052 291.062220510014 290.974369168826 290.916351094668 290.843630146611 290.65672000642
286.972686332391 286.966602591937 287.404443390292 287.476609342873 287.122039651643 287.34124627828 287.047711833662 287.378208956769 287.025551581644 287.043186931278
283.516945808929 283.86262623106 284.279841852823 284.369562218043 284.188393725307 284.266419321691 283.567515679333 284.43634432293 283.968165563207 284.170327955984
282.136913322436 282.436940499193 282.336119389606 282.636301927816 282.578478718288 282.889564394585 281.959259515965 282.288286846237 282.55314145578 282.666496816904
282.604624936417 282.738327639504 283.551232485268 283.154791662223 282.969049183344 283.059323901749 282.836832500391 282.872768790288 283.076074927664 282.893840988959
284.837648554089 284.827337598203 285.018511324173 285.36554909138 284.758332378072 285.1226282934 284.836501566268 284.867056860785 285.079459505725 285.014484163981
288.117519931332 287.846789200646 288.169504134429 288.305458996685 288.266703055329 288.300386265197 288.349308519803 288.039724465525 288.292636908571 288.095652074435
291.501469378609 291.38766909781 291.635830853204 291.611916584819 291.565039847317 291.667515350565 291.675525521154 291.782063041905 291.547491110439 291.449311178335
294.49583532138 294.36158831853 294.478488750334 294.48523074564 294.532478278683 294.777316980249 294.580603394741 294.595244247377 294.516173936062 294.507078513343
296.285792139021 296.164260378786 296.382486220878 296.179610409917 296.306918368977 296.56970133986 296.322201950648 296.421534011907 296.385160494339 296.150584683621
296.252729665864 296.221557741715 296.440353080572 296.150552831256 296.162835006974 296.56040551181 296.297749879367 296.412427204408 296.180622991032 296.18966513662
293.979821691249 294.159890566404 294.209601987101 294.093578056409 293.991719198665 294.34875165188 294.247755128605 294.251514273379 294.017555593191 294.080974099803
290.869751480881 291.018136781869 290.947028783078 290.778333179301 290.675653525814 290.913163032445 291.079283612481 291.000599723759 290.855712486353 291.035331534295
286.965880599745 287.328213096165 287.458313184119 287.180521855132 286.673925905834 287.283375444408 287.539480829721 287.176856493967 286.962446196151 287.210048441446
283.845959513011 284.136460353223 284.318575733947 283.988020149335 283.809087078554 283.754347411954 284.298276111549 284.138046977364 284.040316062772 284.281324310623
282.843355614416 282.864338795284 282.5918975549 282.700713228019 282.31668101748 282.935711671533 282.500866391149 282.691933595756 282.446878153866 283.111574054136
282.798341916387 282.792053798924 283.167716278801 283.42298714774 282.486696307955 282.706301100838 282.85596784116 282.831263936843 283.145390494957 283.185733876428
284.6649990383 285.154566858157 285.425746588759 284.942719562088 284.973512154201 284.756324065276 285.095090861513 284.964439778357 285.287946144904 285.041089850296
287.840648590748 288.009039524517 288.222518574894 288.232293846182 288.317191012259 287.965910394819 288.250799449228 288.372712890608 288.093429292107 288.11666687038
291.420891536865 291.679579224472 291.744173261161 291.764290815115 291.773957778688 291.622169375852 291.703869126684 291.717999481634 291.693807996976 291.775820427449
294.579833770949 294.478440754894 294.757879674735 294.659746889946 294.588066276646 294.693731103375 294.461805785437 294.577195130621 294.586492356507 294.634250163294
296.358462495278 296.303082949717 296.431645300989 296.391462771968 296.350463411014 296.37738283369 296.286197720496 296.37337034007 296.455197250764 296.296412878027
296.389777063545 296.169293732323 296.425561438713 296.302351819259 296.190037345579 296.319774591605 296.328075771114 296.419736066544 296.478239595018 296.281969957411
294.149246840048 294.12258575051 294.17560117835 294.294934228563 294.02012489336 293.944483719569 294.196972801182 294.207308940953 294.344671978385 294.174332237586
290.922701718274 290.848040628762 290.976795555641 290.980252589769 290.95558135776 290.681143304537 291.086697674054 291.048287425711 291.096416667671 290.976324671235
287.083886878452 287.116233516107 287.344928977795 287.374009420309 287.588942569851 286.865311352003 287.286329934545 287.064322898664 287.636815806288 287.263261214068
283.918111218959 283.90580346921 284.438088423413 284.644589444854 284.707115232833 284.153439972129 284.213345574677 284.264362000038 284.324919325797 284.238499587774
282.551723371717 282.34124619553 282.980251064671 283.03562882229 282.880078311494 282.542065953776 282.837348011238 282.855474050632 282.965950670113 282.785181846313
283.605480683011 282.811969838073 283.260474545312 283.193335236725 283.025446073038 282.562017956477 283.122069507381 283.01698689715 283.0898477383 283.302180831017
285.128033975549 285.026779699879 285.35094739514 285.496906155309 285.394708944373 284.724646873266 285.171828407593 285.024933084771 285.161013416983 285.192217247633
288.260222248628 287.998037480528 288.329579867692 288.56611682106 288.282373947969 288.23154848006 288.559212897035 288.55646755064 288.285408721956 288.305967906166
291.718230236276 291.378630129837 291.675398595053 291.767745550837 291.684228336973 291.556655017439 291.71963041462 291.798274239287 291.691591293663 291.715234247477
294.598350195858 294.341419533143 294.678450761747 294.69867993333 294.830983834896 294.541424136532 294.73673623026 294.799244169893 294.647714033045 294.630736912073
296.340752963299 296.269422825335 296.453926635028 296.405945203455 296.564189996461 296.278268898668 296.44812556786 296.423656056307 296.302220152256 296.36967938526
296.191115715634 296.29847223247 296.387784622854 296.530243379621 296.451357392998 296.035430812372 296.374798361665 296.408400649918 296.125567308401 296.249971737681
294.114209843739 294.089942736065 294.353623852243 294.551736013463 294.288578498564 293.916600436709 294.383978290539 294.302944934966 294.124561736573 294.146952732653
290.869012966498 290.99820872144 291.065141403382 291.164602551125 291.097525017568 290.796944561239 291.289582863111 291.057158386156 290.837187333446 291.008353758937
287.056555806016 287.30490180837 287.742137019821 287.358441055593 287.395505633845 287.350349727139 287.815730025998 287.359975220212 287.275873856298 287.602226077161
284.014048262753 283.903436786251 284.24071650082 284.396257412936 284.267735467143 283.982248570749 284.667872100943 284.221935866905 283.737259838847 284.096935665851
