281.720207010552 281.674205392231 281.691592295623 281.885926679836 281.923031370626 281.841972672101 281.97377994412 281.983962367225 281.875775908316 281.941092851299
281.778892517524 281.888626608895 282.250312304863 281.698954150832 282.272748387679 282.083915495554 281.967588148977 282.070239878442 281.863154091211 281.912156658894
283.799068094058 284.03239743892 283.991277515773 284.299329165627 284.062446321256 283.981637385473 284.098670760951 283.847471917522 284.104850249811 283.781530177567
286.794235725962 286.976324225198 287.319092555141 287.408813172835 287.3343128482 287.21182330649 287.085648792839 287.079531320703 287.228670194116 287.185887683149
290.383909492233 290.537479176427 290.681498497416 290.764955668467 290.680091907937 290.684096166442 290.467021143632 290.593075806684 290.697717655448 290.545190516438
293.510285260449 293.51608551674 293.614382711621 293.670118457041 293.642213302439 293.771201329784 293.54373664578 293.516539413554 293.726420772406 293.561855565551
295.342131218022 295.14920664462 295.266374793105 295.397397256498 295.420690050757 295.348154121679 295.222558962707 295.221711278306 295.36693997112 295.335146492622
295.244892174903 295.150081040273 295.244895283385 295.19166099085 295.347144879465 295.176272427897 294.975978252745 295.276838518756 295.208632701944 295.158054743922
292.979059765701 292.893501232475 292.940892970113 292.895975089188 293.119244095193 292.831422804204 292.823632513464 292.883436964295 293.086354720265 292.926087899704
289.448654181165 289.300216747685 289.815452199623 289.54152730804 289.87462248509 289.479648828691 289.514722067583 289.411711963494 289.708282243468 289.386362276802
285.705847882042 285.39819842547 285.664412505035 285.592379794825 285.50949641805 285.543864350337 285.560489601332 285.393261072441 285.576518402322 285.473352426318
282.744211299387 282.222212608966 282.84928536845 282.435943468722 282.796392473579 282.565113038445 282.597189192701 282.384674635804 282.797540845137 282.373425610638
281.205631835556 281.460945453331 281.516760295828 281.588838277146 281.08027611817 280.723671503638 281.174744504792 281.105589739253 281.278245386831 281.182978034887
281.731197695998 281.819268009844 281.698839654786 281.935288939376 281.83642623915 281.674173156928 281.655617562383 281.435661078028 281.887229544971 281.677065424433
283.691493273543 283.946758175508 283.920312891906 283.696131047395 283.929204706356 283.907739762297 283.637151676776 283.812815379527 284.375480456446 283.607572992384
287.024016173943 286.881518086152 287.307401103442 287.007148509462 287.075473206621 286.772396609833 286.893841193626 286.97359597396 287.343754667983 286.838058287748
290.505106210079 290.481271917439 290.559747118169 290.448555426387 290.495381246109 290.31952285933 290.41402736256 290.310141756156 290.4907881862 290.273322597213
293.411737367751 293.29379766902 293.502747542272 293.293937770264 293.365117404751 293.361848640303 293.262873607218 293.403501693576 293.465670065523 293.292164887684
295.027368019907 295.109408145726 295.045829595297 294.944254854884 294.98665485007 294.922780256202 295.006582004331 295.063869673935 295.129471950691 295.040128983685
294.768489542319 295.042472473533 294.813026616192 294.724794451302 294.782730044322 294.734083038604 294.89522550603 294.883202314453 294.936361461489 294.835541769194
292.552395630167 292.809562248157 292.617084467713 292.568308893717 292.540837150411 292.43277758002 292.738950955578 292.719187989909 292.663874822544 292.586193581486
289.173216311409 289.257522683603 289.333460288891 288.906881151052 289.147352023763 288.977920636076 289.230477635919 289.056065058584 289.285149668243 289.198188000633
285.057413982005 285.440187027045 285.455253879824 285.112214502095 285.102263137935 285.090192857459 285.399761258765 285.308437064921 285.464066818399 285.330937447178
282.396783918736 282.598321105751 282.303215409209 281.919109911471 281.942322367079 282.120532084197 282.178740196435 282.048354868685 282.301292624792 282.438985113767
281.176302145999 280.565660761461 280.362361417181 280.426121985997 280.51046685543 280.897715679558 281.189896346546 281.176911763603 281.009808503577 281.138443017836
281.173439410041 281.549518100212 280.72873530679 280.930677079583 280.664581442309 280.908057521876 281.004512730247 280.913419867259 281.810459019482 281.430334006769
282.980196143978 284.03916237546 283.136996211606 283.272879186496 283.232884793988 283.299414325103 283.151372808339 283.124146544346 283.717889010957 283.515023928348
286.327492975709 286.732031322566 286.717557835179 286.278164469426 286.525416111977 286.624680086224 286.499560177183 286.417107392114 287.093870552488 286.695364166878
289.978361789264 290.083249286788 290.244178108918 289.873262585438 289.914174386537 290.094650022353 289.828627547653 289.951409496412 290.276573145937 290.038149965633
292.866320146704 292.94486254474 292.93952798429 292.917577458817 292.729658573314 292.998855629865 292.877944939436 292.96226586781 293.069548205735 293.060261556716
294.675381172058 294.807615641001 294.720662179372 294.65387854516 294.534885790067 294.757923143173 294.605317171369 294.842946720515 294.922911231019 294.607246076766
294.461268693035 294.514235556213 294.554122904162 294.545882317493 294.377900919315 294.460392158384 294.490143969552 294.598404988333 294.591476951522 294.291399764327
292.192939927182 292.467488433968 292.328632650925 292.131266309434 292.181074304842 292.06286789097 292.205535215078 292.329093016659 292.327018590706 292.082598860065
288.763750128471 289.111373643985 289.023038637432 288.859672861646 288.807652563102 288.715755648866 288.66323329561 288.814283908334 289.03509817532 288.650876935386
284.656508681074 285.170591185041 285.197920367641 284.723580973612 285.061802418337 284.848979870964 284.759328042097 284.53411008516 285.120876403588 284.543038510297
281.740846292296 282.128447775752 281.858834217469 281.632310485334 281.658995187222 281.87415132684 281.868714986941 281.560684347861 281.932402952713 281.728146578665
280.152251095211 280.424361204763 280.921400486836 280.176859129126 280.708404222542 280.270096760648 280.361180713994 280.543147964704 280.318548548232 280.283963151567
280.927334906946 281.082542997985 281.58813161449 280.69396596679 281.151933858854 280.9950442061 280.779140566993 281.031069226837 280.641367402633 280.983998094843
282.988306272093 283.371178222932 283.589084249355 282.872565660732 282.932615696318 283.033244937933 283.299475349331 283.599088817083 282.646343260857 283.142718966863
286.678405446559 286.695428328975 286.869614248245 286.538204027742 286.379546269391 286.38779586375 286.557660676327 286.521187445461 286.645892517455 286.368894558626
290.03419275488 290.127810886107 290.265261184029 290.20975007787 290.018168510095 289.781666508431 290.110306314258 290.102897595642 290.038305301064 289.926147592547
293.020338640179 292.905522439835 293.264557869684 293.061112512337 292.930655994289 292.85877416853 293.00984066473 292.930689930314 292.967029415232 292.863699593429
294.774043056765 294.677194004188 294.95089903212 294.691603871935 294.594622820228 294.610915532414 294.742512277737 294.711855647212 294.654604634169 294.681620065057
294.686132430886 294.421227665955 294.788901081526 294.544502283351 294.470006793959 294.346792619251 294.433160642526 294.599870215549 294.539137957076 294.352905993927
292.340085489402 292.008915319485 292.659037705733 292.366386835058 292.21967295099 292.053031826373 292.190176480589 292.254812381696 292.30819349626 292.197920713604
288.957213602687 288.86651794782 289.315041408338 288.848097681225 288.891395409958 288.853249265969 288.896271337037 289.054230867978 288.766463866317 288.928190783855
285.259885478167 284.776304772015 285.701720878453 285.10199519022 284.911446348277 284.779240293586 285.122959953972 285.119218104872 284.91312106187 284.933368610035
281.912850006987 281.777673741253 282.567102120223 281.85264505151 281.903867928987 282.099124137458 281.909943219392 282.439918952861 281.646612915259 281.86412798219
280.742146192169 280.399868445636 280.903825235 280.365520723451 280.403984454459 280.201938907507 280.491256863268 280.757057513586 279.882840019833 280.52714781093
280.639179277102 280.70441015906 281.242744232457 281.218448639392 280.936840760031 281.264220369551 281.268025061262 281.14034205974 280.628392957951 281.185732127914
283.173921933563 283.397931775224 283.757598595989 282.941667967224 283.027418111975 282.990426367239 283.431039301051 283.158644192134 282.742716691605 283.466184292871
286.330988366771 286.456424853575 286.855231744581 286.131631783655 286.360339843552 286.421691703497 286.745377682521 286.784360315337 286.494149761071 286.719220576382
289.892039351782 290.043958456278 290.299117647417 290.04043228299 290.05194701629 290.10383623255 290.039777416915 290.131239096611 290.036424431017 290.43082413343
292.987241237732 293.02704163646 293.244576340703 293.068774112255 293.068393778345 292.951762938561 293.057954080733 293.314742556266 293.057287906531 293.109644283025
294.706350901256 294.695149343725 294.957877638674 294.880706336335 294.843936508302 294.657678268014 294.864792928706 295.062407631129 294.79744796965 294.831749356148
294.57636575837 294.49942059568 294.826926248044 294.753977060744 294.705290274524 294.723970449077 294.860223145967 294.714097556095 294.770368123029 294.635554003844
292.185141437309 292.216428538787 292.566402337981 292.426712374973 292.4013451751 292.432162448557 292.564610830769 292.42519661277 292.470851804911 292.575237423438
288.785169986451 288.819131230495 289.297891383446 288.866566514237 289.055082210174 289.063967636634 288.856222021754 288.937663681539 288.911671915276 289.26867388876
284.934564424819 285.259778172891 285.150998607642 284.815726378223 285.264016895148 285.086775700201 285.09644602718 284.960626438918 285.417377577305 284.978542543969
281.755973560701 281.97687985615 281.96091694103 281.962542706624 282.18376230671 281.945927134459 282.30504564342 282.187703995097 282.227313968847 281.690983397059
280.397348050211 280.360870065906 280.843225546969 280.623789635949 280.368131055236 281.15526732393 280.552648081107 281.023131764869 281.171694043314 280.690955613596
280.76857759224 280.933397775811 280.996123239856 280.739581096353 280.411367487339 281.068309636462 281.249943192347 281.310198333113 281.561802508038 281.592582494213
283.052737369564 283.144113476964 283.532275704 283.195856908075 283.096753233934 283.123152769551 283.510603163213 283.683572835411 283.117628397807 283.405012123894
286.292008734214 286.549970669732 286.849180992824 286.276979928587 286.533561032164 286.448596018918 286.536308289851 286.76843172584 286.748125155842 286.620689277009
289.948098876861 290.152153959349 290.295539279808 290.067906483291 289.936991605846 290.08321245705 290.074865204988 290.329636422218 290.283712751081 290.148289338405
293.020610908001 293.004395711089 293.302305879889 293.216526602043 293.040933461722 292.977091795113 293.092541290817 293.310238643233 293.171824192635 293.159062692415
294.655488007608 294.822368265421 295.007668564637 294.791590624417 294.800252155254 294.801291447844 294.924380744302 295.045634041447 294.762082579777 294.938951266269
294.488850150927 294.46423432988 295.01510211803 294.66186310331 294.786599306458 294.626577567493 294.751876470812 294.869835509701 294.553791949255 294.771531389568
292.259629073223 292.197680247149 292.587459109765 292.429281531144 292.487202203799 292.430429002616 292.506726607945 292.535484064994 292.403934532766 292.535491460416
288.87581151165 288.694180401923 289.217642883979 289.115145228091 289.15284189232 288.911639894531 289.234173456255 289.279097255386 289.136226865582 289.230624516148
284.927526134667 285.076581570014 285.386854011714 284.99091636789 285.406771083427 285.33217164294 285.494251370762 285.531750653774 285.116247801421 284.981148625165
282.037213238375 281.763242574229 282.126692984418 282.184978438248 282.57780050682 281.88202781044 282.533921094643 282.075411354924 281.940131371134 282.005833023061
280.52587556416 280.533646162035 280.920298347761 280.52305848644 280.910101475692 281.059438371875 280.596191555122 280.811995440883 280.806179976652 280.633012389942
280.678716333856 281.307471942158 281.340786274274 280.947326022549 280.941235421381 281.231446389109 281.744316994396 280.654714705832 281.394991705497 281.278475107626
283.23767784975 283.219425255543 283.19451931806 283.369086303382 283.41709322679 283.735369983153 283.63415231038 283.13654175862 283.548757150683 283.211878090495
286.575106288087 286.890616442156 286.71294205508 286.775303486885 286.520462316334 286.845702647732 286.91838177754 286.790144924814 286.705601756079 286.405446619698
289.994098237898 290.127775374415 290.335903024692 290.165767888013 290.130237459004 290.106834834804 290.465099671015 290.201484379426 290.364031986843 290.282450456638
293.106047707131 293.11764960345 293.245212412874 293.281110086667 293.284465955324 293.1240273066 293.334983954878 293.177335082476 293.295244004537 293.264670385723
294.794670725609 294.803980399793 294.94501861269 295.055263486446 294.928718546987 294.927424747779 295.067235909526 294.814706071376 294.94202668263 294.871917789756
294.58198700979 294.671505944565 294.924561522595 294.807916745122 294.815222998263 294.65312592427 295.016990301332 294.809607767306 294.835296148149 294.825389807641
292.317353171618 292.579413573408 292.612959867744 292.591917138972 292.454432551466 292.575847276261 292.812904346533 292.585137974343 292.748693450971 292.5789636248
288.977993461042 289.427440989017 289.29959820544 289.277959417041 289.097486948469 288.876462448741 289.490077505344 289.290046732541 289.498931319215 289.166502989404
285.220767802405 285.537515641558 285.275842591249 285.369179767232 285.391409956252 285.040089689233 285.506781096413 285.356414395342 285.487404458939 285.216154830633
281.890612113719 282.229035196178 282.19553092766 282.113034510933 282.311254884212 282.151275390761 282.5862660327 282.202758684029 282.496392204607 281.965743584018
280.445922300501 280.599386845256 280.459062090912 280.900831152593 280.722699837296 280.645287505354 281.021805395473 280.640697135064 281.036145479716 281.124771150816
280.964145746024 281.570408741448 280.90320820224 281.075202769686 280.963422619405 280.68635004237 281.265598420861 281.300441101063 281.598059086461 281.43154840906
282.927656815083 283.311414244507 283.414646574965 283.67048368258 283.519359588214 283.300433802817 283.355857617367 283.243227840262 283.777858178488 283.590384790304
286.400876941464 286.686981240643 286.62141422662 286.780657940281 286.545706018589 286.571988517918 287.112280926666 286.802931350439 287.079673326126 286.968713009244
290.015548358062 290.441797745838 290.290197404721 290.269817390724 290.197329632338 290.362000624166 290.444102806047 290.098163010465 290.507368816566 290.428815553114
292.988764211783 293.270370380118 293.217485730112 293.271683879496 293.20455547927 293.318054167804 293.449572762288 293.165894415932 293.522385254866 293.555157962449
294.73738952661 294.999346433369 294.95209508494 294.778532944435 294.874402977063 294.968667367399 294.994875865138 294.904727633872 295.178147539128 295.121835244513
294.628300778844 294.899734260678 294.850494405126 294.736144198085 294.803173146281 294.960785898716 294.833736182038 294.693819216211 294.938448431576 295.004233260177
292.522411069348 292.791458391876 292.696445064912 292.72856300767 292.580445301761 292.676503545881 292.634825599597 292.498896520886 292.715048925959 292.74056324817
289.208040868266 289.285532663516 289.317976804053 289.393017678007 289.097473234286 289.419944158096 289.293698238542 289.190814052133 289.427815344706 289.50545575457
285.166499540038 285.331707163775 285.402722115075 285.448358661857 285.302046314386 285.736569296953 285.353278638196 285.347288410082 285.626202568685 285.466365512063
282.189670143687 282.416941254055 282.692677364292 282.087894992578 282.446476060669 282.680054606195 282.637078151088 282.227750904231 282.718100088127 281.98290850517
280.822953756031 280.937681835312 281.667752927369 281.109963058576 281.188502576839 281.321297980116 280.890480069349 280.992194519053 280.957739808491 280.872313198919
281.350784923491 281.088175031523 281.691841614762 281.606452925006 281.217892077114 281.673821546909 281.266606607498 280.986018455702 281.177905047584 281.533244968169
283.359908090981 283.52029805844 283.850304819653 283.740064358551 283.654682151758 283.590326328416 283.303574766121 283.347297640646 283.10913955473 283.678014888051
286.862271269288 286.919173804221 286.936859837806 287.086873692009 287.008768089782 286.930438888175 286.359790994903 286.819559603083 286.960685782706 286.892783011893
290.255008205488 290.366168411541 290.556757055873 290.474777846453 290.465791357772 290.490974485222 290.010647455259 290.520816101226 290.499635541394 290.583723609875
293.331309793092 293.337805607981 293.501360385576 293.464918858138 293.411568791818 293.28794541974 293.0280649863 293.469820742947 293.400960483453 293.591774472551
294.907683039555 295.094516931155 295.10464212906 295.10772593176 295.043687907975 295.123282981782 294.734161910624 295.207530972071 294.953435978339 295.036853546301
294.945387237912 294.757579357698 295.137090301143 295.007346747168 294.819030586824 295.088116810781 294.583936900895 294.933893574461 294.739266472052 294.952968694337
292.632415218089 292.6914067287 292.979544103724 292.894814893339 292.640156003013 292.798353699834 292.395765810696 292.593326862518 292.584554680887 292.688072560423
289.513509888215 289.42211636513 289.527684626138 289.518838398981 289.261514417081 289.23489869443 289.13852511495 289.115022140075 289.205668997204 289.570261504168
285.304413692096 285.410981345798 285.586816741498 285.866142097376 285.306991278682 285.596214722587 285.520497976872 285.525012090059 285.05134498004 285.83261932597
281.761610125762 282.283420751521 282.172579633879 282.512405510544 282.219352019701 282.287481038985 282.179342594126 282.543266329309 282.22472540721 282.465950328432
280.602040527365 280.668513773417 280.635953230488 281.420837888941 280.95385849156 281.331173727915 280.581223623466 280.568666065328 280.993855749583 280.508673075274
281.446652391615 281.40609911855 281.460516828142 281.958824043294 281.75826454718 281.577365047075 281.391518984896 281.19507964758 281.596207058659 281.391087329392
283.408740327411 283.458343796218 283.763469198545 283.740253794294 284.050149036219 283.488001595525 283.306971488651 283.720551803999 283.890835147334 283.23194998452
287.12308498538 286.812764790185 286.982718418463 287.011352253682 286.989862070307 286.918615393853 286.78935823976 286.897835023004 286.834425994047 286.813112947437
290.530709754912 290.305934693499 290.414409832863 290.544035349029 290.349257258174 290.476957352619 290.262714062368 290.489838340679 290.410528050231 290.40363487781
293.514212553828 293.415904388853 293.464172617132 293.510712534655 293.335730817798 293.293251771564 293.274682262918 293.565802220338 293.35321162228 293.445376971289
295.164739400383 294.906216464452 295.093957428304 295.11444553348 295.096293660091 295.04387900609 294.924995528713 295.294548046388 294.98547584655 295.277889692684
295.147557076074 294.816179746025 294.882105092092 295.022294734221 294.949094616202 294.826073583851 294.866689575217 294.958424862426 294.988337701196 295.108803910373
292.937883131928 292.710410330279 292.606066127367 292.84795833122 292.724326222577 292.810713525069 292.603254713613 292.700693757926 292.68176445566 292.845787413136
289.587435084575 289.232595085997 289.200509849228 289.491395914901 289.41258660443 289.292189929344 289.357688387514 289.332316090522 289.341393732467 289.30161216811
285.968062865301 285.20038594123 285.39820349561 285.437658757901 285.423072261612 285.30080464631 285.299217194253 285.368302690656 285.529581527691 285.025181751505
282.751483629192 282.450061085813 282.252701455557 282.168800346869 282.408392080216 282.466818357557 282.045628823647 281.985130203098 281.92729039415 281.963541133933
281.239271475399 280.978809601691 280.937015450287 280.874826158012 281.054395077894 281.096032868204 280.828438222738 281.04675373453 280.869295898857 280.663007866834
281.744066087148 280.876154815075 281.58364689487 281.60347826872 281.488592271116 281.29455730286 281.338757996778 281.556361394604 281.047124869899 281.233041928183
284.020328376301 283.514935265378 283.856673770435 283.869702726224 283.490705576586 283.468323032812 283.695833100302 283.442774727755 283.304228724311 283.582294412751
287.359790977356 286.949618804339 286.968588427779 286.863529666806 286.683108170542 287.057323813527 286.95375911111 286.508687373485 286.791438717006 286.577192768712
290.610242986331 290.459400301556 290.62404211705 290.43373181419 290.384902657298 290.347860734191 290.348654798363 290.239102627729 290.131619058393 290.380932516635
293.627222145487 293.362584895296 293.606191204602 293.496773442531 293.484013918107 293.423368111346 293.435350231774 293.256186495194 293.113393630867 293.274338769143
295.310969583553 295.031033980722 295.216786741904 295.0610195751 295.054093127691 295.057894244236 295.105057227926 294.937298760035 294.875841497124 294.903126908857
295.088610957657 294.812470521046 294.996447619626 294.810812904074 294.853468223388 294.862328804815 294.938876468902 294.828525815734 294.716246570655 294.645067400453
293.061337195149 292.573616121985 292.636544196279 292.747122340972 292.568729359563 292.599866984273 292.797099252167 292.432903210443 292.504627845833 292.326037549306
289.624384470874 289.258497968254 289.048548896915 289.385852047726 289.167268160598 289.191959362719 289.429024766664 288.972033126571 288.993586151932 288.993327418248
285.768413173176 285.153066871819 285.294308626294 285.662171199457 285.231568313432 285.452440589698 285.424400330565 284.973768459964 285.012820955004 285.137806447935
282.620310152834 281.667693309769 282.00069997289 282.165003376515 282.48124141087 281.882153125384 282.647095160925 281.934511095642 281.980000615077 281.722362885992
281.02527175996 281.177109555081 280.759183102597 280.848601585802 280.846165658071 280.690813175139 281.05850750713 280.702900313967 281.01032408995 280.775809936003
281.865073441982 281.334977313807 281.208835405042 281.241282029153 280.734282762548 281.707483632808 281.618029193897 281.000342784401 281.074537069999 281.284227052975
283.668910618722 283.125448088759 283.469849139713 282.950532506435 283.214200741432 283.52710476347 283.402355530842 283.13463264455 283.414062535083 282.799267189396
286.643899841021 286.734635940149 286.731671260694 286.801119491356 286.676039235659 286.595898811141 286.878437647683 286.53487141221 286.858973427964 286.544143311706
290.249919880226 290.142551894117 290.26026898149 290.180669991942 290.070564541392 289.996013407981 290.080577577736 289.999295543196 289.988816950836 289.701705162742
293.277253551236 292.904698494473 293.069712647033 293.058228988611 293.099220617545 293.07980074246 292.996897091089 292.985016641864 292.973875951787 292.580791696594
294.798003014221 294.68961593584 294.744539372599 294.892734938148 294.691468008874 294.612871328275 294.839142168212 294.805848506115 294.540471229617 294.361951970187
294.767771370983 294.513123054262 294.591001539486 294.478076044644 294.498763147372 294.291288849438 294.669921688727 294.575690546646 294.374264290343 294.262640430713
292.358868053584 292.468769639546 292.513327379794 292.349477858683 292.278283102167 292.096969422132 292.469844357952 292.330678701767 292.242264170789 292.036094491409
289.146354384813 289.133773538856 288.890996008473 288.999821668817 288.668012388411 288.922621832442 289.030359323399 289.008793400102 288.882981562877 288.802720599679
285.152544460135 285.161247197915 285.104571652214 285.188775698796 284.890433650104 285.239229222144 284.89625673275 284.957452098477 284.80636453199 284.7178979814
282.11148361649 282.295879497085 282.556978534635 282.202493994985 281.635445607156 282.178649140711 281.663244915518 281.739803483279 281.881544564755 281.463120383573
281.013832083317 280.798386559035 280.71084316743 281.043436570126 280.381268584171 280.651996352519 280.370441408937 280.977914019582 280.746051737999 280.300121592104
281.32685343085 280.48917991439 281.426559030405 281.50689356153 280.79731947502 281.255847494033 281.249439893621 281.136527862693 280.966721398243 281.244170670245
283.175841115298 283.045726616068 283.494708251039 283.753028910089 283.323448489664 283.325979617579 283.483695950541 283.364574235747 282.995867615574 283.674527918801
286.645942971316 286.705577487999 286.931430912102 286.735449735052 286.629764945683 286.939002463289 286.711309704207 286.74891146051 286.568098383409 286.740962287735
290.084567623264 290.195497060823 290.384958978431 290.192702544956 290.054450316438 290.118823258849 290.088555950281 290.307463141917 290.299886657799 290.051124617864
293.169394477771 293.269418405673 293.282259909556 293.286330757037 293.063547791325 293.082907312685 293.14820396811 293.153775109153 293.153244956296 293.17569300862
294.825783333403 294.915755054366 294.932613133055 295.031491746278 294.660561429455 294.800548167829 294.857082838308 294.869406643015 294.851640313023 294.912066695721
294.691072627151 294.713418609008 294.797805747911 294.881384543907 294.491280395198 294.666207302697 294.909515468402 294.814472030865 294.771360718685 294.675662048111
292.602129134025 292.572133915582 292.529197435916 292.46910568308 292.432139339366 292.422818102647 292.629848148614 292.611884311711 292.676915870228 292.453712752422
289.128783783324 288.967438505873 289.187986630141 289.172370087722 288.889625212602 289.088180795648 289.177836822654 289.095656920622 289.320876403411 289.24955141381
285.303386983011 285.176336392442 285.157612807233 285.131350315902 285.263945687041 285.192030323489 284.927675634553 285.285278726145 285.431479157101 285.022750912227
282.274331606464 282.119069313249 281.973973000882 282.097139444381 281.798978598438 281.890440170334 282.052359338096 281.947896563352 282.402339143212 282.181044444265
281.0525491157 280.558912695312 280.71660418126 280.824315366989 280.676046809592 280.546486693034 280.847664157354 280.651972245545 280.796506142786 280.681925923188
281.31102901287 280.961322449947 281.158768150219 281.369633254745 281.428394755227 281.011763656276 280.984824432851 281.183612390807 281.475244707188 281.613275247673
283.163772135918 283.341790580662 283.399674552022 283.160753113605 283.076811523758 282.910864321387 283.458437804624 283.136043157816 283.593787925067 283.420056041921
286.594207893095 286.56533180417 287.018776008041 286.562288316467 286.455539841337 286.47293087401 286.663641735453 286.856324065376 286.865205847603 286.630555784011
290.167540221027 290.305926254057 290.419969991166 290.305168711399 289.910265847762 290.068495953395 290.158824561267 290.394884896109 290.34676445266 290.241656041833
293.169941221361 293.295469876473 293.287825793911 293.252771134279 292.879721639241 293.231835479436 293.248858492828 293.301018757254 293.287848486918 293.227604683122
294.865998056003 294.994785582754 294.966661038341 295.075640954298 294.687509364505 294.873732137919 294.770650693973 294.793129030872 295.102567817613 294.979311257756
294.782648225453 294.798605849852 294.821602674822 294.903544136138 294.665416495183 294.864059558802 294.787104310819 294.709348295123 294.901929524711 294.753304914102
292.433485743747 292.618417312069 292.608592190711 292.791415598725 292.409432301134 292.678689413902 292.555330954663 292.503615362523 292.616852479551 292.631244282163
289.18525416686 289.343539036595 289.273113006596 289.345803874935 288.937215410999 289.230791224328 289.182630604433 289.10476080271 289.27552573274 289.239291172309
284.959262308619 285.65523238274 285.228877222941 285.546424708822 285.043641684599 285.34942474542 284.863227732968 285.057924212872 285.318811168352 285.362876090412
281.686961880341 282.318607698107 282.461053474982 282.232453130748 282.15679198541 282.321134803727 282.074934552931 282.08739026754 282.413911843888 282.131025426303
280.623443900714 280.972801396188 280.963922216788 281.151248955667 280.540224677035 281.030110630109 280.978184825219 280.804486749973 281.144748164933 280.867138180531
281.365219748552 281.308746060799 281.773040410695 281.667678226049 281.399775810167 281.066069927162 281.480180475185 281.198210975748 281.291054714785 280.973176528807
283.084443541611 283.484102346645 283.372204973489 283.48332509901 283.478701249556 283.617141561557 283.580812958879 283.863513242721 283.365679085049 283.353453096949
286.681039328938 286.786355019424 287.106225730414 286.999163531618 286.842410521689 287.091857466108 287.113378221629 287.340604756214 286.690258684548 286.833843282863
290.49369627868 290.247738261996 290.607847833209 290.489037950796 290.38994426341 290.477561161301 290.44496914697 290.692652355531 290.327781564009 290.25847191231
293.320386951589 293.31760204071 293.391696123897 293.545197138486 293.354221252022 293.39708666845 293.396541942829 293.469196297285 293.25666861403 293.191152850929
295.156477556828 295.013169015764 295.038217405352 295.311041604218 295.185168333586 295.158425228043 295.002401358616 295.232365816803 295.026569748112 294.872617532912
294.98491917337 294.895392346142 294.865359531333 295.070183336914 295.135200678694 295.088625703803 294.977222450077 295.065842235426 294.871364205165 294.751129071756
292.78887129039 292.592789782937 292.677198056241 293.021968234213 292.927028150007 292.812358305394 293.02514569501 292.968286799164 292.434975578193 292.492756623665
289.311324218748 289.448808040792 289.296823394088 289.659668334381 289.315002870947 289.49242719567 289.607787387567 289.617843101561 289.257322892266 288.954195702296
285.189431941858 285.432585877979 285.082164900939 285.856241813344 285.439805110513 285.622459540157 285.466536395107 285.93348513592 285.275098110446 284.908430230991
282.620660913302 282.659574875491 282.076715550497 282.893340616551 282.281313901292 282.361764572386 282.396563740983 282.89038589438 282.131900613958 282.004753105102
281.451405042799 280.760124103258 280.300962296578 281.147540587949 280.98351928489 280.870071804363 280.920116557425 281.295637389338 280.967801954785 280.530833144765
281.393251868949 282.120236615501 280.955496907475 281.530394902128 281.609912864592 281.350280190161 281.565929472016 281.518648250488 281.310638494005 280.60047532883
283.299537524721 283.875782107145 282.92667040508 283.6883032688 283.758193053874 283.914987738958 283.591515995207 283.471878680607 283.511292283276 282.708573881692
286.67273902628 286.866563211991 286.635218411007 287.026460628422 287.134860447569 287.115012961364 286.895568741666 286.709132960685 287.081193964645 286.514701886144
290.456057735503 290.594200814409 290.167870133379 290.247942314301 290.557512727453 290.407937789369 290.366330588258 290.515457211149 290.494834137633 290.200243607216
293.294192560609 293.612011116678 293.149049582918 293.378477454004 293.638464102585 293.517792567694 293.432860244784 293.434218741988 293.29215450424 293.208487127031
295.037860419803 295.158351224853 294.943693497407 295.092158555682 295.320236519385 295.271695937438 294.961537867052 295.158828226234 295.011650729676 294.94318352982
295.039153329652 295.000894519712 294.97538081789 295.007568619181 295.16892678693 295.207808208292 294.867217998127 294.88925894607 294.86494284618 294.775933000231
292.819048629365 292.673097191432 292.873451566178 292.837345194196 293.018384374506 292.985673476693 292.724024041318 292.605708252114 292.873167028939 292.524061107187
289.517267942681 289.466156062663 289.470966152612 289.412439997802 289.456994920323 289.483535069076 289.405030807923 289.169203382347 289.457966968243 289.045322120174
285.45876746312 285.548444479177 285.373311273096 285.025650587918 285.461802544512 285.581471992861 285.525231977157 285.416349013685 285.454626199559 285.149510561029
282.665334062471 282.536572932768 282.481771393627 281.79391473592 282.331066393072 282.549225288983 282.845128350651 282.3369666862 282.436611429446 282.077739866151
280.967084548234 281.003537740226 281.31533016493 280.8270847891 280.870902502912 281.333275423983 281.062179703673 280.844733337605 280.90579153554 281.032761811232
281.050739638207 281.14303050825 281.54190122756 281.385062378322 281.113374441781 281.766179888574 281.083131294209 281.191773071429 281.548324438122 281.9553534202
283.310517798853 283.790892710597 283.442129052582 283.752127202881 283.393351952507 283.429535447404 283.225366969031 283.543834775243 283.430532544049 283.301209879611
286.76497949743 287.225033354403 287.112821483526 287.135358090748 287.003491604343 287.090256053652 286.845891629943 286.801421133387 286.733645854807 286.611409254733
290.598896719907 290.377423410475 290.552710917344 290.470307016742 290.35483056865 290.453990067313 290.414843011038 290.205561734258 290.352045647196 290.307470337435
293.538895467477 293.361317612788 293.392197099983 293.211058627091 293.415424082695 293.463363922522 293.324732493762 293.285696807048 293.237811241179 293.324148706626
295.073274114021 295.098502306421 295.131031446635 294.924184189462 295.119335113642 295.123314303235 295.145142413717 294.969386565634 295.06777379698 295.114139261186
294.943440058562 295.087766159953 294.999024816935 294.852368115898 294.798006592795 294.942950551451 295.136348432354 294.927678512976 295.02797581428 294.957311695879
292.60195472057 292.921853365937 292.923093617314 292.53705157479 292.576111375167 292.91915180689 292.836880376116 292.75694205625 292.824252326731 292.784714546754
289.458757538416 289.667704762843 289.534729274619 289.223418342149 289.008868976495 289.329455005699 289.47162382481 289.621924380625 289.29806370732 289.53849843625
285.584210038397 285.786473515809 285.717370952773 285.265841119235 285.2979524586 285.505458761687 285.40539911249 285.879948560046 285.64037644143 285.397277941835
282.566067622381 282.862721155396 282.258559432445 282.38283729294 282.199978903443 282.112596702503 282.577587699863 282.947832570676 282.089052694994 282.370951420828
281.039868339499 281.72025330913 281.314815205382 280.822171533273 280.899352485081 280.79058277041 280.704983193561 281.211881390667 281.05585179456 280.450416663578
281.46629927009 282.059681057221 281.969816229917 281.439801648835 281.54515759246 281.501142998788 281.274068740501 281.510104862032 281.938424458844 281.490309920035
283.733832085772 283.894703234513 283.661632782001 283.447250073231 283.670279590504 283.431859725571 283.747580599496 283.755144402948 283.80041351803 283.309975003538
287.049334490811 287.237193344454 286.948051329307 286.621058964277 286.895293914937 286.676499359822 287.148682178657 287.098642688689 287.133949901536 286.764616127679
290.587380334316 290.770751607842 290.470753419582 290.418347063672 290.487642838525 290.162294251362 290.585380549578 290.479552332502 290.525076076939 290.434842465729
293.437541757345 293.539983660999 293.569951118014 293.45057567726 293.477020274725 293.181540636817 293.573904215356 293.449084280065 293.537514505734 293.489678903017
295.224904684142 295.38778182008 295.375635091762 294.978114411796 295.280179136447 294.94287117065 295.18273967754 295.31493296473 295.14035113894 295.098626059126
295.072770798212 295.357107901087 295.315310176985 294.974349214935 295.123177701605 294.853652449562 295.168327775347 295.092858235245 295.098269832561 295.004310902879
292.997960814531 293.126108553974 293.074034922501 292.782672279851 292.884561157346 292.559734071383 293.002755857441 292.756191713745 292.835968441744 292.790159926076
289.383738872011 289.829322905042 289.598518038111 289.510064891495 289.397667505407 289.17254658368 289.501113317243 289.328017977218 289.48012777983 289.510970013628
285.470743580733 285.533666260457 285.761590342008 285.474421828488 285.586785734628 285.255343892151 285.703166696759 285.657790057481 285.524791763037 285.636834054434
282.676826506066 282.899581637554 282.715439637003 282.42731001919 282.608926611907 281.951659724792 282.691478216615 282.453397581566 282.434088036112 282.441699149921
281.352569625154 281.349971713197 281.394971807203 281.460629472436 281.169165482234 280.459767851882 281.088776009919 280.904938003451 280.70189641968 281.036235694623
281.222001761834 281.856423636313 281.987811236807 281.679865732148 281.351814813918 280.944089235614 281.928452602425 281.745923269444 281.640752179574 281.424906255744
283.49415731314 283.699760745987 283.783740711523 283.638841164007 283.634774863769 283.550588581399 283.669184224912 283.843244212073 283.666272145119 283.36669158353
286.908807997924 287.169043771945 287.416605675758 287.158213082396 287.062110447663 286.662426645668 287.051363125305 287.098758779984 286.735344959046 286.584733480488
290.703674704723 290.751744661678 290.860394159285 290.617923167403 290.515146439737 290.427176362735 290.580797495622 290.849890816063 290.300852993131 290.698445397025
293.629026387109 293.847625330386 293.623461095491 293.625469236645 293.535025922985 293.395216508774 293.605008439975 293.58755848022 293.498354882349 293.691182896592
295.444547243306 295.413481314766 295.403461281344 295.430599710314 295.153476248699 295.022104330176 295.317466998513 295.36135174722 295.164309200028 295.308468858075
295.48865592586 295.321221767299 295.254716343747 295.41876849376 295.244686511242 294.966717848323 295.254632068359 295.088209270857 295.246075138815 295.248397656047
293.2353320557 293.195280537998 293.086757860752 293.239861119948 293.04445492239 292.820560073062 293.201732816413 292.702578293767 292.987382791349 293.056457452017
289.680403614907 289.727603338076 289.6245967829 289.706515143564 289.744780128455 289.432294547788 289.933278242929 289.577823068328 289.502847852851 289.423752531446
285.843595057151 286.034782621011 285.774342054082 285.970624243038 285.771887066208 285.734803797666 285.939087039843 285.804571148843 285.893978798077 285.325316651218
282.676943623903 282.64872099486 283.009881418694 282.845912849842 282.943565615185 282.667866705865 282.976887117541 282.499954761027 282.437036623345 282.372891494962
281.511836137748 281.472186752865 281.695029093357 281.15302678508 281.746871224345 280.807834995294 281.905807134713 280.890066452497 281.054081922008 281.048058340747
281.829198284972 281.455277868441 282.173963356033 281.981112766701 281.788831236952 281.32223822692 281.987043591954 281.267534909884 281.627516594882 281.22802031951
283.71322372905 283.951387515023 283.768118704391 284.515100260415 283.772979983977 283.778771169782 284.2404258172 283.762312114362 283.543523572631 283.711101831189
286.993634755623 287.18643245056 287.214681692302 287.426999912566 287.475844126591 287.202514293363 287.280487712823 287.087317084656 287.089745095353 286.98941022699
290.415425041555 290.561940940164 290.785991522299 290.943852598782 290.709336619755 290.461118970999 290.643126081639 290.540718800277 290.476489712532 290.56746048808
293.749980277238 293.662697755274 293.71252885076 293.861215404146 293.75669536776 293.455178713559 293.776411700902 293.415635887509 293.461942035404 293.55272953331
295.443325321144 295.396706852593 295.44604999934 295.540278426136 295.447020379695 295.262801731319 295.532668905368 295.055225322675 295.099896975775 295.268102627648
295.250813204087 295.29811931932 295.298991788805 295.355055453569 295.275148204632 295.266111430584 295.379037902803 294.972489418546 295.082576818348 295.155695258916
293.172335791719 293.288770828852 292.933647381888 293.229459431067 293.124482089161 293.094189946242 293.120494060083 292.888173550521 292.86930378715 292.988579445209
289.836263397607 289.784353343053 289.716981855029 289.899242159329 289.904572461087 289.614439278979 289.822395836886 289.525147958313 289.493186543688 289.661064955652
285.987835167748 286.249328275102 285.56880812643 285.933208905342 286.192428060251 285.338568108351 286.047378130833 285.852342396803 285.455311385018 285.407719021012
283.156651448182 282.967720063652 282.139933599347 283.005233820049 283.326196494681 282.22086779676 282.918333400115 283.097528488053 282.545418178189 282.449609652804
281.302095699702 281.278751486706 280.883962411706 281.764673037012 281.467953409291 280.789117913188 281.466518986924 280.960072982202 280.811618164303 281.588051346331
281.568451596758 281.615848173461 281.430838799395 281.354546522222 282.206853873548 281.888321861869 282.072597833182 281.384463430687 281.529703998496 281.427758884953
283.604288069252 284.112753439217 283.681007114362 284.044118656406 283.989850575753 283.813851134153 283.832899682396 283.659499606837 283.868049725776 283.848497772911
287.20496903064 287.584778945998 287.385830099178 287.373869466767 287.210997388479 287.059286355298 287.317351995662 286.939445058957 287.188163778906 287.344627982978
290.900714548169 290.923619226528 290.608441205735 290.893570594913 290.931080298785 290.734322127303 290.544435473309 290.728681816079 290.36042072488 290.695728573292
293.723183512965 293.876223516062 293.60005218126 293.792400484833 293.921471651724 293.740316336149 293.656703111519 293.502000923441 293.445431255938 293.771194267281
295.443119181657 295.626620174751 295.357383941081 295.572657470789 295.569213420434 295.492760615685 295.287552771958 295.329778310161 295.193104897141 295.566006949144
295.2661284379 295.479905303678 295.082740606603 295.416876593221 295.437066511183 295.349379514679 295.098012249177 295.199416664063 295.089063221208 295.304059999953
293.072995399 293.294643207066 292.857440101156 293.283783082551 293.249895808126 293.012182872804 292.991215377879 292.994509842973 292.944916376594 293.033029826129
290.041329177549 289.920360738367 289.658196302186 289.834444337754 289.757073593661 289.874331883436 289.65178595812 289.647216838978 289.59547295719 289.47141964582
286.26697230885 286.086810912954 285.408091526052 285.996191998359 286.088846789726 286.210660944746 285.722627339983 286.331889559182 285.296368110459 285.899118547944
283.058045225265 282.878576412367 282.575600770379 282.870325463203 283.061575690198 282.962937166909 282.313320840641 283.125838656536 282.090603453352 283.028761384662
281.581342292283 281.566776535567 281.021141176538 281.399112942447 281.40141093464 281.103450329618 280.947246197425 281.623368848893 281.094335955396 281.310481201755
282.392064287417 282.250933487313 281.669468665989 282.107888811529 281.574940991874 281.904549314709 281.144531840338 281.830943339856 281.72495941193 281.992030010623
284.149602818441 283.730188915949 283.853721434504 284.057867268425 284.035738898462 283.78060647675 283.807131500925 284.108456772625 283.966696443493 283.655573354016
287.52441650072 287.205195129467 287.20783750614 287.423475263836 287.277206177894 287.096606023022 287.087129937816 287.352643955229 287.022316750711 287.048029727848
290.762109513153 290.825143709079 290.798053569124 290.882093505331 290.627912124324 290.629298189118 290.658092749053 290.854438856247 290.80099969601 290.569271304448
293.762325668443 293.919881347559 293.790204609077 293.701158088905 293.737293984925 293.618726652505 293.490094671084 293.916007425783 293.568945209968 293.629754969093
295.615280005136 295.689039580056 295.549633851484 295.402402875572 295.447272794299 295.243635914832 295.285442765914 295.462329187067 295.356404607157 295.340405303274
295.408632693022 295.496464574799 295.272556984502 295.361279803396 295.373521904707 295.280892380908 295.158927624306 295.305436106905 295.405121534338 295.181695717771
293.210216943283 293.312286033728 292.980776831822 293.12236780751 293.29375227176 292.984465872279 293.078922144218 293.296713325934 293.406918957898 293.202399571743
290.019663372507 289.991900586011 289.741600672129 289.599131838527 289.900566998434 289.839970222177 289.593804850933 289.886278078001 290.074921972902 290.000184997862
286.596938624926 286.078072699613 285.924998419022 285.607009233492 285.851916712895 286.099393898388 285.792753208301 286.259627571837 286.115750751312 285.995229706306
283.18219980985 283.071838627455 282.801098193883 282.919900827945 283.079052434286 282.848045485476 283.035173126331 283.003650698108 283.05268362028 282.284243769426
281.39196005122 281.737317950929 281.896135544282 281.68978582705 281.497918560821 281.416265520757 281.686359327208 281.582175470464 281.577864154862 281.249606991164
282.067956123281 282.334183754204 281.784664688085 281.947961187253 282.110759156307 281.229987017672 281.949616068295 281.762952524946 282.14505104193 281.414594868931
284.087126465415 284.276171572229 283.951731713743 284.192992200121 284.351715072982 283.505569925157 283.764492327678 284.539824313862 284.325950755069 283.664920559292
287.367044471621 287.481609626567 287.154604281791 287.210814956046 287.30770862514 287.170185258268 287.067929194212 287.510626580457 287.356742811177 287.161755612544
290.72727070099 290.937120280373 290.709650509655 290.67453598546 290.96553624206 290.630334426006 290.727402611636 290.908479946441 290.880855832937 290.7279701643
293.622773506601 293.839325596833 293.575908176192 293.639714509874 293.841578429655 293.593186339254 293.593008648676 293.826496412891 293.796433553963 293.646462113736
295.416994474328 295.606573143672 295.278978867059 295.507163670967 295.56813065355 295.314429515928 295.585153655187 295.576226684355 295.689861304814 295.407462027161
295.432195707785 295.404863195692 295.303973978158 295.46121156364 295.520124008299 295.243594254402 295.464800310148 295.503000720014 295.555496502047 295.196548672063
293.234558442657 293.059094186537 293.076752828465 293.250060651172 293.292914812955 293.027592063347 293.145608016379 293.258907310306 293.265571822549 292.914102741201
289.479554364302 289.804346550969 289.553991442213 290.041718847693 289.840004737881 289.543680148411 289.701671125378 289.845038639398 289.947771860998 289.794710295033
285.729113104329 286.049116985756 285.638646910196 286.272133918864 285.999654780333 285.785452361882 285.575215918831 285.855074693202 285.990559720328 285.673903030993
282.827798986755 282.920137642759 282.527878696453 283.22782479582 282.697980711231 282.777363154133 282.560491461019 283.044743102416 282.864697814268 282.511737829193
281.366387205249 281.610011000961 280.833041825979 281.336851224721 281.354802288314 280.979359640166 281.464749144041 281.567747458499 281.262349918551 281.929291023017
281.95515923739 281.513734355826 281.219066568771 282.305404168337 282.110113062315 281.950548624937 282.219608166873 281.890442524436 281.711407087538 282.1637334454
284.166006664432 284.061424237989 283.797657725282 284.094969135647 283.978544441014 284.283425652531 284.040976392518 283.866680125399 283.955458471129 283.90288144851
287.132885640094 287.452110558108 287.316603829289 287.344340225759 287.207555879493 287.167290097189 287.490898640217 287.281851268551 287.241218360789 287.225424190852
290.734127088975 290.710829768515 290.719888304061 290.812126931521 290.730118720068 290.775325124447 290.939244735778 290.763017119424 290.781328859985 290.841227911755
293.652219605108 293.738831417042 293.723957070956 293.85867503186 293.632127647192 293.804474388722 293.834104175503 293.73113713692 293.712258408579 293.759431321385
295.361661314532 295.47850328907 295.38502817932 295.618383819539 295.42284735767 295.512982025987 295.467920320088 295.329136182531 295.419190794801 295.470024753451
295.317329872293 295.47074195798 295.215521173255 295.57926434672 295.310550306012 295.399905202458 295.459222581342 295.179002429213 295.425752384517 295.38872135034
293.185520732195 293.263106972454 292.932743072995 293.281489100973 293.190067283579 293.10298702106 293.111052772833 293.157463430049 293.174596738546 293.310583253063
289.705147084289 289.837226184643 289.625375732057 289.987509492626 289.8101759499 289.619442427801 289.378828765933 289.810097260248 289.810831081016 290.009625131719
286.041313079757 285.97791603409 285.805820789977 286.091423608461 285.989377257107 285.823678843929 285.67932184553 286.005592555376 286.123664398059 286.134227226608
282.981618148477 283.2745164847 282.574793817371 283.046802187867 283.183961910256 282.854038795661 282.462593988915 282.457152508452 283.024065898869 282.924451104452
281.291214358951 281.664065245432 281.358988215557 281.528873551655 281.568460173189 281.601819795497 280.755973630463 281.441575394586 281.192165135538 281.587560795794
282.026298266947 281.957208571475 281.86616070921 281.578938489845 281.913307213076 282.371014767171 281.650665445313 281.863860241085 281.485872695181 281.522092405525
284.086825467124 284.557076845544 283.983577248111 283.970213593271 284.316730372383 284.2961058375 283.594894432275 283.852065832861 283.872929020185 284.019645410783
287.205724943676 287.739595292266 287.454109148153 287.40363306763 287.541013255113 287.262792064916 287.12549117486 287.340455813269 287.202438377427 287.367912688468
290.823600168771 291.05614285495 290.790532326495 290.767068665155 290.872913062705 290.684755297588 290.653276874746 290.855874175437 290.599683576487 290.819338449786
293.738020207964 294.13572791992 293.773357037685 293.83222463422 293.768771972615 293.676998999074 293.593904790605 293.811327940508 293.723105857043 293.798499254575
295.41408942436 295.737863494763 295.488596469518 295.577642457308 295.341020230519 295.474607700487 295.379787602686 295.474165177751 295.502588488615 295.478489328139
295.402965057441 295.558767392497 295.383493500735 295.325096230961 295.364255619996 295.249175656687 295.347300608012 295.470024744386 295.231053792965 295.325766452073
293.343647818717 293.339155380765 293.2171683581 293.18570813655 293.293150647038 293.361509186796 293.153338964383 293.169969421918 293.194375438917 293.170240863685
289.967841673137 290.073118991552 289.82880123407 289.738242461548 290.038092040048 289.884297728449 289.473127175945 289.82148426562 289.933826613369 289.563375304622
286.392565717799 286.239460856847 285.8429638973 285.685909591942 286.302887303037 286.506538091289 285.759203326638 286.062200782658 285.962361332016 286.035867922515
283.26076194104 283.030240854182 282.581413334485 282.415195529851 283.224270849676 283.179200683547 282.637291316281 283.103078002018 282.845581223677 282.982805208379
281.816606874106 281.625452689583 281.585809498876 281.40361880654 282.064042788899 281.471222096635 281.414971272378 281.799821299159 281.771250370803 281.049657128415
281.988965870793 282.096561100029 281.908018378025 281.832482851209 282.025772546385 281.934599636155 282.042005051812 282.378251160301 282.067695198692 281.783851670042
284.080339199842 284.205094550581 284.011170550679 284.114526698863 284.045309056978 283.815930918349 283.900247248217 284.521269378641 284.24701939316 284.013921839826
287.65388202983 287.496628190115 287.379542884688 287.287952690013 287.567476426399 287.145574783239 287.198914066209 287.509604440457 287.257984209074 287.238404738436
290.845870585766 290.902717581105 290.987890552129 290.689304556996 290.916697959859 290.69829706632 290.68340401916 290.987405538895 290.671676323527 290.725042504827
293.779122608863 293.822368972231 293.851563357226 293.699464368154 294.081816144226 293.772658606454 293.711943050499 293.737893958297 293.738723378274 293.627482809715
295.547001129621 295.527723341222 295.479344068122 295.664669073874 295.749699325757 295.470184946717 295.541055452477 295.540302136069 295.407983480165 295.361373918736
295.455872214512 295.48411845665 295.315694822706 295.39717436075 295.618662643553 295.499273845647 295.625036350222 295.590139506586 295.416710642039 295.239707393417
293.229899563075 293.475966793244 293.132852734683 293.248362073675 293.560712468712 293.252098596785 293.257528037945 293.42457836847 293.307639531399 292.922993471105
289.770882667244 290.039926390305 289.773644642707 290.015595923702 290.283121955178 289.818244559914 289.827494473706 289.957793458219 289.783855311477 289.831757350766
285.92300097327 286.368082967881 285.829777730607 286.341595534521 286.851682922336 286.222831126847 285.968399561233 286.206517614671 285.886018445855 285.825649457656
282.770198909247 283.35801991309 282.604230893749 283.116579760782 283.231811478135 283.217186857033 282.995416345996 283.130186897098 282.752877967013 282.793782543901
281.375978356996 281.613921373936 281.191015285115 281.863780779462 281.869416409202 281.132094424083 281.528171145341 281.456633650101 281.198055864437 281.608629533366
282.022833154692 282.199932827326 281.872121579897 281.9460370168 282.348015440292 282.195117645201 281.936031759829 282.193497583445 281.944534779885 282.2484207302
284.180318772629 284.496654880281 284.123108344537 284.05124891544 284.343770071251 284.1379419099 283.887889537552 284.11001616735 284.138839322984 284.299850000445
287.655684618574 287.7099896307 287.535401918918 287.534490692158 287.778677528244 287.232400965304 287.259011870417 287.554948079201 287.358055177635 287.16963381302
291.020342912615 291.053962631758 290.841973261019 290.980650065347 291.152993248729 290.862047955778 290.911996347739 291.060234728532 290.805612871382 290.71966969711
293.88649087583 294.046949338026 293.929163904931 293.86861180343 293.976612235737 293.880003081541 293.744890245081 293.95907413597 293.878258819652 293.619447205855
295.642480932733 295.91434758965 295.60103234543 295.609790350564 295.661456653206 295.742849875188 295.614683307839 295.667525663338 295.584405981074 295.537538612691
295.514416931733 295.689655041191 295.515977686447 295.649352092945 295.600638752547 295.543870636126 295.559113329854 295.605599777053 295.560318945365 295.438700979141
293.44433198009 293.408972799508 293.387712315403 293.51062905262 293.57457376398 293.336318493522 293.222477805409 293.245076128965 293.224192549448 293.366823112037
290.13816994327 290.31826432259 290.033813225837 290.18370377469 290.321601223499 290.070227461711 289.557217527921 290.042194986922 290.102871205417 289.934278263379
286.158138229068 286.761286371368 286.005204371894 286.690586871719 286.590952143039 286.047640568054 285.81450457461 286.017873663694 286.673153913503 286.350129128896
283.008463476933 283.480675546041 282.866391480946 283.552039883293 283.482181567907 282.894785030454 282.894844089036 283.225610082901 282.9938877478 282.814848814546
281.872101126812 281.932488306399 281.508468558947 282.046074833096 281.937351558454 281.131641913529 281.29811408687 281.974790026317 281.83292864852 281.683406736243
281.96652873882 282.734834466271 281.905220311667 282.629256431182 282.452598631956 281.396934936019 281.857027835317 282.234779984067 282.27924673474 282.105546584961
284.468679048665 284.198838439045 283.755386312749 284.417115447389 284.273364652414 283.823830901964 283.812373219214 284.224946243324 284.127215109246 283.925861680836
287.683690481931 287.501450725598 287.413097347305 287.355224320853 287.7534386906 287.338463426052 287.209878503128 287.533538930318 287.458370025378 287.148576433545
291.12022868044 290.834274842757 290.941753264158 290.765758340206 291.025513636796 291.063955211383 290.830962322477 291.070437890657 291.048044438597 290.720485340971
294.064916068603 293.765945412219 293.89190109599 293.858248242178 294.052451212174 293.86964658343 293.867259162323 293.930277331489 293.769035362066 293.845156566313
295.84738446519 295.555450133314 295.695927821647 295.629674588391 295.727095231822 295.494145543158 295.642905596674 295.668238168349 295.543381211914 295.509769745178
295.704051444202 295.589306228977 295.721511737129 295.398376416368 295.695447391919 295.502458741212 295.532968968603 295.553752440299 295.650581998908 295.36335007945
293.470260963938 293.398198308733 293.319069599192 293.312651252044 293.58294311651 293.357809770358 293.350224853022 293.359573778262 293.335430772419 293.24699892745
290.283143239018 289.985140878033 289.822612479317 289.855793932143 290.263882590603 290.25233389816 289.923475598494 289.969048848135 290.048406035836 289.955716388481
286.222137092399 286.546764275358 285.896822770563 286.091703132381 286.373568391385 286.454117985874 285.627589539183 286.24071686796 286.332120534874 286.45287435148
283.225030870136 283.332719786906 282.786954550561 282.633923839397 283.465123381815 283.2202194307 282.602484702207 283.219222784177 283.608311346345 283.401214728005
281.696157357767 281.824057358641 281.298138758866 281.428181793934 282.17773881333 281.661786921383 281.200948899855 281.729187033 281.622128668832 281.630335529128
282.309443901408 282.731063107689 281.708515883224 281.796181345066 282.340670856996 282.248152986194 282.058483012525 282.292904141895 282.295681026963 282.207623114307
284.538088307487 284.134478992287 284.093566206056 283.908186132887 284.484529305208 284.250277588567 283.826915248755 284.137987097114 284.373667190999 284.323798343904
287.620757761278 287.46723798141 287.446045788243 287.269122309006 287.754967909818 287.289316581228 287.287909742511 287.536428456995 287.474548164214 287.349410035945
291.224126988073 290.964129396007 290.839047681256 290.745016416271 291.255582665569 290.7776707496 290.876711673123 290.970289116393 290.986003584861 290.829311432809
293.991301117468 293.852142875175 293.831183727807 293.739520089816 294.12920595781 293.742727145214 293.919343413324 293.805352219864 293.985955772622 293.837857073964
295.830781892494 295.767510086792 295.523515350761 295.454632592864 295.862912232338 295.552954809709 295.568414429971 295.48682618589 295.735108195062 295.62480697657
295.685446345238 295.693137764363 295.463791810058 295.376249583162 295.662523486032 295.527705442713 295.45577166223 295.457477440225 295.513365662405 295.577723258106
293.500737163603 293.437666223066 293.236420992601 293.156843285799 293.578259163737 293.477879038982 293.304034869584 293.32285673308 293.302378558342 293.361416911416
290.251858830608 289.943759829826 290.043697747308 289.886641103788 289.978804721451 290.00880054272 290.022436613458 289.992391284561 290.018643271951 289.948954486135
286.540021963806 286.106823734677 286.239077086744 285.736576430343 286.404099247911 286.097047776901 286.147228043697 285.949187566888 286.255247358415 286.192724200706
283.33120159475 283.165295907508 282.579389247372 283.136587451697 283.481247021011 283.002159964507 282.601494875462 283.14164236891 283.16531153777 282.912543125881
281.468026717301 282.435293498181 281.773638553585 281.630870810097 281.985032821664 281.705029017256 281.76380441043 281.828967560331 281.556770206241 281.442098813451
281.931498794517 282.328942372292 281.993670511244 281.974219538102 282.469149451836 281.89012825286 282.430389090211 282.197425478943 282.31268649868 282.512708839808
284.119434332608 284.2218990328 284.2586518155 284.081944590833 284.423329497763 284.334456305418 283.941476557517 283.9505636257 284.152547281379 284.216749417804
287.508301338245 287.406182529967 287.508241538442 287.408818021386 287.546441905786 287.304580637821 287.770728373227 287.331698969096 287.373811915928 287.481203034915
291.144874954823 291.006618036859 290.984726045305 290.909557185425 291.034003239623 290.581176619036 291.093397635747 290.844944072197 290.837081996848 290.982055587039
294.117091041008 293.835510038558 294.028677059889 293.810841470168 293.964573561627 293.742637860689 294.147072346552 293.731949804494 293.907917204346 293.960630986408
295.722455882392 295.546481045262 295.748539741323 295.652668675505 295.776960856841 295.413120273194 295.767481907581 295.552321574608 295.70808241128 295.74328937511
295.7718174815 295.574496936544 295.644521349741 295.480554247813 295.74275560319 295.267105628429 295.596101737886 295.551408188787 295.457577675275 295.724669836088
293.588249025129 293.357767050478 293.490510216753 293.185869231653 293.443028949342 293.033631106637 293.316201933331 293.236683167572 293.193237961002 293.327633888636
290.094998175091 290.22287930697 290.057871807235 289.948337810349 290.114307984004 289.593489161066 289.988637312265 290.02569185191 289.94049186731 289.752067435481
286.301459441631 286.356452174249 286.430843266207 286.402582269616 286.365022743951 285.544404836762 286.43699902 285.956110426879 286.096301083845 286.185364907655
282.880397308907 283.05826678767 283.199598682689 282.872063340584 283.216960161119 282.334352335273 283.207440995962 283.354281475692 283.217052987005 282.914340943409
