282.245782721116 281.969255762041 282.403998184175 282.162981204599 282.496252630559 282.472420400969 282.164798805844 282.149197939227 282.435995556486 282.666419619014
281.314457859728 280.556867147166 280.774408158125 281.095888368693 281.445321244949 280.829395165631 280.587856890567 281.289670843542 280.808536456621 281.74402835524
281.679518614785 281.243017841488 281.623200291111 281.667119190475 281.749824041508 281.149782777926 281.533546175673 281.161456403079 281.414257823648 281.463788359216
283.362125460502 283.208660836844 283.811661042343 283.904308075252 283.768996694096 283.590994857437 283.320945928792 283.16337722446 283.364556592618 283.612700994072
286.586375805642 286.898915098544 287.105138620397 286.93673358868 287.173856120138 287.075810399615 286.575770110005 286.54041660864 286.718325483499 287.250766122533
290.325277598596 290.079266496882 290.531528962389 290.323349677816 290.636214810032 290.658845947171 290.094514686724 290.278040118789 290.130786286303 290.629141138945
293.375546047051 293.060773515676 293.367252127329 293.284311079331 293.342134599856 293.454596740607 293.176247399746 293.177488427373 293.209060841967 293.337871791197
295.051800572859 294.764285842959 294.908844248223 295.103559751025 295.214431694259 295.124715044943 294.892058040998 294.870160369681 295.04546298227 295.166547832734
294.932098878483 294.567153427086 294.834183706743 294.957381539885 294.880763038778 294.842044915438 294.816746691698 294.710032931323 294.823366425497 294.779894272925
292.512248863513 292.359744452516 292.668464600888 292.724492557931 292.62654283407 292.690193402335 292.543421532937 292.457273963699 292.630639708032 292.647354430223
289.296497505415 289.068655371566 289.390534721161 289.55901552546 288.973114943573 289.174505484271 289.246445016163 289.047002964758 289.325318042387 289.0969813987
285.698374604531 285.487089218839 285.859559812426 285.74578101042 285.418181653122 285.308909053432 285.440182639293 285.287648660243 285.563046588489 285.49188627051
282.229457985693 282.205996524644 282.267893198788 282.728730229038 282.263347413504 282.467606876789 281.99368556929 282.136304088342 282.610773663576 282.225820111
280.533524074115 280.629951214838 280.901639822537 281.165686131787 281.314697447428 281.157512618854 280.830992364714 280.671714150257 281.052683665421 280.389706586725
281.134122063841 281.088551061923 281.708756353495 282.064411421607 281.534289849733 281.644048383146 281.664743547159 281.447833586246 281.203409063454 281.119057108991
283.47766962723 283.153917191632 283.438884910254 283.673090086613 283.887005858758 283.550516742312 283.635754118727 283.111346044033 284.003962688991 283.279314590729
286.913091620251 286.610624771475 287.163382641438 286.88396610747 286.926482173447 286.743726284625 286.854869261816 286.743490723997 287.059931378338 286.770271823513
290.224145699882 290.22666906869 290.342289626022 290.400708634688 290.245708171821 290.372731586028 290.222575024282 290.120692119583 290.391812600146 290.360137575514
293.239276368794 292.959406865104 293.198856893068 293.309417355304 293.088387768377 293.075460332268 293.011357356692 292.886962520645 293.269192784896 293.102190565621
294.862599285818 294.626981321883 294.772354001227 294.919189699847 294.798114248533 294.55705631493 294.58750742765 294.562951763666 294.705959162322 294.662289782087
294.729495766253 294.40245094336 294.583008455626 294.783157485577 294.608653254381 294.44041741461 294.38317824822 294.29157026454 294.509157177869 294.593622430691
292.631288876162 292.137102725465 292.452506592408 292.340382512713 292.26287065994 292.376332342317 292.08299786867 292.0538374086 292.256163223958 292.198537691809
289.178101341932 288.600924792308 289.074671573262 288.918048677585 288.913540768926 289.045176856715 288.747260122436 288.551219521437 288.851600964095 288.874147817661
285.507449804143 285.149366441876 285.418826614731 284.849062342062 285.120282731102 285.124359922682 284.404000546627 284.744645153004 284.786491949918 285.380752513752
282.015940009441 281.826174360199 282.27985031542 281.900542143983 282.070055530403 282.160994508725 281.711368918445 281.706124692289 281.883382690444 282.511920952746
281.111697344263 280.483341909257 280.966547979392 280.106507110618 280.613589236137 280.680274620724 280.263510391625 280.179872952099 280.72198100377 280.988744475392
281.624188235172 280.934315520248 281.49105385199 281.007035491069 280.771697809226 281.438183150418 280.883032043311 280.772517892893 281.124309272399 281.287643273657
283.547633296927 283.600438431917 283.531163973153 283.371033327679 283.403710842352 283.264754825317 283.293985715155 282.961006216106 282.951370153383 283.725373388519
286.956629265345 286.748364466376 286.757949378112 286.461900946382 286.616504988537 286.668125932434 286.520846510301 286.649664168819 286.56953839931 286.947519905948
290.240520266056 290.036085491956 290.173989279096 290.073811313575 290.177601320092 289.94961161862 289.884976991862 290.00447203645 290.16872812904 290.277692348719
293.008627794232 292.886308528515 292.912934072717 292.908150728371 293.175651931713 292.865033297806 292.901224516701 292.725647350536 292.967628307433 293.145390112806
294.675165968125 294.50771819037 294.610237423126 294.412969768089 294.621678478835 294.639846299932 294.595959044284 294.396740254575 294.745685174436 294.759785309136
294.470585135523 294.339436687823 294.490816914005 294.36659959852 294.505699551822 294.476190669863 294.425602587802 294.173929828378 294.485752170336 294.72042644303
292.247890022498 292.259339040054 292.264906640411 292.169185306412 292.290975041824 292.197391441413 292.19418650545 292.052452302331 292.287304283237 292.638495594842
288.992998973343 288.700467593444 288.811428772136 288.743442264106 289.07147156997 288.95185999145 288.724727082598 288.759391906261 289.019964614724 289.356231573798
285.12259363995 284.545773942751 285.203908097857 284.766988646222 285.269145605811 284.92082198384 284.699609656546 284.491218101265 285.304734979902 285.438571721719
282.458947347192 282.106453858096 282.068547445535 281.556142845439 282.063747945234 281.59202846173 281.802097362679 281.852103511512 282.403011094517 282.786823061894
280.732208867598 280.593449149849 280.611892538943 280.602251653812 280.702209623014 280.324734668797 280.586791133821 281.138658361284 280.909490175466 281.35634596832
281.009764007198 281.675112993699 281.160261671229 280.685248657523 280.872181626453 280.985997147896 281.502678462218 281.653191280444 281.44940782136 281.648892762295
283.342697912701 283.643035202816 283.410101507786 283.209394026686 283.085535902349 283.119344638614 283.172934462795 283.649029251219 283.351736616939 283.757105653486
286.761270015265 286.767793729487 286.997800527342 286.640815720462 286.61394240301 286.62002568365 286.554302260457 286.57425825648 286.700479828352 286.953117908161
290.290387795084 290.104805913794 290.383299719606 290.061860238234 290.269517551677 290.125270242343 290.08213040247 289.938537179926 290.251728539271 290.484607354564
293.062369348236 293.059888777844 293.325443854383 292.977378715093 293.260644680705 292.995034354207 293.036800316135 292.996391041558 293.412291562604 293.350050916095
294.673728874806 294.666437808351 294.906609494561 294.792555340167 294.87862326472 294.749434901999 294.87804855761 294.579596702058 295.039042415345 295.140878475555
294.438070946438 294.4842053906 294.772984015791 294.707884773719 294.764539485802 294.658906388068 294.801727024268 294.424583499409 294.823285286345 294.879736272964
292.376227131539 292.217633192859 292.647658681308 292.477992884158 292.494365975279 292.35742972245 292.550509010711 292.212615957004 292.523116779028 292.839690890726
289.170383123854 288.941235698976 289.32191828002 288.892752975583 289.214718623126 289.152161669335 289.098426684606 288.870512765478 288.952040485888 289.398899707601
285.351360894525 285.116337770251 285.623417495214 285.152596018968 285.11723187619 285.153646743486 285.112568272226 285.000063618155 285.238983164739 285.811056339259
282.146892942821 281.838993344707 282.541209783491 282.220736130448 282.132198055445 282.150265906269 282.00663633359 282.195568580128 282.036432697461 282.874025728405
280.885413203369 280.625602296892 280.840007827548 280.853120382997 280.923297063094 281.186536138178 280.960945970855 280.704497599384 280.796626839754 281.037289023061
281.228591141829 281.311978421346 281.471986523226 281.083956290927 281.729224787273 281.343367906269 281.632011924021 281.32948056768 281.419212426054 281.959241637043
283.534292190084 283.101740314248 283.846554959686 283.479910492026 283.702437185471 283.641468327753 283.771181536908 283.521455864205 283.082701588391 283.817094889263
286.716235313527 286.821307968771 286.75578687372 286.667574347503 286.722464297316 287.157745006509 286.73066161572 286.729445707574 286.567070403419 287.054660834987
290.167403486417 290.226462540757 290.238672951002 290.403974918109 290.143809385556 290.501593588239 290.309444893908 290.117038630826 290.252196514454 290.395259640439
293.200733934834 293.146451823469 293.232884256658 293.158556287147 293.13580185259 293.190411134406 293.194595786351 293.210048004483 293.318305909852 293.399466579313
294.922072693228 294.802327046042 294.895215111572 294.808329389746 294.783559382496 294.888024295124 294.866556922455 294.849939738534 294.976015621936 295.155851845664
294.669189682714 294.723514553137 295.009112460164 294.556404034702 294.726146520584 294.840636183065 294.674320275991 294.763596437084 294.91880505031 294.884101697845
292.431478201765 292.532783883064 292.685193976067 292.24826314198 292.500490953099 292.670738349157 292.568107172073 292.458915933262 292.668830023964 292.788676612014
288.989026584107 289.259350006716 289.393026417754 289.008171032905 288.959326775914 289.408275148579 289.106379513995 289.121956061461 289.153362919121 289.475703271125
285.237540392245 285.070899228974 285.753663255815 284.942703984754 284.912400411532 285.44394051851 285.292356857578 284.888845134791 285.446738037499 285.369293446218
282.22238053385 282.246805244488 282.722506250394 281.91478702207 282.124999014479 282.465163760886 282.016094581284 282.088507878777 282.292810599839 282.183298693572
280.813106917182 281.1130690543 281.456511573574 280.563302200323 281.272840691225 281.227900165167 280.976397245775 280.335636307351 281.416846001703 280.801186937556
280.970579568075 281.400310940803 281.440332287436 281.128823522964 280.817016453593 281.391870064333 281.226504506068 281.521531781347 281.844895547261 280.975750600842
283.461693543125 283.570671213008 283.34635795072 283.541382503632 283.163383195504 283.645425199601 283.335808290087 283.56381468301 283.80941718334 283.308761981456
286.818081924805 286.901362624642 286.552025374721 286.781638113548 286.900125005428 286.794719804149 286.816018102966 286.827198667118 287.077455726232 287.011761921153
290.274379767772 290.371218967786 290.462456284647 290.063556295361 290.345033135958 290.539538766111 290.315851435192 290.118988907967 290.285490919259 290.409892615265
293.209620152454 293.209780981358 293.361495049062 293.045533915788 293.230049906839 293.357069607624 293.284302904688 293.187049073351 293.23805083109 293.291587804674
294.851300105689 294.850536596861 295.050408132263 294.749246234951 294.961424541009 295.012567868075 294.97479488298 294.914993319147 294.828659223818 294.923144400202
294.742876980146 294.637005316522 294.934080133719 294.576725441977 294.85056569276 294.848322874741 294.825189917417 294.747261856936 294.785351494831 294.809690119958
292.555782452635 292.464606874258 292.815733540115 292.321775168164 292.66151292594 292.621526198858 292.61063126715 292.414019575478 292.571621592346 292.567487193931
289.184911173724 289.256704460027 289.448697901532 289.099586471977 289.132151750819 289.510352103679 289.256559309244 289.074014162628 289.308703309002 289.134368352508
285.269991903911 285.557574968284 285.335613508793 285.296308434224 285.004305990288 285.799866298845 285.453930259688 285.161311606909 285.468204662075 285.432229861118
282.255905338336 282.574101750306 282.140975439082 282.515188077371 282.106424452722 282.514202462779 282.493175641031 281.840805277191 282.141857485037 282.429447208952
281.100190205396 280.83405723576 281.368308423117 281.060004674412 280.885537053617 281.069508978692 281.175494262496 280.693882786857 281.052468232077 281.093975807876
281.486459693944 281.420254323521 281.421964544927 281.482608364627 281.572665649792 281.624995350014 281.487907658 281.466482711402 281.61563980213 281.780262394211
283.656731499248 283.827730527533 283.994550570182 283.43298676777 283.865432950408 283.956359816111 283.827073233881 283.729253141568 283.797577516712 283.567535994143
287.007827382017 287.065083979382 287.002819449781 286.687440760132 287.047434134295 286.870979809343 287.119727769246 286.528861437014 287.187428365209 286.711556613507
290.50514742045 290.326467856922 290.381134857415 290.082658253829 290.390073645057 290.44604520106 290.566485735531 290.178878518386 290.486437889101 290.170509335809
293.228917966607 293.165289205761 293.443130148385 293.124242652624 293.377828573327 293.182484757253 293.375341372507 293.260117998849 293.384170609239 293.403541013698
294.801986894371 294.841937718506 295.065790419421 294.90507809066 295.081029427133 294.886765015059 295.048765568354 294.91358708633 295.078195530903 295.014375839638
294.83028261381 294.902794562212 294.923272217777 294.854025294186 295.007137365557 294.733192321955 294.938127430964 294.882760210928 295.091864656028 294.969171570196
292.674910495309 292.682116683459 292.578860944731 292.613193240803 292.580252662121 292.592311501333 292.80704506555 292.826191536031 292.848153214449 292.760110169002
289.482014485121 289.377827629669 289.432124975171 289.377403513257 289.124508826539 289.255831347136 289.247265231737 289.392455579475 289.346960725516 289.371689542743
285.618689645442 285.439735892848 285.7093742435 285.400117258598 285.269566379795 285.674909602647 285.584423980125 285.683100372827 285.47922980569 285.815423107254
282.796454608402 282.220689108944 282.357354996659 281.849049535914 282.270530932755 282.930218343904 282.249097797294 282.462745473489 282.25094974964 282.901642313823
281.751845116084 281.181697323315 281.269654642783 280.342111651498 281.212522388263 280.911541770437 280.80535159536 281.334585340715 281.073102106069 280.996295386387
281.519712358138 281.847467271163 281.471091315629 281.412954953476 281.772545634159 281.506774150273 281.517196059138 281.843949921583 281.843772392769 281.745654051475
283.905697666974 284.046967768001 283.316558569596 283.508840564768 283.529363915259 284.007076184337 283.441731494669 283.615221873368 283.979834161806 283.804389852379
287.355303220689 287.02576686945 286.679556335557 286.683624722196 286.704811384143 286.888785362487 286.697500261256 286.946632733419 287.123694379955 286.943900232624
290.611278809599 290.456711760627 290.21661703907 290.353827620319 290.404486511663 290.393182803231 290.265048266642 290.359824982409 290.387435717921 290.755464730928
293.527607739471 293.43188245671 293.490530474535 293.21170232222 293.347113795119 293.231423520179 293.237285709118 293.404513449277 293.393606325436 293.533948838408
295.091971439723 295.186796770453 295.102464705501 294.942554449924 295.01989476243 294.914431568196 294.910937345331 295.130103326315 295.120683454309 295.194557345297
294.938198697581 295.049539114521 294.861594648327 294.854107986502 294.799603159746 294.857295762201 294.777385181058 294.905935255065 294.954920228226 294.980838082622
292.777333405533 292.879768190832 292.561008402656 292.762976292734 292.652063437535 292.77277677621 292.594591377396 292.732148962299 292.753809872029 292.819942482697
289.398170868648 289.676643090558 289.397903061641 289.160525282991 289.0421904985 289.42136973575 289.158934113211 289.27129771132 289.272484870858 289.533114138298
285.704310315195 285.73259895916 285.680589161083 285.563465255637 285.432009056397 285.444713747351 285.280114911465 285.533566227478 285.29395509159 285.74592856722
282.326921410998 282.523381545097 282.444236270678 282.420182714033 282.156273207326 282.247199404098 282.343348626918 282.426543477303 281.9984110011 282.557221851041
280.573317868277 281.302932457225 281.277341556195 280.513632178477 281.132147267853 280.626462310717 280.988349108533 280.98239382477 281.101854774804 281.08106142105
281.211438605859 282.068801402941 281.638465120476 281.089245389966 281.872810577077 281.092736643185 281.669228138545 281.362400599123 281.432695755039 281.439659576792
283.785841387119 283.881319832344 283.699266716295 283.512532237586 283.550154520103 283.374074539334 283.658734198621 283.821269048843 283.97106201129 283.824443981195
286.823682342791 287.10672339501 287.165563012433 286.955739440807 286.759875926485 287.086644198407 286.835732335385 287.159783051224 286.949365018565 286.824446648543
290.05852616501 290.675665248234 290.540043514654 290.453385137977 290.434143953623 290.493572542869 290.264298979643 290.397997554151 290.446326561995 290.264425890587
293.234361921689 293.475393777648 293.447419466658 293.480147856976 293.231415962567 293.3294147874 293.198407962049 293.296992475271 293.553802300677 293.202460568826
294.888524165071 295.114399037688 295.215355984116 295.05366714118 294.966543833199 295.00185772372 294.892327031148 295.175437102595 295.18886258855 295.014532921939
294.731567486597 294.898453526536 295.078195730642 294.875564489693 294.929043273078 294.744449248293 294.770672300367 294.969110942382 294.901123036938 294.782978568613
292.417086084779 292.646449062275 292.841207235236 292.769081124151 292.745154474308 292.71937677034 292.669555977774 292.658587743214 292.683184065509 292.724386097428
289.092269732247 289.300724311717 289.495139083948 289.604369705972 289.399895535 289.494076695043 289.311581205326 289.27644232384 289.431634526206 289.339746991438
285.401436682125 285.482896729264 285.859767250347 285.547116295572 285.406660288876 285.792002114969 285.080157761019 285.486509558628 285.398247592771 285.434711070982
282.097602945949 282.5362594627 282.686532229622 282.698240379327 282.626378324325 282.542434480543 282.083220104929 281.855870752262 282.185351773031 282.32177730096
280.888227919763 281.059857154305 281.230473413959 281.345588534642 281.154388694618 280.899025594056 280.663050462635 280.95289388413 280.969107230881 281.301500674604
281.510227506404 281.945229537879 281.410217809572 281.457305444924 282.09125533983 281.546283238065 281.676828363672 281.74379942477 281.489841183994 281.364362755645
283.383241414032 283.907307912272 283.886846552603 283.5014364388 283.864007222309 283.749703663451 283.760418250596 283.445363332756 283.773646195658 283.503582656088
286.832117933011 286.974466644209 287.129745765676 286.770104742676 287.093077842263 286.987178899492 287.302998400088 286.858856517973 286.950337457585 286.724025918071
290.306453956113 290.451498203205 290.458969987773 290.4359632047 290.350155908593 290.494026685839 290.536721031899 290.471506949355 290.357054527916 290.237089463174
293.241884214792 293.45236376486 293.311287665911 293.189741957491 293.368813631582 293.334398166512 293.371464714698 293.356994379989 293.500511425793 293.497379547507
294.950836481073 295.198108100809 295.183519001807 295.095969709843 295.189668298039 294.976502353467 295.031039516775 295.015823163324 295.114982380033 295.25011404078
294.930679164154 295.033903969119 294.983418783686 294.834782916684 295.245197478028 294.747939627567 295.004068904999 294.819098059419 294.860414257089 295.007099724866
292.774265238698 292.907627493758 292.852661688401 292.717154958921 292.8526860681 292.694046434052 292.81350457495 292.55499894115 292.581121606183 292.846332806734
289.352925849793 289.423087741982 289.523110872198 289.410247529479 289.448337073374 289.06351674558 289.479156551481 289.451997659469 289.272731185725 289.639555085657
285.388013003746 285.632374067484 285.427120761638 285.517758784125 285.45340139103 285.285837294366 286.032110900394 285.597477586295 285.584370770998 285.446916466952
282.316429715955 282.773139947938 282.405836978052 282.456285209698 282.272896451276 282.222974481363 282.291332087804 282.352883029976 281.911134346293 282.471305179716
280.949316481337 281.516633831671 281.113382747225 281.229717763177 281.559997485376 280.592237004017 281.220222126436 281.002404080947 280.643785280807 281.023071228215
281.541607418976 281.540799011297 281.558699544465 281.913969559936 281.513582451944 281.248736421785 281.833423727941 281.50253281382 281.411130858462 281.262938063615
283.438766368639 283.900457307494 283.851423826322 283.800513622099 283.73406248032 283.319630952289 283.476732003137 283.675425204921 283.512619862632 283.469435401862
287.123402793856 287.094790219441 287.096188130235 287.103206724126 287.113260821337 286.81384781154 286.865942401363 287.164989913455 286.913344256109 286.6589693589
290.544151137211 290.5365506944 290.539350026767 290.5088951933 290.599199350397 290.1926387405 290.463648877373 290.426177703956 290.235937379116 290.278057135863
293.344776801459 293.461501102846 293.520891288251 293.473052295269 293.597299504652 293.278735068361 293.379915886336 293.441497736021 293.046497186054 293.318377125705
294.969100088 295.109103696385 295.164690308684 295.120000598886 295.132631930926 294.956585044353 295.02120937748 295.113031283624 294.723530198572 294.939344343478
294.786171111115 294.915211443303 294.880921231177 295.108433258786 294.891166088562 294.676992842724 294.830887009585 294.909887766387 294.723947757992 294.675662426773
292.600424463529 292.739622060741 292.487954792623 292.686336627604 292.633256884801 292.316456321608 292.485516238317 292.707093909178 292.435448861145 292.434105767709
289.255328245632 289.457068462227 289.055355396895 289.264907413339 288.870721179703 288.950223879362 289.149624691153 289.175848767265 289.183024308001 289.031609794024
285.086273134248 285.697494549034 285.38352017033 285.717361943791 284.987056572427 284.976008313959 285.118563833443 285.135663360914 284.932942497314 285.126817058876
282.058155753535 282.618032949703 282.370909877359 282.549321437058 281.803857953702 282.121780092819 282.149100770053 282.193847561684 281.871459616427 281.889111079407
280.713352529039 280.778263589603 281.255750081511 280.965939997367 280.530501816119 280.904552379365 280.461014884438 280.946018881562 280.436531213638 280.571554929711
281.045782382655 280.763308451209 281.255695751207 281.105002584299 281.566758550696 280.784929444403 281.327325150499 281.400327245178 280.818724524152 281.341725681445
283.237979678374 283.54383147514 283.500917192402 283.650791991701 283.564610496844 283.590883749985 283.555002775696 283.298022293295 283.487560822092 283.424006925174
286.604736261403 286.82934013991 286.712047031717 286.788224378353 286.60848614233 286.701063057443 286.602583542197 286.550639725788 286.991223284854 286.683355932909
289.99893044903 290.340553942532 290.01143560205 290.302887875544 290.322611428419 290.150033661421 289.812999315329 289.878759670155 290.105015880736 289.81966194544
292.916249372649 293.20248564782 292.950210628863 293.054288562256 293.11278764722 293.060914325991 292.869644447618 292.873562250466 293.024492705348 292.787809817795
294.689378123477 294.703958945065 294.609030610662 294.68337322785 294.608785976991 294.600887966886 294.651693241135 294.616378693349 294.838916157475 294.526436362394
294.468343677142 294.567789302759 294.530961715565 294.521730141189 294.466949866998 294.426573441177 294.487014516918 294.463882620197 294.593008657972 294.344294258625
292.100847082162 292.298962986926 292.381109409917 292.286849083614 292.25207803312 292.313597587479 292.22862168022 292.285906970784 292.304868437144 292.24283403726
288.674217143043 289.049262486264 288.956104655367 289.020571581665 289.105988905538 289.048549384079 288.911602640631 289.116114523573 289.025821730935 288.919269056383
284.691759736285 285.608138331053 285.152572016863 285.31017526755 285.057630019684 285.17111740519 284.502111854424 285.087744891619 285.144559321609 284.876110413847
281.980881516758 282.16352854583 282.400113883319 282.155608895091 282.434458681921 282.154965293351 282.059623560361 282.204860360382 282.296382839075 281.665268968748
280.511324004528 280.702344302246 280.955868758291 281.13795441486 281.112550015948 280.697890204839 280.356044682819 280.591995418317 280.597499464354 280.534847785739
281.264617255096 281.507833820616 281.665622422739 281.535259368436 281.088290788035 281.63592538177 280.785364802787 281.137465618221 281.029735742835 280.70176838607
283.015033616408 283.30871915849 283.713255334324 283.731775677716 283.726768952641 283.506225415875 282.933885569776 283.473889459238 283.406857577157 282.896928892356
286.780165639151 286.418963849497 286.731487416387 286.924037393323 287.079386558388 286.70333599755 286.50092764141 286.860658534147 286.92607470691 286.516308332533
290.13075660083 290.11580072895 290.073721758928 290.36061614093 290.144109534721 290.174893435448 290.048724693049 290.294304821158 290.372557273297 289.899053986571
293.19932451955 293.261343986576 293.347833336993 293.247271787576 293.047160862884 293.015828845266 292.884349204522 293.171899025095 293.306625248606 293.023305131551
294.942701602837 294.730146885578 294.956734778553 294.925181426121 294.858757528573 294.618746810632 294.696354592995 294.819665081105 294.932222669094 294.580725405078
294.63783503454 294.752115596869 294.862620288717 294.767678203268 294.839230200067 294.553962503442 294.583964772748 294.648840258716 294.76897102253 294.462833002287
292.513465397043 292.574164924338 292.76207311293 292.510953012516 292.440244366673 292.47439986989 292.551326945021 292.459037785507 292.397906452249 292.290135487262
289.073967954327 289.301620640935 289.404376367939 289.162988562683 288.955061829291 289.005547646678 289.12975389742 289.203546924188 289.177551237615 288.977399906691
284.995529448994 285.046558578353 285.624229170228 285.073666377806 285.143126338035 285.629145402056 285.538872221439 285.467305040195 285.261577894721 285.108678182213
282.449226718401 281.91316881414 282.613744247609 282.242268047283 282.24114311046 282.392680307247 282.471407061941 282.315671558995 282.181508609132 281.843692990253
280.833015320139 280.59712873571 281.282632558655 280.689989606213 280.555326839166 281.071488663446 281.234411568544 281.030547615173 280.644284521252 280.538837129169
281.614437082802 281.32187062871 281.473756592954 281.344521003054 281.709617997848 281.520066564993 281.237593383457 281.23549517285 281.245582543676 280.816761856365
283.816287462054 283.458448529768 283.638390402002 283.448956886293 283.626015998288 283.716269587643 283.48038797867 283.416002759993 283.239661795726 283.119693268263
286.980826023528 286.756186240224 287.132936741874 287.033618464926 286.764105996468 286.914215657176 287.026291339815 286.913730485954 286.669364201435 286.616756746577
290.400925692135 290.439883979834 290.508808141611 290.268534573574 290.290221445076 290.225813944889 290.242221197321 290.329248064236 290.287764037061 290.16489882918
293.225856724764 293.264120199628 293.459702001829 293.141390095226 293.193773602528 293.222473301405 293.171274697912 293.178039139708 293.171795805504 293.02357811711
294.999379084639 295.014493945726 295.164779511701 294.923323975712 295.013418872475 294.926090609903 294.833073853564 294.956062072528 294.823846027623 294.805612737954
295.018260133925 294.719547379543 295.113927084999 294.674932167917 295.072208228105 294.972366093305 294.643681565697 294.870996616795 294.711597237983 294.516996304039
292.836413681299 292.492931103239 292.885427271544 292.500538092281 292.952323030077 292.793573223732 292.514052526815 292.555887782522 292.47272142014 292.484497327121
289.577351372775 289.061417291068 289.526786197219 289.114540475681 289.628984219938 289.373596770417 289.226025511947 289.256929327466 289.174032603752 288.953254634479
285.766345397173 284.94985026016 285.480307961465 285.359001744358 285.628662728355 285.349604469111 285.087374702686 285.191339273624 285.489139569824 285.115687574088
282.776349853517 282.433043052862 282.703878792285 282.100747827365 282.379715171094 282.802918963295 281.972605625817 282.396470691688 282.548165542743 282.39850369847
281.277425026341 281.052786875516 281.201110153396 280.297124819917 281.083669016896 281.646028263942 280.772313280143 280.808244248394 281.173289746564 281.36988741672
281.757013479507 281.25579791231 281.5485020484 281.202394590098 281.389664101143 281.771113906599 281.559206570337 281.340187613354 281.29593695376 281.318147574305
283.813578262602 283.683184065285 283.416120355272 283.348518871936 283.544086423149 283.584186797625 283.628598947144 283.399466580786 283.422617155582 283.55477313431
286.962559059499 287.037973976847 286.74282809989 286.728925427064 287.146947396583 286.979218034132 287.018909568091 286.490730882698 286.898668096698 286.868913332479
290.71414390756 290.48743867229 290.17082672696 290.216566035416 290.726013578914 290.360996534593 290.321007348299 290.238325762342 290.340786044865 290.495378240734
293.77629736323 293.284512979499 293.307358442019 293.150871428482 293.5045192414 293.42427178333 293.16506301972 293.283116706673 293.288012177028 293.440970781697
295.274007241422 295.026402099615 295.078605688206 294.981741761879 295.147829764921 295.055568135378 294.821879182975 294.970053313977 295.064583826172 295.119242009233
295.23841023142 295.046333105107 295.071610035185 294.827851963491 295.008128579072 295.023790217176 294.766714678618 294.823662763605 294.964214959176 294.985238770759
292.935009415541 292.678877560065 292.78637360965 292.513726447422 292.945424844671 292.864469399752 292.715211777081 292.706097763909 292.625517866286 292.934220107725
289.501074880147 289.328762036285 289.2730268603 288.968747172925 289.509743743365 289.436615451785 289.38129323343 289.553951557996 289.394789610702 289.590028342684
285.502671128462 285.796784426528 285.241231452329 285.275966144181 285.214630455687 285.717823648222 285.556197813452 285.426603982603 285.663758368591 285.467272912958
282.447555202778 282.640376892361 282.253753767143 282.085170563383 281.780599156035 282.785461240385 282.548456365326 282.475268555543 282.373440786824 283.125111234205
280.782084522688 281.223861073946 281.068447875233 280.95112146323 280.841095822721 281.330156944409 281.117844810984 280.882716113351 280.917406054003 281.087533514406
281.302442189669 281.915161706145 281.33287979058 281.170164918515 281.175945463722 281.499776833732 281.388038503259 281.490658585328 281.198932816196 281.805282797139
283.691119418684 283.771267481251 283.387996378138 283.572437231533 283.49721392124 283.659260326006 283.94647059197 283.624022720893 283.385489593667 283.989086733961
287.074178106074 287.326829949382 286.968627876828 286.88961954081 286.954326264839 286.970406350069 286.995917811327 286.928004357774 286.730374556299 287.712747004863
290.579226990291 290.748785565122 290.442643774366 290.502580962262 290.453572441255 290.301578904826 290.528481835252 290.419651589798 290.369305973256 290.645137543778
293.409843685018 293.589130413152 293.362672422269 293.512230012169 293.385902113091 293.392114886291 293.51009396633 293.450790693219 293.317161200564 293.586758732354
295.134151131841 295.313155714594 295.028254272178 295.290810391518 295.02279269712 295.18354009381 295.106969492438 295.12484204499 295.097272053938 295.312098037151
294.957287236996 295.176730252776 294.967626015339 295.058400028375 294.818076211951 295.041264558293 295.112330735521 295.00635667542 295.118767741086 295.118407732017
292.808626669387 293.01924321065 292.825017029377 292.845643964204 292.68588858073 292.968800364726 292.945689897133 292.920737417815 292.765610755985 292.931662921195
289.4149900931 289.536900294793 289.43605457044 289.572414255556 289.503532168044 289.603050455333 289.691876982998 289.626569470238 289.378576716241 289.525639582754
285.407159415922 285.756077155579 285.607459682451 285.885131968343 285.662859753443 285.705238955755 285.702973508998 285.619327092429 285.575510318444 285.838800532141
282.420576117909 282.648525552203 282.810476034413 282.641902952312 282.607425997376 282.69596785914 282.881617496239 282.826387804082 282.66786955047 282.48132822162
281.169781233537 281.69809906363 281.287873707202 281.585027047655 281.39830973786 281.49603824122 281.708896892634 281.297946760303 281.325269742157 281.096284152494
281.548252910127 281.832623861683 281.409988983502 281.460868717907 281.326460899989 281.843227939835 281.746908550555 281.470871738651 281.57605889381 281.65343981212
283.954230396199 283.872889153075 283.519249150856 283.87425341887 283.543699534986 283.559153557323 284.04497739949 283.638402935046 283.690615624919 283.729035063022
287.227455042189 287.109353714885 286.883806810403 287.269557414781 286.99471428731 287.272065757505 287.208502754951 287.104506450489 286.996703140074 287.353650295254
290.598589336954 290.482002094924 290.30373218983 290.596459974301 290.436371734836 290.526056983835 290.75320784098 290.449730873511 290.57480322555 290.59813207161
293.481039944383 293.485115404325 293.412278434645 293.325754190984 293.476439047915 293.384647179121 293.686727039258 293.337954312846 293.528277249911 293.601424544654
295.217869071007 295.150763700547 295.163415788334 295.160987068502 295.11054360705 295.166265598502 295.344335271379 295.040637449103 295.248823232467 295.172008747585
295.140916976935 295.150122990763 295.186375040351 295.165663406753 294.902269622155 295.076147603569 295.392373770137 294.820715079033 295.11893619924 294.843419846915
292.958594999777 292.72583303464 292.86303840806 292.946310490548 292.891067100866 292.730092762056 293.26494663086 292.587777520978 292.82649590126 292.649914423986
289.59392771094 289.280470658692 289.610527500617 289.545153766698 289.593129215686 289.421640538134 289.865996076361 289.332988657904 289.390792612702 289.285685851905
285.569701085759 285.181322800202 285.858065031816 285.473944725863 285.589491310233 285.641645786223 285.926284394773 285.479950997195 285.748474874841 285.398540936769
282.269417755008 282.332418101726 282.787996220546 282.167407129552 282.511916945429 282.762784229278 282.782408589043 282.211531072476 282.737837773079 282.601118820686
281.120516055701 281.298531272874 281.771253270051 281.194416952447 280.992804144863 281.269881519351 281.710300597761 280.808312922104 281.029008128301 280.94206154906
281.966788831781 281.813619054808 281.625875198268 282.185406015559 281.58511782458 282.009530612306 281.963177665971 281.845082174424 281.643564711345 281.775921627628
283.855041657677 283.711301368382 284.082944805022 283.611214530298 283.954930066512 283.882480941651 283.954768807848 283.741609316496 283.79271683184 283.773631814009
287.233636691493 287.183542231863 287.057692863196 287.221925443412 286.994769537615 287.470068403534 287.460616513208 287.04082479817 287.434877759277 286.895535544293
290.55786547887 290.528774079721 290.346676929878 290.715056619158 290.370348968637 290.586343050477 290.737382431428 290.328351155395 290.634109306707 290.360274108883
293.551258925725 293.667205551543 293.362309211548 293.659259664351 293.382778538508 293.425958217586 293.512810505344 293.378982562182 293.511282877252 293.285159889378
295.226409116734 295.413395394412 295.137335064839 295.340642741665 295.150399867077 295.297376517765 295.301428697158 295.067333645678 295.135406183483 295.019702341589
295.13850056106 295.178610134822 295.149755301269 295.312115215088 295.211800399684 295.131337100597 295.265951679978 294.789316766482 294.953328125899 294.912180821771
292.965951479425 293.004851662537 293.097554201354 293.226461981272 292.972265393137 292.816501569232 293.110622178335 292.85877219764 292.802126401312 292.814530680563
289.553500540435 289.406214197138 289.503613077074 289.799066408002 289.573117650585 289.57341643078 289.812486654384 289.477226099755 289.546418746243 289.41799944513
285.625804636691 285.777236951365 285.588959940975 285.751282559826 285.709378142887 285.667575488612 285.771866060964 285.635182565056 285.997042987797 285.500328635823
282.610091662936 282.901216775156 282.37129024708 282.075885821436 282.870799684122 282.621268896651 282.558276250881 282.738690731229 283.135992441885 282.860955948861
280.78029893412 281.369127984732 281.100971318966 280.862005249886 281.243117705358 281.556151516611 281.396698509687 281.188270425336 281.165974790824 281.329916818803
281.476508340474 282.062019336972 281.714423766326 281.691303635891 281.928858131357 281.523731403926 282.135394107672 281.160810213699 281.455689058749 282.017563464033
283.857847859609 284.030559335107 283.583281363158 283.695532690808 283.924084406894 283.46356418205 284.138121325 283.536964480871 283.785269225002 284.088183472196
287.224088540491 287.533980134463 287.185722150383 287.123895274344 287.238737871336 287.280769898807 287.352000492383 287.248652302696 287.035005333035 286.96981143287
290.787446903609 290.829776555234 290.676580073191 290.69173592606 290.697606330265 290.673572912451 290.74602212563 290.621781160091 290.666592196076 290.800759220223
293.637751366963 293.677799215308 293.542267833222 293.730632576777 293.662930313236 293.667558415611 293.732628317571 293.487679642139 293.719865743232 293.635457883099
295.292798373438 295.36476961516 295.461653116471 295.396178058034 295.276143809043 295.167039171056 295.437403678608 295.128625265521 295.433678845836 295.362992473436
295.006192690045 295.46256119659 295.351648360801 295.357737553062 295.340020941667 295.146876648932 295.27922836716 294.989156708378 295.290811885177 295.338203009554
292.945669043317 293.097043989876 293.242082562739 293.225256119106 293.036348650337 292.94354221862 293.214479599574 292.833631247468 293.194012912176 293.058167952392
289.534083230716 289.757275013404 289.912607648543 289.695522515362 289.864823623725 289.815266495323 289.944298959918 289.47118292274 289.724240000266 289.67835038341
286.031462663397 286.095791864282 286.271206003306 286.120768389045 285.884980312802 285.564670090261 286.264469172785 285.746248486602 286.004953539254 286.034976556417
282.947436800406 283.261906756262 283.06836640846 283.084844420763 283.058392329297 282.285472380174 282.881025356617 282.381486411922 282.368447769875 282.815552990766
281.098745652296 281.71550439106 281.837439430751 281.777357310203 281.433225023698 281.37204835443 281.65041310562 281.227252010568 281.185401673153 281.346918402366
281.606780917007 282.358244070302 281.987463514519 282.528371701111 281.812859076118 281.56803348793 282.297312625266 281.537685055147 281.792814631702 281.582273156036
283.939991978413 284.041436645165 284.35906591192 284.572776650762 283.379071554637 283.827609401921 284.345091655191 283.734263643846 283.973903984211 283.796561837068
287.131798765098 287.352127197075 287.470408592018 287.503502795505 287.199367256366 287.168777365598 287.393444799061 286.987315546815 287.269106144174 287.127833896164
290.814184954148 290.712606915673 290.654696748102 290.880643255318 290.624545811516 290.656587937094 290.838178585856 290.634779589147 290.536468591472 290.45925982434
293.663728645349 293.73559146971 293.685735167073 293.790779469418 293.563128432862 293.529041167954 293.860165715206 293.670291714336 293.556648400066 293.411376692461
295.423475623417 295.339989141256 295.60648633752 295.534852207074 295.113292174615 295.181514096484 295.435838929622 295.413256095672 295.330536870378 295.214661491759
295.352671616984 295.421071583664 295.332887861402 295.534132190271 295.024864662993 295.138919547856 295.2301065851 295.37939497788 295.308438411156 295.12972778384
293.134005327412 293.292940259285 293.241623620363 293.161305380961 292.987746124751 293.101683155267 293.007853862252 293.291048072017 293.020383308703 292.895726252312
289.735850630805 289.779850328927 290.201661741866 290.013369569213 289.58687789885 289.75218190177 289.601295263495 289.830143789014 289.628532698946 289.655096502897
286.134797036992 285.67788113497 286.257689729609 286.257698994317 285.61950849764 285.756159216838 285.717191291177 286.423645861834 286.119600663896 285.713728709634
283.158879803225 283.399050446765 283.046496171865 283.114698739227 282.588386947353 283.058046651989 282.496446151394 283.152865789035 282.833694475528 282.476727287647
281.111192856359 281.521128344221 281.095504515338 281.651689568882 281.564763266342 281.525728067325 281.613921305434 281.701423248368 281.901298380913 281.150344012866
282.022667992469 282.254159839935 282.097907213929 282.145736271701 281.927936204988 281.814914207419 281.442867498644 282.019759932009 281.518690837462 281.712563280017
284.314338380938 284.346928878193 283.949052842912 284.115307446925 283.908895916427 284.145040609053 283.945608169228 284.327845111967 284.08542543827 283.739299700674
287.584965696511 287.275501135045 287.340017281179 287.591557284335 287.457863619072 287.22813212238 287.305058488863 287.521331690953 287.321819000558 287.275030125324
290.862673051051 290.695415783733 290.86852095053 290.899368544044 290.797985079001 290.804429359347 290.734901590032 290.806319267593 290.599011091948 290.636944426628
293.816340786597 293.753451100209 293.721176166394 293.823186993802 293.798859673794 293.63627981405 293.542120473527 293.826745414921 293.586853818398 293.689716771467
295.468854948572 295.477407263494 295.359910995144 295.608821066021 295.56912421936 295.298252913054 295.35007690728 295.491791422431 295.299685485647 295.408681272321
295.54483835324 295.477157455261 295.360265574742 295.535080184987 295.347412549487 295.199074800714 295.319340775952 295.525169140369 295.315667164117 295.346202081464
293.291824410751 293.211214674944 293.140261520898 293.427840309753 293.276730283599 293.041130159355 293.125184545752 293.359291959555 293.165380675156 293.36050689408
290.122982367015 289.971871853428 289.406036703409 290.049295996618 290.062834548534 289.664240630666 289.646900625191 290.051010998409 289.93207660379 289.940854843344
286.374884902055 286.174390035247 285.908293638392 286.334595069808 285.877149444066 285.691427384951 285.708629020013 286.056916617481 285.885600234682 286.076983849512
282.965116261426 283.297954819997 282.67856665036 283.195017050155 283.008319835724 282.522855434045 282.993441797324 282.680741393408 282.956949995378 282.770275652622
281.913429158241 281.64496082429 281.122406190069 281.540528049438 281.882662923575 281.079955413303 281.295586257753 281.35374920475 281.606542647258 281.559230581554
282.302430647719 281.984573176372 281.923847773784 282.040511378396 282.160644824107 281.554098674282 281.763794245234 281.547735987607 282.245304439516 281.87952959833
284.309670042564 284.010966871019 283.841467456459 284.114080870206 284.139530780204 283.411520914602 283.7661202516 284.049329818353 284.0622486632 284.194252130241
287.356675725377 287.590656772837 287.208544960516 287.579984417288 287.547033904082 287.073304482632 287.198011915545 287.501866005182 287.349388300281 287.355639859826
290.930240090148 290.931533856886 290.73209381685 290.976653181887 290.974526236585 290.804052068361 290.610801402256 290.890978775265 290.734664003848 290.868963570531
293.83765160198 293.781070456335 293.568285952527 294.016179657704 293.761576258511 293.66851553908 293.621146047111 293.851831493817 293.759602340048 293.898391042746
295.569157662763 295.450761607478 295.290225412328 295.691556477731 295.503606177997 295.347218651219 295.328009206164 295.426535842604 295.51243699176 295.751578542195
295.50535121481 295.394695893564 295.243741063274 295.553658701721 295.417070701386 295.258393213989 295.225703340818 295.286447965898 295.333664185763 295.527690871038
293.228437202047 293.157193486505 293.22034763656 293.349320192149 292.963286152729 293.118159494367 292.933986490704 293.198464032299 293.17851816885 293.393368939806
289.87773016457 289.696235767424 289.784560583068 289.741123161515 289.738040747523 290.052146755643 289.829001772261 289.931452138554 290.009431603093 289.901461825658
286.269359980107 286.18045061182 286.114307592834 286.086256848766 285.952242972559 286.265185043537 285.876029568454 286.188985723263 285.991395660772 285.974862547323
283.40069610084 282.905799875678 283.162467284795 282.952866986282 282.74810751782 282.981135165851 282.843575997549 282.947466591595 282.749204876189 282.900400876252
281.862213328213 281.753421668146 281.916836849959 281.403835640485 281.240858547595 282.051783883731 281.731673024976 281.725149292965 281.062467919476 281.90072842747
282.237022677211 281.735060785825 282.088128977354 282.187491408014 282.169343486981 282.351933306903 281.847124828973 281.792299579323 281.611125397348 282.245724766834
284.301266899796 284.033815308776 283.889852394824 284.259471129608 284.208592709187 284.521835073037 284.03665529562 284.165962713373 283.918221695963 284.189233498307
287.596420811262 287.521561661527 287.243626714066 287.145494851177 287.642277550998 287.449392196499 287.204167117979 287.440855322194 287.199059000574 287.385337906857
291.039541400244 290.768818978882 290.747510135042 290.690490850531 290.960607184624 291.093560560583 290.793483080929 290.780771730599 290.678074350181 290.970437766541
293.872093605182 293.859378944892 293.616646193336 293.592222929645 293.801392603277 293.837048200482 293.730875456591 293.759644663279 293.756486873865 293.972332174537
295.623569451639 295.482828108696 295.42038609866 295.407571225166 295.555465795226 295.611864375197 295.465200161902 295.34433014846 295.51584249669 295.653658124767
295.528238245464 295.353531920788 295.374434160478 295.308164668866 295.475131759003 295.644847087469 295.517096371476 295.196368759609 295.358810036972 295.537750475932
293.239005032238 293.168871693093 293.290152992884 293.21365373744 293.342651199037 293.606155991315 293.282883028387 293.150750715078 293.253021457245 293.418059166728
290.079868841798 289.799370736085 290.018470419216 290.140825252227 290.010242752358 290.224370055651 290.117100862839 290.112536556622 289.843499590232 290.054541879691
286.323175174481 286.020275913213 286.256703834306 286.317157326935 286.620069446815 286.480941078647 286.178514395022 286.217936504792 286.272552598247 286.375747229342
282.788171358325 283.292337846257 282.775373612682 283.48289475654 283.238331336562 283.551826633162 283.162107542901 282.991341631942 283.271562094823 283.357539308078
281.901337972275 282.088098716687 281.578681579812 281.944773953639 281.745020089046 282.086176709799 282.080454219936 281.527060283804 281.805979099621 282.061473752533
282.286911738442 282.223265255939 282.087264136776 282.375185888851 282.283297327876 282.456431913203 282.302308782574 282.03005810697 282.020872701268 281.844891084732
284.116003125496 283.940381851588 283.922045330501 284.498825160739 284.164780175803 284.454307676539 284.508007499976 284.091212186759 284.301704224109 284.167993899265
287.585961960736 287.45546415287 287.276068820182 287.565535288504 287.494490623276 287.552905903538 287.398959950182 287.221259567548 287.405075826469 287.640969658563
290.786527045653 290.95001132076 290.686708218028 291.094881650802 290.965781426124 291.017296506062 290.998876566327 290.840968709292 290.844418008791 291.081771123124
293.730212156679 293.800434744445 293.596856463394 293.970930881545 293.870993899603 293.933197198185 293.834093753071 293.615708304281 293.836738316274 294.011148829054
295.403358362013 295.561191926104 295.384416457285 295.481288854948 295.760783397362 295.587561214629 295.663049149107 295.274451766186 295.525216917176 295.761178932912
295.485316737063 295.469482313703 295.282489573174 295.434985283879 295.552995282049 295.563320000505 295.602517143416 295.241706642977 295.363849435418 295.600873447715
293.234159463124 293.424758250317 293.142663771638 293.271777697167 293.458615041047 293.305478478414 293.554662175884 293.091574342609 293.234409369895 293.311186255402
290.025458913547 290.038975621345 289.854538011932 290.063035104734 290.241153323323 290.260915083959 290.078650650555 289.889490093263 289.711157504428 290.215442004909
286.117116715602 286.172472142438 286.207562999858 286.502745035203 286.547465767133 286.315566054647 286.350848821032 286.07263011041 285.933029187569 286.394295384168
283.632746661934 283.424765361093 283.171461322518 282.900935451249 283.592936887089 283.100285124091 283.258577920187 283.248251822112 282.752261169693 283.253354381346
282.176467305258 282.217638959303 281.5969252167 281.6308150909 281.870026572193 281.9918571023 281.645405193677 281.083263072057 281.531912683104 281.770947033039
281.997491039844 282.622361845252 281.961811737835 282.208919079289 282.262296091206 282.149572399377 282.316995748975 281.312529955109 282.086135644999 282.30026771516
284.184759057738 284.157260803817 284.243558669247 284.300819459511 283.784249706943 284.65539276258 284.212904766944 284.113780069948 284.338453414735 284.497069691431
287.596198687483 287.521897624023 287.426457704463 287.680973548609 287.363586243286 287.596651997198 287.744984850874 287.641176526331 287.539835817162 287.785410170579
290.901195919965 290.968866165028 290.8916922292 291.051610586879 290.788351223804 291.140762853885 291.012793772583 290.836039715206 290.830579766643 290.958488197895
293.871227870971 293.885449219639 293.753333263973 294.003643970693 293.862049391921 293.816549048365 294.053977314014 293.812292251627 293.802876168233 293.751284780234
295.662263307994 295.592534365517 295.586008854515 295.586710729749 295.577293604804 295.613075738732 295.584058342435 295.45366465324 295.50499182552 295.571696974922
295.547654024491 295.550638973618 295.378284787439 295.515242340042 295.389941352164 295.578291341961 295.58357908687 295.279553812344 295.372978024017 295.551912758352
293.371586673987 293.561555778857 293.218157262383 293.331425137986 293.308605621964 293.292270228679 293.332960783016 293.416043599473 293.108263014871 293.566522185189
290.09111735 290.215074873473 289.925160904511 290.309578155409 290.244667122061 290.129003819292 290.066198226196 289.953444717381 289.581038790928 290.043187599794
286.217858173649 286.734019776481 286.262371742985 286.477038328985 286.591198229133 286.24668392315 286.288305752461 285.92809605392 285.891820132156 286.608735432961
