280.691101986589 280.926163122363 280.29474721963 281.09553860341 280.582740979151 280.885608924947 280.525019493132 280.38910705522 280.784776185497 280.802820159992
280.914493734896 281.164954611217 281.046342131206 281.221558520189 280.836315903592 281.324171774971 281.17572173767 280.685148739921 281.289187881568 281.486746288472
283.413887668457 283.189972348471 283.210657131768 283.380732154289 283.149651705688 283.095737576751 283.134050802723 283.032163850941 283.297833488039 283.48188371882
286.715752020481 286.847868240532 286.740386464014 286.571949391674 286.462730972406 286.6462440351 286.402000084493 286.446281604342 286.739483645203 286.812872701098
290.358391327231 290.432739136725 290.275210941059 290.158916905025 290.362185655758 290.328100289817 290.270937146467 290.049465172953 290.428259481886 290.452542060756
293.634533132522 293.712159106694 293.642871993337 293.56233084026 293.601850775103 293.63939316243 293.420463396577 293.446811982029 293.661999268729 293.594765887908
295.348507690767 295.504181095994 295.406653943979 295.247261987782 295.437529474424 295.331446233674 295.303251530152 295.206801370481 295.515046703242 295.274172806148
295.132714291185 295.271127348825 295.23134816885 295.06929830647 295.203526947444 295.128551929996 295.02372384036 295.071172786601 295.31712736621 295.14838732125
292.862438880282 293.067315462641 292.902637454162 292.891304336509 292.885983495086 292.925325662379 292.76219098616 292.833516147693 293.156472712195 292.80873960719
289.444800949017 289.800679827364 289.500528496857 289.518709455166 289.448977694838 289.643588301497 289.419218864629 289.582985519029 289.817142965673 289.545059684194
285.281304761714 285.571859919134 285.651151631914 285.75856148654 285.488341353932 285.651931219323 285.517009223197 285.525826645045 286.116756630861 285.621803339698
282.124071440167 282.366186598938 282.524136891657 282.254880184121 282.367910688653 282.39802313471 282.537461626181 282.438760268975 282.925689618273 282.368294373753
280.468631807827 280.721842598972 280.586888709549 280.765890734012 280.705095321561 280.777074031146 281.022719784478 280.950799693848 281.47653609771 280.576084394329
281.217345102116 281.578021606707 280.481942528616 281.00681643678 281.562422607138 281.424374286152 281.314114595892 281.086499978223 281.513841912024 280.877525489347
283.740109246949 283.555513458126 282.556625781425 282.932982385012 283.386958620847 283.78267093095 283.49286882206 283.417629192895 283.796275703144 283.058364855082
286.719164635623 286.750925582053 286.356261102519 286.570152025261 286.536685944963 286.686593620372 286.739313461093 286.620594115264 286.983055789105 286.779047336167
290.244504057893 290.547855749413 290.091215922083 290.256642302369 290.131083247864 290.326997193726 290.35144470889 290.367546819149 290.611755279536 290.350308229928
293.619959091023 293.852634116142 293.341295757462 293.594983181968 293.428452198163 293.513129398121 293.682283576063 293.564106252289 293.853039526705 293.476692889513
295.564664705177 295.634667131942 295.145872303281 295.429702715057 295.249757829776 295.217136959432 295.440308583954 295.26255045083 295.486568750011 295.329402615786
295.410305967388 295.274067325426 294.878860845717 295.172573575313 294.997169493227 295.018926616818 295.210624091496 295.038580537514 295.08136925808 295.225829868407
293.244593243203 293.096167691924 292.551234671353 292.910108455344 292.767127442536 292.904407690244 292.937734472572 292.755613278851 293.013097252998 292.989267292921
289.766833825722 289.870540994069 289.165939123257 289.580468571063 289.312470736847 289.350173335777 289.492961090526 289.208620692356 289.670823804282 289.524491027193
285.740154206914 285.840988703553 284.835782743652 285.719467988478 285.390663491982 285.372886296649 285.391748990317 285.067056213479 285.52304406541 285.541520348229
282.460227970206 282.28674766094 281.526291361578 282.234699318203 282.311041610904 282.079824293941 282.254690476357 281.838602467656 282.642794130496 282.469809298987
280.685287366312 280.971674103256 280.162775064303 280.83598216997 280.586396743093 280.459498657093 280.372111387557 280.127547206178 280.845803979575 281.062512305735
280.989377341581 281.415304373735 280.624228792255 281.175348265143 281.179905861272 281.13820538759 281.07367677703 280.792432577685 281.180021569565 281.119534746479
283.295966102898 283.554659595313 282.70485593133 283.419135467666 283.399909267527 283.600593215457 283.337522847714 283.208940117254 283.358430963111 283.579502971427
287.27521050911 287.107081382776 286.328589399252 286.97983531112 286.939458024737 286.699934442882 286.856606828249 286.491322017705 286.638971541091 286.81835943217
290.726564564257 290.473335863027 290.150662165274 290.403750411368 290.465545514474 290.312356668233 290.438488694912 290.130099717221 290.275924535513 290.437945293331
293.861138668611 293.739178429895 293.381817521255 293.576147466699 293.528389067076 293.607395917797 293.832901093736 293.361652165305 293.56753420911 293.619869318155
295.508309603134 295.637260373956 295.198630713582 295.384238420759 295.363212665716 295.379067836627 295.492509250635 295.297245658858 295.431849000825 295.396412696328
295.332673216825 295.335560703371 294.997100236213 295.177430742507 295.256410310537 295.088861555601 295.22343724913 294.973465566132 295.294683076307 295.252378631101
292.979685287307 293.10827077956 292.796047590206 292.970873476317 293.051340698335 292.872238371255 293.146438007138 292.898530819403 293.113482178838 292.931633107493
289.488748816815 289.661199383062 289.212568907117 289.781545617931 289.805218498888 289.5101486719 289.830601881481 289.467732908571 289.716926776205 289.549278038562
285.456327127335 285.75244826607 285.307431548759 285.729166906415 285.823935007806 285.735956508321 285.683068188947 285.369442652821 285.651252478079 285.706820990164
282.004970372839 282.530785006885 282.192874239238 282.653793382759 282.420398051005 282.602481101799 282.066524677136 281.978401900851 282.521260781932 282.368646276351
280.48537313408 280.959454233339 280.518984321172 281.207888213287 281.037042129322 280.751484554155 280.302674824086 280.462511829294 280.954390451705 280.736854446474
280.762256567637 281.702419856846 281.354895728112 281.437981763663 281.517198567959 281.443609261716 280.960642532294 281.257072352243 281.56906654656 281.744086556925
283.203849334605 284.098343199815 283.280060159497 283.631020082414 283.430492349774 283.611549654937 283.019830910266 283.382977995289 283.358700969165 283.486057455244
286.662947946062 287.038286978015 286.43547475577 286.860633854271 286.77634569325 286.591047203629 286.542329927998 286.669313195222 286.460441823196 286.645752294804
290.25824582777 290.568445889263 290.062133681629 290.477659231086 290.385712832155 290.295329971474 290.279139793582 290.384106226815 290.293391362465 290.416516277164
293.291486003815 293.71996057828 293.41860975881 293.758583332423 293.591329579362 293.63575139751 293.413752397528 293.62119393839 293.620854265028 293.833950703637
295.281797259928 295.526688122032 295.408495200112 295.44187419079 295.451303641507 295.322567521813 295.346126941658 295.405421511255 295.43622329126 295.559945791285
295.056878639175 295.393899252319 295.115688618254 295.194728752604 295.187940449394 295.122833266515 295.204132020613 295.074842589861 295.099314857574 295.315413743458
292.808441727655 293.306962826826 292.802610830202 293.066672572781 292.94730973931 292.940112970831 292.90383167425 292.780358778352 292.886620111897 293.112063873463
289.314909896589 290.071056347602 289.488031327508 289.600823359773 289.680989038176 289.455144375831 289.445780765765 289.140861349838 289.6491192212 290.006658848183
285.506588736688 286.10788569185 285.465378217865 285.456435674802 285.483986367279 285.486207686348 285.517421001771 284.99921818112 285.82594418316 286.126940474072
282.227034476839 282.413404529004 282.10711055396 282.475821009011 282.094584292016 281.983505577183 282.372420779655 282.037030722062 282.190256095642 282.71603195299
280.447253801217 280.774733966944 280.744776862543 280.812209621481 280.259979868872 280.905639538998 280.900603152046 280.722607239294 280.700202813515 281.400847738656
281.156961001951 281.324698046177 281.337505440411 281.005863083658 280.482920366594 281.44786386413 281.042885604612 281.180611491622 281.141698916783 281.534678526117
283.257850027098 283.588719671163 283.642391556233 283.524552193005 282.82165542197 283.649100237946 282.877584989964 283.040203880197 283.130202077284 283.797498322507
286.492037085453 286.712834840564 286.86413726337 286.741882241946 286.405464909711 287.196505928364 286.632446557664 286.576887190299 286.424781247373 286.606560354133
290.231404812427 290.666957236282 290.21812916522 290.325973420496 290.081643051804 290.754596701733 290.293424049406 290.216983958622 290.342957097926 290.386972228834
293.597426352058 293.754366780527 293.514810513974 293.607777877937 293.335193052301 293.643971622517 293.589364832741 293.296387463388 293.620892374984 293.737321066556
295.472186266404 295.677712656163 295.251796760607 295.498355326968 295.221666982093 295.583358708715 295.336474708113 295.294379940669 295.370188883059 295.642835036697
295.172208229107 295.3766683927 294.9036812473 295.186491716871 294.963709666944 295.295645009918 295.12658166786 295.215566413693 295.28596440667 295.307380276617
293.171368380918 293.206948544966 292.781793139036 293.094028484562 292.717548866238 293.099383165685 292.806092346316 292.837559857967 293.080500358688 293.145342801151
289.71049662013 289.767087838116 289.428284794354 289.463553769738 289.382555811508 289.71574295714 289.298458549091 289.45041634476 289.55117689944 289.722039989765
285.452664360021 285.631348739072 285.299642818792 285.49639796796 285.101250200238 285.77028745804 285.172365803735 285.517479490745 285.461491402004 285.747964613076
282.456918213399 282.362345028986 282.007803890963 282.415296222415 282.119577781471 282.580508981259 281.869731428188 282.489157978043 282.211339152752 282.602417414523
281.073733404131 280.684905477385 280.289883523044 281.176317935599 280.532868287998 280.542959084688 280.890877094185 281.240303036342 280.586184946169 281.183775083794
281.150246733006 281.231637072552 281.082867925215 281.58442926819 280.966540901557 281.280013847494 280.660627981274 281.61903618462 281.111839681764 281.914112836147
283.35248486299 283.615700991595 283.07878903196 283.29739282781 283.428514966768 283.363805214194 283.078700166752 283.507118780074 283.496121413862 283.490563455116
286.428485580335 286.890532947245 286.323309102557 286.684938266443 286.727243222875 286.735018166627 286.641449148344 286.997483166739 286.688924059627 286.635778494015
290.2080892125 290.601119275359 290.013839860422 290.447156861091 290.285585850537 290.356017865609 290.139734011412 290.428687854049 290.50091235424 290.308412053258
293.417759524503 293.587339371511 293.325570052834 293.815042311029 293.686332041781 293.604466120149 293.404994675823 293.57917106995 293.797108135387 293.440557156561
295.213484570665 295.431776157526 295.099316051481 295.533725732725 295.299553498665 295.561306150487 295.186343575452 295.460626829164 295.402019018891 295.267509448037
295.025618843093 295.240355440013 295.00105095442 295.169333782449 295.012406113478 295.234716311948 295.061196515883 295.277901042028 295.2442681298 295.262738448795
292.895791745356 293.089873051965 292.870917355692 292.960131255458 292.950202151741 292.92930424025 292.776080731218 292.929747795222 292.964014960786 293.108882600528
289.504669164798 289.711109594964 289.341559147437 289.665063633649 289.466360040917 289.485336191191 289.484364071526 289.572447059808 289.564131812817 289.440877429937
285.412998156235 285.845873132539 285.4278817777 285.853763232797 285.335885943949 285.570207514755 285.597469529703 285.588087080524 285.361434662453 285.126733945669
282.080722962044 282.653239384696 282.488027245632 282.633554025163 282.020525710172 282.411783693726 281.991434630094 282.309160153239 282.285535887081 281.762464477935
280.90813221085 281.125682679072 280.805748597256 281.054734561308 280.75152134828 280.492897565101 280.616241545331 280.913891494804 280.454217704084 280.684294537437
281.076535955284 281.402994752946 281.034033080365 281.37142924351 281.098040901145 281.143390403851 281.052294412927 281.123421812813 281.03777667806 280.923832125389
283.422901484829 283.790024921671 283.483941536217 283.474504390195 283.391188385403 283.194713274732 283.254387474466 283.100381221574 283.113110782904 283.436822054621
286.77850789052 286.838515178512 286.536084994164 286.831454194163 286.848965455581 286.763626709754 286.959152232973 286.411570569286 286.163592207335 286.630095880682
290.313509462128 290.49520572339 290.27321139364 290.345437935446 290.639184032201 290.340274771784 290.320270749581 290.2692037288 290.200072390299 290.142007890108
293.59728915078 293.815050242405 293.501803543441 293.622071911197 293.732395641625 293.417304818272 293.642207290141 293.748922586136 293.493042875332 293.362194026845
295.502866698913 295.429507674436 295.249008197314 295.476654930645 295.44123305465 295.237032690273 295.283626790485 295.384510707542 295.305929806027 295.246544443373
295.302243344089 295.363757446353 295.099336683029 295.140715222934 295.178941041297 294.960851246411 295.111857106261 295.279804324497 295.163493586668 295.070027094931
293.153861381563 293.090910618237 292.809571235093 292.90838347268 292.858364927307 292.700637804498 292.974927627125 292.986651971496 292.944099268135 292.807237102745
289.760311492994 289.960525739975 289.425815437864 289.451525952121 289.412064951798 289.264984063014 289.508357857061 289.792739996805 289.615935072239 289.287344556738
285.927462946231 285.690145253708 285.415847076178 285.510264701143 285.628778183622 285.264989348953 285.944042653104 285.762527236924 285.741846462568 285.045559143836
282.602215541966 282.305648989827 282.276548498724 282.421481571123 282.638726314094 281.813496138154 282.473641545743 282.287677910842 282.709138687908 281.652780414585
280.949107726286 280.615572598239 280.770860323202 280.839169712694 280.209953813498 280.240304664853 280.790332532523 280.572123426569 281.345939281628 280.487962218801
281.193341990146 281.187143780643 281.279286894537 281.499109120297 280.737391079747 280.297273590228 280.842901517575 280.831647817771 281.11098121935 280.902854485371
283.395337019547 283.702368574932 283.553992633984 283.601774228819 283.652380339027 282.874574303749 283.273002262516 283.125901868937 283.565572875887 282.986032902459
286.840242697762 286.722584529745 286.674034415225 286.780050015959 286.717898272516 286.122001973684 286.505318979881 286.410557439214 286.715736622135 286.323516400873
290.492136988378 290.49173575719 290.16822277515 290.14676902268 290.352542552435 289.868240872493 290.298646812053 290.182110110445 290.484300700132 290.315914592643
293.535663004182 293.730359006562 293.5208386419 293.410133697628 293.681424556227 293.127459258936 293.510498699806 293.356139589098 293.61336378976 293.41492896441
295.348035977776 295.218505089286 295.380331542748 295.354805828193 295.456275504632 294.914386200351 295.212250599491 295.451917858573 295.321367692859 295.190759695096
295.163949893732 294.992421493238 295.211354459507 295.058524722214 295.207601599686 294.737708033781 294.964104099867 295.137048939623 295.07763405861 294.911955882453
292.956991120362 292.963945501325 293.015428362912 292.941989647564 293.01875797878 292.40389117919 292.782899268932 292.823507937708 292.922281467762 292.68524908632
289.390316248535 289.56421948725 289.446107570571 289.49135846026 289.602403189345 288.981692932343 289.587350151062 289.280892288807 289.477500641116 289.399870425434
285.355461508258 285.597858163514 285.527688250615 285.445604360599 285.595930307486 285.061599957039 285.780281175333 285.528739739404 285.087251185502 285.341331345207
282.379348962262 282.09939875794 281.851876903576 281.951122968386 282.352946687487 281.908562427932 282.398978087202 282.208762643788 282.104173809601 281.875298663501
280.526882502773 280.627612147457 280.991255915022 280.291329262529 280.915575646352 279.972655200828 280.524048854411 280.348370635379 280.399080019934 280.621188406608
280.917035751512 281.253515405942 281.114911430414 280.851670192548 281.52257068904 280.719007108515 281.156581433015 280.730141700787 281.262769407217 281.215442610328
283.273861519781 283.408396014925 283.280039762904 283.010805320066 283.784342420667 282.778754059244 283.213319932423 283.205523519306 282.876790310915 283.469491318202
286.446571742884 286.489624222264 286.545591497316 286.659700602667 286.962071474255 286.177440092001 286.346513470011 286.566185802214 286.344216182034 286.754245938877
290.22229828408 290.183148852778 290.328424735158 290.196029601394 290.571569205769 289.84937734932 290.159883976035 290.222659563449 290.293316838421 290.383669278515
293.577134072371 293.335037049889 293.626921588029 293.608877037213 293.649618292395 293.162667847381 293.44639928591 293.489638575263 293.542879803033 293.71099503449
295.445475118325 295.125067839426 295.482812874938 295.33341598193 295.306870309511 295.115113413768 295.409156157214 295.408772401947 295.42339385835 295.337507815604
295.162951602203 295.154558752454 295.257889092837 295.119615485937 295.063824920277 294.873312255469 295.051494611597 295.238750718224 295.251193056429 295.131317404847
292.972952033185 292.712273171335 292.993478865067 293.042652571329 292.790236236665 292.759260178157 292.753883368199 293.087371304702 293.069807945846 292.927109829227
289.698446518283 289.497783437857 289.813862200384 289.573670910938 289.436638904517 289.21912554045 289.269622776036 289.778759188102 289.633449194009 289.425442344739
285.365046569677 285.561961233551 285.535665465934 285.588004035771 285.395243759632 285.263356424251 285.543848077924 285.712254853901 285.555838791774 285.543649060178
282.068811008014 282.634244595584 282.385247097517 282.363869622604 282.315790942792 282.011428097613 282.206070269795 282.277061977237 282.114864551291 282.164651721002
280.946314679207 281.179827182861 280.661739766135 280.713287703143 280.796808458563 280.526866180862 280.724792144769 280.962922168982 280.963949426926 280.783179297158
280.879654398459 281.214467270924 281.383102550343 281.392827203943 281.522501507129 281.182098296156 280.885919002148 281.060340586035 281.301709302245 280.895509660504
283.328893252793 283.384940581489 283.407741357582 283.326233527973 283.601740663141 283.059306653604 283.313703653666 283.230308384941 283.402777851053 282.788920724278
286.515019993767 286.551499656681 286.850550548414 286.813717902576 286.618299121528 286.697151473547 286.386400319482 286.957636717236 286.790082291238 286.393238491676
290.099034832965 290.280065555245 290.616375737648 290.52159389811 290.246320110994 290.12529393951 289.902892160136 290.577215891521 290.359891263323 290.149861621584
293.474426630856 293.584523345935 293.788802332381 293.70433074848 293.670954589473 293.442430528886 293.382388129807 293.722348330954 293.672045094203 293.405803727392
295.343264127016 295.274718277761 295.602476418943 295.412437981996 295.505856155426 295.255003490811 295.244870962078 295.472962872563 295.418062709687 295.235582439981
295.009363174873 295.072688433208 295.229329430582 295.07198776715 295.307021445377 295.110611939911 294.924082768972 295.347917074904 295.154814033434 295.100980375386
292.850271440453 292.915291110984 293.029255465575 292.915696454934 292.994698121139 292.866951752487 292.762416207761 292.964911494551 293.127986681508 292.813084557893
289.374828686479 289.310383543699 289.46689275808 289.672848797899 289.740290794021 289.281379247105 289.516678619191 289.81021909315 289.51280295215 289.32530765227
285.359313369202 285.319393947546 285.476209018319 285.694629089962 285.405309702107 285.387192066387 285.408548733167 285.545915105245 285.338987607219 285.235543201361
282.259718631248 282.308677873287 282.224263193111 282.497607509593 282.21422703488 282.184716589208 281.890351254079 282.333389371422 281.945688906197 282.261086588071
280.338425356876 280.678703848689 280.455283339382 280.949105054751 280.316027610801 280.276707739898 280.507465759765 280.879550510814 280.216554576622 280.374770081387
280.708644407391 281.033785860512 280.645469250506 281.089779520972 281.226469416263 280.870194799854 281.169705500178 280.927701766802 281.079287213896 281.217176615397
283.39968413911 283.506764901129 283.276918255454 283.100771010077 283.327016162739 283.035422635191 283.581239770788 283.426522140738 283.301485029745 283.03414539588
286.74167372268 286.755912875869 286.65776457103 286.438250495392 286.888353610984 286.46095701525 286.614677964044 286.986835102672 286.800349239575 286.678687378697
290.357701867022 290.411718081364 290.488789690343 290.241279305139 290.465828515584 290.231046892125 290.308997981148 290.784687562469 290.410435291278 290.346440262791
293.627798789566 293.590949368242 293.5711569641 293.490647375367 293.688861961701 293.557706198967 293.523056925429 294.0192586265 293.514390034015 293.456502385167
295.367839415402 295.428081062755 295.413204384871 295.251939347695 295.540521664979 295.312618640527 295.32624617927 295.643559085525 295.2725771407 295.252509879986
295.231486567478 295.21080786721 295.181338726944 295.15365545014 295.159545103544 295.099809582999 295.134890421117 295.334802891662 295.162146702309 295.056077581519
293.028104983217 293.10330948123 292.930152905754 292.880566954861 293.020119266654 292.825395204806 292.978630065624 293.05252262832 292.972993477166 292.743909911606
289.7104031643 289.411227583174 289.565935975796 289.683779291759 289.617522910672 289.31108932539 289.401846138682 289.536400207808 289.49772271498 289.509904667079
285.51118222343 285.209844075154 285.493182929776 285.668016470301 285.764771232258 285.261268946619 285.579612207178 285.491963489934 285.754534446968 285.816355982963
282.02279343693 281.955557645774 282.277515649844 282.57087199558 282.548602581619 282.118565496325 282.092408426498 282.307631874046 282.19495455904 282.468325996659
280.592967621654 280.891260498794 281.20495829498 281.03377319416 280.95967297306 280.493900259452 280.398005954218 281.079559789526 280.871621310255 280.532615381844
281.084639151836 281.437229666792 281.635205363599 281.137035623371 281.032119613177 281.171376503728 280.72777723239 281.670322567834 281.405008084852 281.241716906551
283.315722321833 283.477091660986 283.65681943525 283.349818220555 283.185142130637 283.418193603899 282.990206073285 283.801843919215 283.140335737589 283.18613173136
286.571575474085 286.962408483956 286.623047590459 286.407420153496 286.603288991518 286.779633823412 286.743771169494 286.915096135376 286.598605912789 286.591542057671
290.156185853719 290.407088114584 290.4335291131 290.346631850331 290.294085197744 290.265565888991 290.403043325933 290.418300296489 290.483544159017 290.4727857017
293.469187113499 293.753096212768 293.694672315378 293.576562571569 293.488282815914 293.559673328914 293.623126124451 293.67040501423 293.463887198395 293.663064270535
295.449220529508 295.471755763762 295.516077605259 295.349310911598 295.344370761297 295.3845378798 295.470502384344 295.614407932826 295.344522118826 295.25810056749
295.028728835857 295.244307781292 295.320862568156 295.085345232915 294.933838617753 295.261187453293 295.11091192662 295.357709522431 295.241035478101 295.12721270961
292.870486601374 293.117334267907 293.246595382921 292.788153776666 292.684187351419 293.002211669313 292.919132881056 293.276507507315 292.953458701825 292.918242100531
289.401104151127 289.582463258508 289.866938828414 289.405965220534 289.181907361373 289.599831645754 289.125094010977 289.969290026229 289.675008651872 289.64294883374
285.215332519176 285.439474161247 285.804519160536 285.399167765166 285.097484709583 285.526174709211 285.206160311844 286.024168326222 285.56364598393 285.701280424944
281.82159632715 282.40413602836 282.544618461071 282.274568546646 281.729460484942 282.114190298198 282.10301928594 282.865650018318 282.478037058245 282.12932030829
280.256183918005 280.695444774084 281.285245895695 280.624644780184 280.01402897873 280.968669856914 280.539032274203 281.197394495601 280.578604691234 280.519097658754
280.838695193655 281.312598601488 281.273226768905 281.13378966065 280.780680940779 281.11183991774 281.047821778502 281.595419748529 280.470715444104 280.8348040058
283.574476596123 283.68207556504 283.175992741388 283.535866829984 283.28947199808 283.049623529808 283.001161926248 283.550261014208 283.042230801012 283.132552600105
286.849012972711 286.880852208916 286.892981841946 286.790098136757 286.511139230431 286.326287704959 286.360761612488 286.840688126786 286.686196167688 286.54419831725
290.436581352354 290.426000502495 290.414341445171 290.40041249019 290.198037412507 290.015087924868 290.150152527548 290.48300875276 290.413890781285 290.107904899311
293.580366881193 293.475890753574 293.838347726275 293.588302358043 293.565174782255 293.396785776914 293.231667411731 293.726317869592 293.56651923439 293.568566310816
295.306957268725 295.496440093895 295.559021171486 295.396735740179 295.357420447252 295.159563710075 295.133588710077 295.549102578518 295.450097711738 295.363951207078
294.989609178067 295.349600086667 295.20800175776 295.195785058349 294.962283882434 294.923444043061 294.846759128246 295.396221954658 295.22409955989 295.017021583152
292.859469959316 293.142381588053 292.954826716442 292.91983851282 292.775673911735 292.808794837696 292.602755857566 293.129208435102 293.135750671673 292.8198002244
289.358307293561 289.605322563732 289.532600192996 289.403893916691 289.442287376845 289.19683495462 289.304586212513 289.650944416432 289.84631851778 289.360162177948
285.255030408736 285.84850585605 285.325859568215 285.583602773656 285.543481914249 285.192919528048 285.069862534291 285.665830565907 285.796967059847 285.047636683266
281.961281629142 282.409294568081 282.249014862859 282.476490678656 282.239403836884 282.183489736914 281.690920454467 282.206772374296 282.203081854956 281.755720186274
280.906286375599 280.595053730137 280.510694161063 280.705008154362 280.589777207728 280.387201530867 280.658700172154 280.559802410248 280.59351181439 280.614682036942
281.469404600101 280.949023187024 280.552840343008 281.213113770149 280.975055955309 281.185870416638 281.029324943835 280.908997897643 280.754411776016 280.7779409387
283.500025605156 283.687748648929 283.398338062124 283.423124528439 283.187130101403 283.227379069395 283.03168052337 283.299455092951 283.169139021127 282.984392869411
286.895861153378 286.980619196352 286.647787129066 286.545232274793 286.214937049164 286.371846617024 286.106228696113 286.772187264489 286.65483601797 286.3853206463
290.729347124499 290.456055833064 290.301550328119 290.358661609797 290.071183408776 289.917420857516 289.98413061592 290.535257935468 290.47014758104 290.12609889229
293.794559680708 293.665988345463 293.638791053232 293.468465987011 293.409104889023 293.353743154653 293.349980780605 293.751109087486 293.680440893368 293.417505308759
295.456395523352 295.488252615126 295.336918149431 295.271882361998 295.313944940686 295.233227779289 295.341676872442 295.540783281073 295.332012337573 295.35428137566
295.34430414924 295.347445273378 295.119991399711 295.12203881709 295.065456316551 294.990138829094 295.080612266844 295.211909499192 295.111607077993 295.039472954503
293.191223035493 293.006954626072 292.927561626777 292.831119558627 292.708959905517 292.717894876214 292.825225332935 293.068409335784 292.827664300248 292.723464216421
289.764511392035 289.561591848139 289.703991377725 289.174214504328 289.426123674259 289.253325217433 289.272139961559 289.539501728197 289.389355242582 289.113126630572
285.736162458105 285.426380189095 285.749720139867 285.358842427164 285.127943778588 285.447402668639 285.179884012925 285.679649264279 285.331279430391 285.164664986357
282.310289582414 282.06627398121 282.196984595689 282.344564178407 282.045241381597 281.849155375412 282.047712240886 282.198889669217 281.731557265816 281.681069201377
280.438933124032 280.5911374705 281.268936282198 280.626875519336 280.489710300917 280.354757809877 280.460473481434 280.423939899551 280.607023020291 280.017917242446
280.723196532258 280.647233619088 281.358057931082 280.8071702452 280.900941342943 281.00263537841 281.250221140475 280.833980690485 281.097216250452 280.964585721551
282.980809955381 282.881308072671 283.575049841533 283.13486789826 283.360883550072 283.24409917503 282.941754014055 283.092199440389 282.987046769927 282.868914589054
286.460475214984 286.432912576382 286.644479753923 286.65397259668 286.708837565637 287.015916613546 286.387313842917 286.426352278208 286.215028528411 286.560492534616
290.226833311816 290.070430951002 290.335734758496 290.318729304105 290.171545456914 290.364544004811 290.093639607502 290.10501501076 289.904236690915 290.157104387074
293.454088828459 293.344296075904 293.470993637923 293.487865918384 293.511078887069 293.567496433856 293.444810800505 293.305987292157 293.133329135182 293.414021726105
295.374932704178 295.117114392511 295.38394090751 295.311726437783 295.356429458618 295.364692457974 295.381965084166 295.268023850674 295.082532614421 295.244384903772
295.196746700657 294.868392871435 295.22017734728 295.09492998007 295.120619462173 295.190684997603 295.242183404464 295.040249389825 294.928139675656 294.998554033709
292.851596978882 292.641405561827 293.099103232748 292.982508616767 293.07145930468 292.850849554581 292.912593288232 292.681953326851 292.574132445164 292.801398663001
289.251975982189 289.189832210257 289.786228719653 289.521535253171 289.560061322411 289.501859965685 289.439302013655 289.394469393113 289.224014283704 289.269818824635
285.120969185752 285.246823790597 285.680922955036 285.674128381792 285.900514276197 285.702980407301 285.082322995316 285.23322364893 284.946804190747 285.391490167803
282.071729815785 282.059778649766 281.980439825464 282.678463637164 281.990451660489 282.230363860121 282.34963629838 281.939769081063 281.866789974332 282.072279234939
280.392515967735 280.702878304799 280.204974591946 280.95362646196 280.786132397561 280.80072548735 280.637202453706 280.671145051493 280.700310306149 280.662409719145
280.485547620081 281.180639206329 280.667903713823 281.140819168347 281.069197138932 281.338750765687 281.173427186775 281.103157148721 281.327128048467 281.247447179441
282.867159982146 283.206886628422 283.195623803084 283.388571811177 283.531485659998 283.195926421795 283.582606950565 282.832391204788 283.331704655287 283.116328477963
286.325338522043 286.546073971468 286.435041343896 286.690191163832 286.670670444042 286.741199349661 287.027652057444 286.596953178902 286.589056166856 286.820991121181
290.270455809256 290.109101208371 290.337552616715 290.416327651475 290.34147033847 290.477554202478 290.704364325127 290.293557544029 290.257414922265 290.343865465013
293.465846955051 293.357763778059 293.574888852062 293.788291549078 293.595534394482 293.69682544192 293.754715825282 293.364471547899 293.657805233146 293.564804041016
295.266180193915 295.17792767549 295.370188978751 295.527432730053 295.366197741216 295.495171922513 295.664643310758 295.189078064846 295.361555672071 295.445254057032
295.066770814667 295.088373306907 295.054014712546 295.1267705964 295.321853122153 295.127505736244 295.298045834876 295.129011838079 295.152791475683 295.140796739608
292.879841738284 292.973878749424 292.847812156703 292.956258862518 293.054195423842 293.104309470311 293.106110584758 292.878585901031 292.843445193391 293.040634821842
289.589349812974 289.575665011956 289.562638968107 289.421209476845 289.482359006897 289.695336671032 289.710310647692 289.443097235579 289.673753296355 289.431065216685
285.384813684656 285.485735313084 285.257406996099 285.491409051549 285.613210805301 285.69120737007 285.792867401433 285.412209681026 285.502365633486 285.26242545592
281.870288560494 282.284216257396 282.087390311241 281.949692515276 282.332237234214 282.539794643359 282.583011275696 282.31685028941 282.53828091369 281.974743116992
280.408210892047 280.861181299239 280.573624042614 280.614503827949 280.779960104299 280.78796826872 280.685701494354 280.788528170248 280.927472987493 280.621490902265
281.574783098373 281.367565134594 281.468241510017 280.582385664432 281.088507608444 281.431753559783 281.013039954457 281.303236828122 281.281229944876 280.873119169769
283.351276446619 283.141650461936 283.460620844756 283.057772288191 283.568029103617 283.501566258708 282.985206704072 283.245172598554 283.645130712803 283.038606770967
286.654753072625 286.562217973423 286.819948492581 286.570917206484 286.864869385523 287.138237799502 286.651217872433 286.468231976744 286.914815146275 286.828306450504
290.60225302898 290.337829845323 290.410241341519 290.247755649192 290.644657364275 290.604999959149 290.344601689967 290.339681143948 290.524859280394 290.122536446728
293.57117751047 293.527270211511 293.651109819425 293.473134562252 293.700736935987 293.771712765648 293.493282572469 293.449074651072 293.666837076592 293.44213048886
295.535690545542 295.430598796297 295.435310862677 295.333062170738 295.528123772716 295.660685622286 295.22349614223 295.397708743109 295.53314868084 295.262342057307
295.195657126011 295.108274633493 295.278283592592 295.063218510777 295.12442538965 295.414065451521 295.113559559866 295.130729408121 295.313838450887 295.166731539423
293.035955890065 292.875407007425 293.030400141308 292.901695354174 292.982358776615 293.08285208183 292.839069485779 292.932180190913 293.03108663575 292.892339788629
289.527233794145 289.292226194206 289.5370760031 289.269188494771 289.752368182647 289.608399742259 289.468531899969 289.511319379661 289.705530241997 289.538049647141
285.610072648918 285.463749731291 285.688489421672 285.365607120151 285.630069930228 285.586202036603 285.416166291638 285.401827604419 285.666638135125 285.693382075825
282.188981020582 282.066407215626 282.199282667983 282.241789157293 282.279604579115 282.533125830996 282.360817203075 282.0395452677 282.558817413281 282.408702853021
280.543033544312 280.575523064975 280.992554843359 280.431447473026 280.622247934859 281.081391210142 281.032842714715 280.686663592746 280.50726504468 280.999665238804
281.032628637937 280.831622546086 281.420861303868 281.086569421036 281.173438537743 281.238410571588 281.335458464899 281.241138779332 280.852334081775 281.250603754916
283.098851477265 283.152576261335 283.116471178228 283.030083321614 283.299968105789 283.624806533828 283.014950769104 283.623990344655 282.995512999267 283.394478518968
286.544360287781 286.529914945043 286.485099001114 286.184721924716 286.589870625908 286.578169378784 286.478344894826 286.848770819179 286.590730350392 286.571455111797
290.412746231574 290.216273152278 290.394798707035 290.023433265071 290.417122825055 290.29284082108 290.325337265299 290.464228718533 290.245386053872 290.480757667325
293.678754885634 293.423538125198 293.713300501835 293.471616996278 293.44740287129 293.618150771428 293.573241555116 293.594065627212 293.630594514202 293.737532557429
295.390002865296 295.130451598605 295.504891326434 295.205392696501 295.280502817977 295.512309720741 295.375653915 295.398202594807 295.379046823447 295.593454733089
295.119441795184 294.8923764573 295.175300852517 295.00132325258 295.298932754312 295.196154607927 295.124789076321 295.251634725298 295.059372214877 295.312599423402
292.937743913406 292.729090108147 292.785382073587 292.851677979419 293.070263826864 292.956729408016 292.944136936045 293.022483369987 292.969542841841 293.00123804098
289.334853795376 289.138055953354 289.149422232336 289.43877992615 289.718142513041 289.578058551537 289.705688812254 289.775145726971 289.319254677901 289.475608836698
285.37699859002 284.980336185168 285.072043874803 285.352325850003 285.838366208238 285.540769355468 285.808693104693 285.687781873537 285.243622467122 285.202598148509
282.253489348397 281.964056074107 281.672691969953 282.186562150063 282.281752571615 282.319263381781 282.342710367104 282.513368227558 282.050018732886 282.45021016249
280.749480031891 280.275793824008 280.189569829318 280.279918220648 280.670667263578 281.155917546776 280.608712240406 280.880207640046 280.502897763381 280.451911419319
281.372578428352 280.966770807418 280.228560010822 281.240972852135 280.905941378553 281.146846949892 280.748332838617 281.247336445669 281.114506365015 281.173388746708
283.121885700161 283.174927248709 283.003987087369 283.442688592529 283.33156365949 283.620249928216 282.952388970586 283.518883553486 283.068388120117 283.27495434005
286.42935030822 286.400154730355 286.143550149601 286.736287009737 286.712607527646 286.878537901753 286.460441971973 286.805084901925 286.546626095228 286.677578044562
290.068859622665 290.154134497899 289.956820770467 290.308533834384 290.311496614983 290.44945789255 290.445353465411 290.553919912525 290.261289430016 290.145617547572
293.502245898825 293.482955310846 293.387560299446 293.509698737525 293.661045730207 293.665560696403 293.728470438711 293.723590031 293.329733177687 293.621147293605
295.342129889724 295.32907065536 295.200694224176 295.297462547492 295.40893705125 295.426182935722 295.437920628265 295.326690404579 295.288466267816 295.38873040011
295.223823401685 295.085986978024 294.962483701816 295.116160430683 295.125312128184 295.227975873227 295.340810143814 295.245362794677 295.148341661206 294.957109921673
292.923520067498 292.875356298339 292.809769688191 293.026665939276 292.971683430693 293.032281480084 293.087796122932 292.886428791092 292.967748107282 292.728770757007
289.661561615514 289.53353050104 289.37164989414 289.458606976821 289.458469141652 289.618427030042 289.588892876325 289.434582659969 289.452154389439 289.325999344004
285.688730669278 285.721771819058 285.349590141722 285.4281122333 285.22715412903 285.442823380533 285.422636448822 285.512696827827 285.514270121221 285.209380242639
282.258662731113 282.459535596689 282.322459174114 282.381447461944 281.81469439066 282.173133261726 282.153789052442 282.218116792272 282.131551782231 282.119712751757
280.712582451186 280.875789091195 280.69701222182 281.059439345453 280.409817752048 280.540004076138 280.915984330981 280.630553360535 280.845297751919 280.563495489968
281.588504084512 280.912740525704 281.103046049384 281.424744057699 280.893257754099 281.447736304338 280.722108782146 280.852781860576 281.435504844846 280.792043400047
283.44607717777 283.391185939357 282.996598216215 283.340049049189 283.371783810937 283.654320742463 283.243214601944 283.132738818862 283.358452830999 283.072415500808
286.489224673846 286.929608690943 286.551957460473 286.716021261868 286.657156913609 286.780880525773 286.754123034363 286.266720130293 286.699664630435 286.354389727024
290.428710606047 290.428487535329 290.20860313637 290.269824392459 290.325539747397 290.352714131751 290.501940197287 290.029423756274 290.247491725094 290.209723239814
293.659796725928 293.87277258406 293.370438487677 293.451096635298 293.541622700508 293.745213805988 293.470925266083 293.477393487157 293.534703049804 293.5061835096
295.478868593415 295.5315045086 295.206629590687 295.412088411561 295.332644287831 295.380912820231 295.281041372445 295.265106635098 295.322385481673 295.356117411256
295.194209060697 295.269936318416 295.011378842486 295.317019502487 295.119253759137 295.057436178233 294.986029273048 295.012521846103 295.041943494221 295.313490650095
293.081738345298 293.061343282103 292.905425793631 293.106774157746 292.834050961055 292.793977469591 292.831583594282 292.751879581362 292.874361353131 293.080501829834
289.689560761826 289.532128262643 289.364054850702 289.684038113275 289.512510784476 289.470025035083 289.462363289949 289.537248454246 289.330045832577 289.426388986139
285.581666129642 285.694232079296 285.651492808519 285.821960274251 285.49826494311 285.623937786833 285.403550591782 285.46846217724 285.118748754175 285.353179313292
282.472525334417 282.668605246712 282.160928782006 282.650996862119 282.260730709472 282.067473991376 282.261540758084 282.112348782228 282.015340655304 282.246811848568
280.646987602767 281.202978401901 280.318847349218 281.100058352446 280.635529528549 280.857297623224 280.794317958216 280.554524892762 280.238397714834 280.599979357805
281.208404784472 281.410955330341 280.849580675488 281.500043425539 281.141638305516 281.206667374488 281.004977003846 281.410797185433 281.046129305488 281.286564940778
283.504792792564 283.391711958425 283.20403817015 283.594944478794 283.205147856582 283.672767779173 283.393155133096 283.241741662209 283.152913518039 283.19296683655
287.12156933762 286.47471583046 286.543926420878 287.28514508706 286.443396262789 286.799853276408 286.381175310368 286.357457843391 286.528729513127 286.765792062153
290.415570279447 290.386069076575 290.044977317649 290.7237261183 290.287521383649 290.278252544333 290.041700028829 290.134891818075 290.231150142867 290.392815104627
293.735262910833 293.624024970609 293.368033787572 293.877949778044 293.422854578421 293.620365117316 293.118564472607 293.361523354366 293.41984808146 293.613036499557
295.609040855347 295.258333735719 295.099459011303 295.634508734034 295.381053696969 295.426732562286 295.024115570673 295.285217101819 295.316370410654 295.274227975302
295.270525397182 295.021214119213 294.916252699341 295.403079645923 295.166214861686 295.05429090291 294.944387001143 295.073002089184 295.028601796229 295.094516445243
293.002680634658 292.798779183046 292.813960044643 293.161953656599 292.890756436721 292.949749386845 292.712628065813 292.673734735114 292.922486295339 292.604850127393
289.295043634069 289.544685924202 289.21316549096 289.645630500769 289.516056931321 289.624034712846 289.268332563902 289.0590279905 289.370298624993 288.871407143368
285.433184506676 285.318577662506 285.281724880565 285.418840203029 285.024853665943 285.505905139652 285.239497410153 285.077660854375 285.269058986856 285.039120928449
282.309283083011 282.142567574715 281.864190568967 282.052419184725 281.861438722107 282.353362434556 282.12017289222 282.104194590674 282.525684192345 281.558050262555
280.699295686751 280.530108166584 280.470418470368 280.90449718852 280.38441980644 281.156714404316 280.667230779387 280.740758531224 280.694358880807 280.473045125784
281.072664001555 280.652280698738 281.053817460891 281.404191760105 280.758991084961 281.361744332203 281.207257482587 281.237334701012 281.272536382633 280.987144048078
283.347199827989 282.951912024088 283.715548036647 283.242767438177 283.017528173407 283.41996975683 283.146493613281 283.274829766914 283.444056627466 283.072370519764
286.623054968288 286.487933844771 286.583370750275 286.660167376228 286.609097638368 286.761968337881 286.409250851038 286.535288157236 286.715530141474 286.53551884319
290.221896374285 290.384227145489 290.131766674478 290.379898409395 290.149508199296 290.237662305393 290.208925198398 289.917995355871 290.34257763923 289.997786570752
293.591770273928 293.499435227364 293.518044341797 293.497286366004 293.347911317924 293.541734569752 293.475449778548 293.081983638325 293.632971356048 293.294415855239
295.449162927485 295.262764319603 295.386937049687 295.317145062155 295.287285458182 295.482931310712 295.237639822175 295.137938299507 295.387789121544 295.147260071296
295.043012334299 294.883723640482 295.12680916102 295.020008147272 295.010283767406 295.372323077002 295.103294843233 294.771813611769 295.192572595637 294.891093309326
292.797460016963 292.755779041119 292.875324235125 292.865400214346 292.764679556897 293.047275274568 292.771619828948 292.464809846308 293.01283917363 292.588817224843
289.500540580545 289.384640652923 289.398233466442 289.446750530298 289.286441181674 289.750542132604 289.496476334785 289.068136297296 289.904189375306 289.071971634364
285.478040408212 285.616216131771 285.430596797847 285.334173549129 284.783471037339 285.832704333365 285.749381968308 285.139588092337 285.970457450099 284.851880144713
282.367015971861 282.271806629866 282.12037260589 282.392297257248 282.08880492963 282.176651333113 282.080808280701 282.108925629331 282.676336516906 281.756790247594
280.701785516104 280.718082142233 280.502537056547 280.788161340195 280.251067335567 281.017903051999 279.816441551221 280.040364132036 280.989896495223 280.462572670648
281.331586303227 281.05280827578 281.105759930683 281.179337654742 280.350507741464 281.395655599867 280.91189089709 280.483303623745 281.400672974952 281.029514729143
283.168382851299 283.154602169157 283.54788933411 283.427971359359 282.99437759676 283.317871175537 283.345185619148 283.009577761265 283.597173147358 283.331648056959
286.599521982497 286.462292191226 286.596605297525 286.685299358217 286.33978344417 287.043513976799 286.862318831005 286.255373756914 287.070261267321 286.470275261744
290.264043691225 290.228335249906 290.255680188793 290.293601550312 290.010510233602 290.467130183893 290.39630560034 289.826468644816 290.726721791494 290.086590630476
293.477531010311 293.471205342061 293.42763718231 293.492852365476 293.438097118057 293.617220297988 293.545018348105 293.094836909471 293.854700995935 293.443941345916
295.450640108324 295.234187800143 295.433743190129 295.475839635814 295.30924048433 295.396378728591 295.327605931408 294.903107010686 295.629127795093 295.169388130149
295.230041992102 294.864182641111 295.188316887895 295.254889935409 295.09302566523 295.246955910423 295.109777754551 294.769140552071 295.227954663698 295.039461985344
293.160370940737 292.760202465215 292.948991529674 293.023044671488 292.998828428529 292.994617487168 292.907352664755 292.597042951544 292.964130309223 292.762341142077
289.599067006785 289.563912638009 289.625471776847 289.765860560644 289.71033050329 289.512246070364 289.466233155927 289.231493745186 289.727223623402 289.25863182555
285.209961254482 285.303737177254 285.516224379396 285.562069332525 285.544508331931 285.681512797399 285.868035680775 285.493686741493 285.729479121159 285.163995111189
282.405400780493 281.86402499671 282.073152225574 282.576146296758 281.981213300262 282.438639633814 282.635342124694 282.17612603723 282.205820900876 282.006556852091
281.130760452038 280.579549777492 280.679959763746 280.894990552414 280.552359360978 280.624336851896 280.706390137181 280.351529965671 280.79723527512 280.742977690164
281.475900510104 280.992054624802 280.568150859768 281.354874414053 281.246934399538 281.029894649652 281.239610687882 280.356566734123 281.353708266491 281.149069345044
283.120360660635 283.111720720772 282.664989814156 283.573000118762 283.336982553703 283.267417462519 283.480249988377 282.749618084024 283.320750959517 283.257596962362
286.869813292754 286.507224514071 286.201742853951 286.859691597504 286.692497323086 286.708962602472 286.361977858656 286.497726933613 286.597904681826 286.356040428749
290.480201388257 290.046971423965 290.284296393668 290.520749375135 290.424286960256 290.444943476186 290.082723912246 290.289634000121 290.334678515821 290.182529542991
293.698699266545 293.300364784174 293.49275580737 293.760048407578 293.633559099813 293.657103707347 293.488599326034 293.449250145235 293.621478843019 293.586791496818
295.533665996091 295.291278749826 295.419659294488 295.650858861485 295.377544194635 295.411851015165 295.356187760792 295.285028092782 295.368378079301 295.483563710178
295.134113007687 294.95485580546 295.331476866467 295.275098611825 295.094997089818 295.072785607088 295.14528458474 294.948271967037 295.142299594599 295.417931130123
293.013493166394 292.785358608402 293.013785895452 293.194964490169 292.856719743481 292.901911842403 292.910347374706 292.803341933996 292.839274234242 293.210940924845
289.58306997252 289.343651629492 289.763425258896 289.660346439612 289.598555390251 289.233794048477 289.402644823552 289.446380953543 289.140177123289 289.715617799583
285.609952741014 285.209879916767 285.743670177273 285.573793913366 285.765402567663 285.437532082494 285.532622459292 285.571507355546 285.112691966388 285.805393091598
282.443134217607 282.089095130842 282.56181554012 282.266362241077 282.723353422779 282.111316931549 282.017048377035 282.35605345735 282.179891983448 282.695964707255
280.37871804924 280.306141640762 280.989977050629 280.519748289496 281.083721881612 280.83422677902 280.597665661671 280.633057349102 280.897508157855 281.226799452605
280.890416174969 281.007859797679 281.545579063782 280.899939207234 281.223748176168 281.334954466188 280.993301452652 280.686310266768 281.266074736512 281.729527183844
283.398086973935 283.219984892233 283.664932732771 283.378901909838 283.20505436284 283.543636872737 283.135917681845 283.001525822155 283.023662994575 283.550073480729
286.550838544987 286.269278640063 286.955114197026 286.641679381675 286.647114598178 286.830387818789 286.831807216503 286.63434675255 286.265082169294 286.724311290047
290.223395059366 290.154371698349 290.56524228594 290.571828056188 290.374313005873 290.312789266177 290.22386320547 290.275669627408 290.028270368491 290.425690192034
293.500677491043 293.407929379113 293.740492082033 293.812511854701 293.714381413971 293.537469344041 293.439734073724 293.523128368277 293.456475760667 293.49555288132
295.257214374955 295.177953505048 295.534948368927 295.526184354144 295.479842012403 295.465268550698 295.251550268891 295.379763224066 295.220796717658 295.396611823203
295.098732056276 294.957205665045 295.11368061319 295.08372797074 295.252797780942 295.255963868529 294.93785869995 295.241310404888 295.102013465282 295.263664163544
292.640657846497 292.96672800901 293.055879927274 292.977903349406 293.086773265117 293.004786902501 292.784369551409 292.95180027864 292.95640393181 293.027681769576
289.308011332411 289.565300913437 289.534943483574 289.504502703635 289.494261133223 289.666740203562 289.374563959717 289.625834970231 289.666034207585 289.604752493329
285.456760531998 285.50407843714 285.5744394031 285.551677982095 285.413280144492 285.44728701824 285.171582931776 285.366282157056 285.439514914693 285.734334536439
282.154014045049 282.256093346175 282.011951404386 282.556723073237 281.777687604865 282.416615039331 281.748866671935 282.122347630573 282.184000719755 282.427566891708
280.064118941855 280.19895522306 280.289950634042 280.692188832817 280.50481081485 280.890548792953 280.746118509786 281.002505925344 280.597655960808 280.884847897041
280.690051551175 281.025786736616 280.423226393408 281.129142070013 281.048870623716 281.136641647845 280.869852823567 281.267094830962 281.106680305839 281.181364763708
283.283809550648 283.513479462508 282.936815634908 283.101784038373 283.254109215239 283.435831407306 283.048327201783 283.373939451485 283.616767210124 283.336804740284
286.603978272895 286.788526957339 286.569183298177 286.75760569595 286.396400758196 286.703979996399 286.285394570235 286.826101262676 286.504819678663 286.829807830749
290.061023614971 290.325311897984 290.213296908581 290.538824648791 290.38963725951 290.447719890165 290.00045922891 290.476501219306 290.304327386665 290.312859612061
293.16984922673 293.698681261801 293.486345845274 293.728146879781 293.548475908046 293.670408013419 293.316673578909 293.795965410733 293.600545272748 293.49195929979
295.114377279375 295.375130376052 295.25583936609 295.527833019009 295.415158563954 295.41172764363 295.154725676218 295.517013637368 295.502860409723 295.49817886623
294.775308041029 295.071273424475 295.054102047816 295.227878358328 295.165370259114 295.156000743534 295.012780938294 295.326982534905 295.289924436896 295.195392231623
292.522414638382 292.765646511156 292.804298676984 293.030646326344 292.9172150153 292.854623373352 292.698215747507 293.099729562762 292.994579758929 292.971268860226
289.033434882351 289.226167948165 289.550323158645 289.717729109096 289.500177081767 289.555658361917 289.043671397354 289.966887943207 289.668447469507 289.584670297673
284.892366566862 285.134836076438 285.61388440469 285.525340228656 285.653351877024 285.592512721428 285.488664296727 286.065671536285 285.595584684358 285.413249754969
281.996446581175 281.92881516034 282.214752691502 282.339667327971 282.084865825238 282.439015686234 281.871247640006 282.490142201526 282.01527426902 282.457583186871
280.297085561414 280.256404407227 280.538529449153 280.908968227508 280.604645095141 281.106097979678 280.224268137286 280.447031810631 280.660621213381 280.837691683895
280.802838400981 280.682073342893 281.027150071927 280.943213434564 281.101887864486 280.940318302264 280.738350993874 281.443156033486 280.996552925169 281.063593319388
282.946239790678 282.928630891249 283.535922879205 282.982097613105 283.176357806002 283.205656093851 283.110714856344 283.72307449239 283.002087571192 283.131171099054
286.298469533843 286.307341896581 286.651924154585 286.619073291273 286.594927638629 286.892900360702 286.688662178068 287.015977002082 286.506641863323 286.412275591899
290.075161948514 289.975956791658 290.379985441912 290.488254221679 290.299999446922 290.511130750889 290.386659296033 290.520018658548 290.143089789848 290.23676248882
293.291735901937 293.279737260737 293.549346122453 293.570418249812 293.399566005591 293.638921373546 293.446870950968 293.600781183698 293.585454472162 293.427900350056
295.202141241063 295.181233236247 295.368403653414 295.46934005534 295.222613038357 295.272207773288 295.238209709083 295.469292177474 295.269650823181 295.246145478382
294.992049700249 294.94470410391 295.199891495459 295.110796891099 295.126212692631 295.115163627926 295.097283485821 295.236028014975 295.124019327542 295.167774587884
292.870376962567 292.671833949896 292.969709049161 292.928032777257 292.900795869709 292.904926310801 292.818923222348 293.114552346315 292.949376800229 292.902113487926
289.413795329187 289.236486756272 289.705408291086 289.422296380233 289.476314817848 289.571750536872 289.250021660615 289.592163894657 289.570950631145 289.63365041723
285.102194022836 285.083808427183 285.897545687327 285.712335775607 285.356811795298 285.45456557106 285.125330213608 285.663991893667 285.698371980109 285.553925603964
282.103016667742 281.738551306364 282.64000972912 282.383185205981 282.008541286199 282.131124590272 282.104186712714 282.362484782424 281.82857333297 282.273799279237
280.702594938727 280.207476308172 280.812698978344 280.906467061403 280.434216343888 281.292876726241 280.561857105879 280.451773172352 280.590481481525 280.620235716982
281.15192227249 280.838179555151 281.36632930398 281.223365896205 280.993338198146 281.445655748935 280.678278690995 281.443307181026 280.778814801266 280.737644338006
283.43175796337 283.060597756621 283.630361008375 283.268745423828 283.523269069712 283.690577872345 283.017461344522 283.490869112372 282.965609293422 282.712061829379
286.620360956044 286.733641616707 286.960273592177 286.7365066384 286.553735445679 287.008284027795 286.660262840791 286.784598151185 286.48354609659 286.265335285557
290.009556289919 290.192426149028 290.458481808782 290.2256261465 290.052412447256 290.567396222348 290.203724766127 290.371049505439 290.321988526023 289.8842686755
293.303379342013 293.779952879414 293.738661104449 293.516645436004 293.462150225173 293.794359775332 293.455061927802 293.744627765061 293.556929668274 293.165413878414
295.340855331629 295.450644269177 295.407085319696 295.306349231711 295.36791094399 295.462161752462 295.401744820507 295.499120788707 295.354564806273 295.226428308734
295.170803009646 295.116355924617 295.257223932074 295.185963579422 295.057446883137 295.309452720934 295.246586188035 295.229997016435 295.058425243351 294.953327069047
293.039474690804 293.023685402172 293.05251651053 293.091984866628 292.875768390196 292.979633009738 292.837843170219 293.183580382193 292.923502321017 292.741929682917
289.380594810186 289.611066859796 289.643965967337 289.466051055347 289.571298953867 289.624214149172 289.47255236282 289.902004487224 289.75612701923 289.431791565071
285.343389495275 285.530316508494 285.791269868049 285.720080133605 285.402453235334 285.668838606367 285.462641819485 285.719474306162 285.557758583887 285.39100664107
281.875097851626 282.165511855628 282.785458908681 282.684637481298 282.003827396471 282.040360596942 282.113922337704 282.330229880926 282.205270691331 281.56934008058
280.743142831837 280.844985653695 280.886290731494 280.897455050308 280.532342820944 280.539173354194 280.608726771557 281.146235018807 280.479171007372 280.192197461124
281.600271537155 281.542008040813 281.508837472322 281.425858520122 281.012084545106 281.581263612041 281.344573711278 281.220319274652 280.954424578553 280.71544375987
283.643183757396 283.287682199275 283.52278124078 283.392776808695 283.333739264004 283.723895139564 283.202844995957 283.563787646722 282.832537734992 283.076636073396
286.919423038669 286.713430973739 287.053691696222 286.90649631481 287.095074403284 286.772628994433 286.556454007601 286.966965962909 286.503589550655 286.430484395301
290.340997948862 290.3955997349 290.544194873593 290.41694859934 290.715855122615 290.470118514932 290.253653851072 290.646105924496 290.248980461734 290.037518565722
293.650134536101 293.632590253299 293.739037554519 293.747888732724 293.660361109437 293.680433387699 293.579925395649 293.766327320673 293.587613898412 293.336074636482
295.472675229721 295.361141453441 295.422595239037 295.552000390233 295.446353611092 295.397581539836 295.451185209977 295.497569227045 295.278469864777 295.252610743929
295.256961548263 295.153978833302 295.239929771304 295.304532130036 295.249714381084 295.30446063985 295.211284948858 295.293423076932 295.120482617997 294.947606493524
293.079320733326 292.891504524695 293.010291303177 293.172796670213 293.107967817223 292.936153114179 292.988891683131 293.135883200066 292.901798359845 292.739132577087
289.784358737831 289.531592618645 289.678036202731 289.912454376167 289.793630893863 289.549815277575 289.573610025693 289.843734200292 289.556584747691 289.213608308045
285.57449368129 285.666428160514 285.674216035214 285.83161519986 285.823202441732 285.545661734501 285.556247855496 286.153636481337 285.577499459845 285.032337182217
282.349292305056 282.439007021629 282.453067332038 282.280026662401 282.203759889648 282.195393449237 282.474317862869 282.70203436156 282.10505525075 281.712228803654
280.889005145086 280.614837280024 280.83799346734 280.678928220732 280.918504054782 280.729689175889 280.849280752774 281.040038026817 280.631368151305 280.147178418684
281.583568018244 281.616269278276 281.272396809543 281.24755937343 281.123026127213 281.468586718658 281.19061235723 281.483748803527 281.031764492807 281.029675857551
283.533526094479 283.318028409577 283.717713456238 283.681533100335 283.469239084211 283.444261687725 283.325244844966 283.444781402197 283.547286734016 283.120910960625
287.005678106098 286.637553382827 286.913127735493 286.848425580874 286.573303033291 286.809442113602 286.497125744898 286.754582109645 286.566411159549 286.62914073564
290.548635099667 290.236193270616 290.386401854235 290.436440473754 290.195417521683 290.390601116426 290.367338986908 290.423316436662 290.505663696649 290.103527433573
293.658840623207 293.443726781593 293.451786321935 293.595346516415 293.591989352611 293.561587270641 293.628561084467 293.642192397776 293.680025790774 293.447004909233
295.473412049453 295.201622842911 295.338269467592 295.449206237385 295.335597739723 295.423681114184 295.460530208328 295.568299152338 295.45137528339 295.222539523355
295.239793950958 295.038497895146 295.281241811383 295.203292010096 295.181153047458 295.19325093668 295.140895887946 295.362609102073 295.046168799815 294.772843340531
293.132896655951 292.91373249016 293.067882539585 293.056650871892 293.06220867264 293.022321704524 292.811398553042 293.003525201701 292.878081949668 292.510134701149
289.583447810058 289.682817771412 289.757715181162 289.439570226293 289.601839004341 289.529606039467 289.382740682104 289.384905764354 289.561878624006 289.014753046098
285.64685558178 285.716526339954 285.924617653586 285.267374461102 285.772152721532 285.51153326434 285.170867551126 285.436002391255 285.252661243534 285.118232030905
282.467908843662 282.354935813126 282.421060317967 282.267590585582 282.293156251469 282.299421867616 282.154780469158 282.127812695079 282.163054736147 281.949250453392
